0.93697 -0.30463 -0.17114 105.777
0.327746 0.936021 0.128246 443.119
0.121123 -0.176253 0.976865 74.6729
0.93697 -0.30463 -0.17114 105.777
0.327746 0.936021 0.128246 443.119
0.121123 -0.176253 0.976865 74.6729
0.93697 -0.30463 -0.17114 105.777
0.327746 0.936021 0.128246 443.119
0.121123 -0.176253 0.976865 74.6729
0.936987 -0.304618 -0.171064 105.779
0.327698 0.936063 0.128066 443.111
0.121115 -0.176053 0.976901 74.694
0.937044 -0.304579 -0.170825 105.786
0.327546 0.936193 0.127498 443.085
0.121092 -0.175424 0.977017 74.7603
0.937018 -0.304799 -0.170571 105.754
0.327809 0.936003 0.128215 443.115
0.120575 -0.176054 0.976968 74.6482
0.936904 -0.304514 -0.171706 105.743
0.327632 0.936171 0.12744 443.121
0.12194 -0.175655 0.976871 74.7135
0.935811 -0.306048 -0.174905 105.672
0.329461 0.935825 0.125245 443.122
0.12535 -0.17483 0.976587 74.5091
0.935652 -0.305728 -0.176309 105.823
0.329515 0.93568 0.126184 443.017
0.126391 -0.176161 0.976213 74.2053
0.935849 -0.30652 -0.173873 105.762
0.329919 0.935484 0.126584 442.966
0.123855 -0.175827 0.976599 74.2048
0.935626 -0.307451 -0.173429 105.721
0.330511 0.935549 0.124544 443.06
0.12396 -0.173846 0.97694 74.208
0.935646 -0.307299 -0.173589 105.866
0.330378 0.935606 0.124469 443.013
0.124162 -0.173809 0.976921 74.1814
0.93546 -0.307496 -0.174242 105.89
0.330648 0.935555 0.124133 442.942
0.124843 -0.173734 0.976847 74.1557
0.934991 -0.308369 -0.175215 105.745
0.331523 0.935421 0.1228 442.885
0.126032 -0.172905 0.976842 74.301
0.93482 -0.308809 -0.175352 105.802
0.331804 0.935507 0.121378 442.929
0.12656 -0.171649 0.976995 74.3435
0.934645 -0.309383 -0.175273 105.767
0.332394 0.935267 0.121609 442.975
0.126304 -0.171921 0.97698 74.1183
0.934163 -0.310306 -0.176211 105.873
0.333196 0.935266 0.119408 442.889
0.127751 -0.170259 0.977083 74.3531
0.933941 -0.311378 -0.175493 105.87
0.334281 0.934744 0.120458 442.742
0.126533 -0.171165 0.977083 74.1038
0.93361 -0.311741 -0.176606 105.811
0.334595 0.93487 0.118593 442.776
0.128133 -0.169811 0.977111 74.1926
0.933295 -0.31222 -0.177423 105.814
0.335293 0.934547 0.119169 442.707
0.128603 -0.170708 0.976893 74.0139
0.932745 -0.312811 -0.179267 105.897
0.336182 0.934253 0.11897 442.533
0.130266 -0.171235 0.97658 73.9805
0.932548 -0.313734 -0.178675 106.03
0.337035 0.933914 0.119215 442.455
0.129465 -0.171394 0.976659 73.7295
0.932172 -0.314345 -0.179562 106.027
0.337678 0.933801 0.118277 442.466
0.130495 -0.170889 0.97661 73.6286
0.931692 -0.315144 -0.18065 105.875
0.338587 0.933548 0.117671 442.407
0.131562 -0.170799 0.976483 73.6544
0.931456 -0.315603 -0.181064 105.936
0.339068 0.933422 0.117286 442.366
0.131993 -0.17064 0.976453 73.5708
0.930839 -0.317425 -0.181054 105.848
0.340739 0.932955 0.116154 442.321
0.132045 -0.169813 0.97659 73.5249
0.929744 -0.320041 -0.182074 105.836
0.343106 0.932478 0.112975 442.327
0.133623 -0.167509 0.976773 73.6445
0.929383 -0.32108 -0.182085 105.87
0.344044 0.932226 0.112198 442.227
0.13372 -0.16692 0.976861 73.7614
0.928635 -0.321678 -0.184825 105.878
0.345077 0.931877 0.111923 442.297
0.136231 -0.167715 0.976377 73.3722
0.928879 -0.320909 -0.184933 105.888
0.344367 0.932103 0.112228 442.147
0.136362 -0.167931 0.976322 73.6028
0.929089 -0.32076 -0.184138 105.923
0.344213 0.932044 0.113185 442.225
0.13532 -0.168542 0.976362 73.5156
0.928754 -0.320745 -0.185845 105.924
0.344512 0.931918 0.113314 442.297
0.136847 -0.169267 0.976023 73.3861
0.92863 -0.320414 -0.187035 105.941
0.34463 0.931664 0.115034 442.293
0.137395 -0.171282 0.975595 73.2618
0.928215 -0.320164 -0.189505 105.91
0.344957 0.93142 0.116024 442.277
0.139362 -0.173066 0.975001 73.3711
0.928008 -0.320064 -0.190685 105.884
0.345222 0.931187 0.1171 442.25
0.140084 -0.174498 0.974642 73.2985
0.927765 -0.32004 -0.191902 105.94
0.345484 0.931031 0.117563 442.227
0.141042 -0.17537 0.974347 73.3119
0.926954 -0.320105 -0.195677 105.963
0.346626 0.930269 0.120207 442.196
0.143553 -0.179252 0.973273 73.118
0.926569 -0.320014 -0.19764 106.032
0.347365 0.929583 0.123343 442.11
0.144251 -0.182939 0.972484 72.9828
0.925588 -0.320683 -0.20112 105.948
0.348967 0.928743 0.125135 442.145
0.14666 -0.186008 0.971541 73.0392
0.92501 -0.320594 -0.203902 106.035
0.349587 0.928357 0.126262 442.2
0.148815 -0.188075 0.970815 72.8474
0.924774 -0.320724 -0.204767 106.044
0.349949 0.928165 0.126672 442.192
0.149431 -0.188801 0.970579 72.8914
0.924764 -0.320032 -0.20589 106.102
0.349892 0.927813 0.12938 442.013
0.149622 -0.191685 0.969985 72.8179
0.924468 -0.320401 -0.206642 106.1
0.350489 0.927518 0.129879 442.068
0.150051 -0.192495 0.969758 72.7154
0.92447 -0.319564 -0.207928 106.133
0.350235 0.927315 0.131993 442.024
0.150635 -0.194848 0.969197 72.6968
0.924255 -0.318845 -0.209975 106.097
0.35013 0.927171 0.13328 441.995
0.152187 -0.196703 0.96858 72.7222
0.924206 -0.31821 -0.211153 106.162
0.349841 0.927181 0.133964 441.989
0.153148 -0.19768 0.968229 72.7047
0.923987 -0.318042 -0.21236 106.169
0.34986 0.927228 0.133591 441.978
0.154418 -0.197733 0.968017 72.7879
0.923805 -0.318163 -0.212971 106.135
0.350165 0.92706 0.133955 441.92
0.154817 -0.198323 0.967832 72.7651
0.923492 -0.318868 -0.213274 106.183
0.351009 0.926673 0.134421 441.916
0.154773 -0.198998 0.967701 72.4752
0.923222 -0.319339 -0.213738 106.177
0.35168 0.926327 0.135056 441.786
0.154862 -0.199854 0.96751 72.6136
0.922811 -0.319923 -0.214635 106.236
0.35256 0.925894 0.135726 441.776
0.155307 -0.200921 0.967218 72.2624
0.923015 -0.319648 -0.21417 106.254
0.352329 0.925852 0.13661 441.747
0.154623 -0.201551 0.967196 72.1793
0.9226 -0.320372 -0.214875 106.152
0.353344 0.925335 0.137492 441.672
0.154783 -0.202775 0.966915 72.2014
0.921437 -0.321612 -0.21799 106.366
0.355353 0.924466 0.138152 441.575
0.157093 -0.204762 0.966123 72.0124
0.921033 -0.322257 -0.218744 106.309
0.356384 0.923864 0.139522 441.504
0.157127 -0.206461 0.965756 72.0086
0.920916 -0.32262 -0.218699 106.373
0.356747 0.923716 0.139571 441.444
0.156987 -0.206553 0.965759 72.1312
0.920615 -0.323453 -0.21874 106.394
0.357447 0.923579 0.138686 441.438
0.157165 -0.205865 0.965877 72.3007
0.920853 -0.32386 -0.217126 106.471
0.357612 0.92342 0.139315 441.374
0.15538 -0.205935 0.966151 72.103
0.92106 -0.324014 -0.216018 106.536
0.357646 0.923297 0.140046 441.267
0.154072 -0.206249 0.966294 71.908
0.921173 -0.323739 -0.215946 106.617
0.357408 0.923338 0.140378 441.086
0.153945 -0.206493 0.966262 71.7658
0.92133 -0.324128 -0.21469 106.641
0.357534 0.923285 0.140408 441.054
0.15271 -0.206121 0.966537 71.7006
0.921529 -0.323232 -0.215187 106.788
0.356858 0.923435 0.141142 440.92
0.15309 -0.206858 0.966319 71.7233
0.921788 -0.322928 -0.214532 106.847
0.356831 0.923036 0.143794 440.8
0.151586 -0.209099 0.966074 71.2158
0.921813 -0.32285 -0.214545 106.944
0.35638 0.923579 0.141404 440.729
0.152497 -0.206807 0.966424 71.6848
0.921752 -0.322993 -0.214588 107.029
0.356886 0.923036 0.143653 440.662
0.151674 -0.208996 0.966083 71.1379
0.921762 -0.323447 -0.213861 107.01
0.35702 0.923146 0.14261 440.62
0.151299 -0.207805 0.966398 71.2754
0.922213 -0.323456 -0.211896 107.148
0.356888 0.922914 0.144434 440.432
0.148843 -0.208821 0.966561 71.1688
0.922214 -0.322369 -0.213542 107.336
0.356382 0.922882 0.145882 440.356
0.150046 -0.210637 0.96598 70.8515
0.922288 -0.322312 -0.213306 107.293
0.356371 0.922787 0.146507 440.313
0.149615 -0.211138 0.965938 70.8404
0.922391 -0.322458 -0.212641 107.233
0.356476 0.922637 0.14719 440.285
0.148728 -0.211568 0.965981 70.7565
0.92245 -0.322043 -0.213012 107.235
0.35634 0.922484 0.148474 440.241
0.148685 -0.212864 0.965703 70.5888
0.922864 -0.321015 -0.212773 107.299
0.355389 0.922716 0.149314 440.135
0.148397 -0.213414 0.965626 70.5714
0.923123 -0.320145 -0.212959 107.37
0.354639 0.922921 0.149827 440.089
0.148578 -0.213832 0.965505 70.5216
0.923267 -0.319312 -0.213582 107.407
0.353884 0.923273 0.14944 440.022
0.149477 -0.213556 0.965428 70.7689
0.923297 -0.319156 -0.213688 107.384
0.354343 0.922469 0.15327 439.928
0.148203 -0.217232 0.964804 69.9722
0.923466 -0.319194 -0.212898 107.463
0.354185 0.92255 0.15315 439.812
0.147525 -0.216834 0.964997 70.0422
0.923413 -0.320215 -0.211593 107.415
0.35463 0.922686 0.151292 439.829
0.146788 -0.214742 0.965577 70.2778
0.923453 -0.319513 -0.212475 107.419
0.3542 0.922771 0.151779 439.809
0.147571 -0.21542 0.965307 70.2019
0.923549 -0.319598 -0.211932 107.367
0.35423 0.922687 0.152217 439.724
0.146899 -0.215652 0.965357 70.1976
0.923406 -0.319722 -0.212366 107.368
0.354509 0.922517 0.1526 439.675
0.147122 -0.216198 0.965201 70.1329
0.923285 -0.319548 -0.213153 107.471
0.354647 0.922316 0.153486 439.629
0.147549 -0.217306 0.964887 69.9991
0.923426 -0.319702 -0.212309 107.398
0.35464 0.922287 0.153676 439.582
0.146679 -0.217202 0.965043 70.0924
0.923389 -0.319451 -0.212846 107.437
0.354602 0.922202 0.154278 439.554
0.147002 -0.217934 0.964829 69.8739
0.923401 -0.319547 -0.212649 107.472
0.354606 0.922251 0.15397 439.544
0.146915 -0.217583 0.964922 69.9312
0.923426 -0.319762 -0.21222 107.426
0.355013 0.921776 0.155869 439.405
0.145778 -0.219274 0.964711 69.7798
0.923628 -0.31913 -0.212291 107.45
0.354434 0.921958 0.156109 439.321
0.145904 -0.21943 0.964657 69.8729
0.923328 -0.319104 -0.213631 107.453
0.354781 0.921748 0.156558 439.312
0.146955 -0.220347 0.964288 69.7797
0.923229 -0.319921 -0.212832 107.453
0.355141 0.921915 0.154753 439.336
0.146704 -0.218458 0.964756 69.804
0.923657 -0.319589 -0.211471 107.444
0.354988 0.921424 0.157992 439.216
0.144362 -0.221 0.96453 69.5369
0.923764 -0.318656 -0.212412 107.628
0.354226 0.921771 0.15768 439.113
0.14555 -0.220901 0.964374 69.5518
0.923468 -0.319269 -0.212777 107.523
0.355145 0.921161 0.15917 439.094
0.145184 -0.222555 0.964049 69.3325
0.923583 -0.318671 -0.213175 107.619
0.35469 0.921279 0.159498 439.028
0.145566 -0.222921 0.963907 69.3848
0.923314 -0.319661 -0.212856 107.701
0.355666 0.920832 0.159908 438.956
0.144889 -0.223351 0.96391 69.1782
0.922802 -0.320435 -0.21391 107.671
0.356983 0.919973 0.161905 438.763
0.144911 -0.225769 0.963343 69.0962
0.922479 -0.32049 -0.215218 107.634
0.357491 0.919604 0.162877 438.694
0.145714 -0.227189 0.962888 69.082
0.921559 -0.322379 -0.216337 107.613
0.359836 0.918456 0.164184 438.73
0.145767 -0.229151 0.962415 68.8899
0.92092 -0.323679 -0.217112 107.656
0.361444 0.917673 0.165028 438.64
0.145822 -0.230452 0.962096 68.8729
0.920673 -0.323917 -0.217805 107.611
0.361809 0.917574 0.164778 438.654
0.146478 -0.23051 0.961982 68.9708
0.920336 -0.324717 -0.218038 107.658
0.363053 0.916616 0.167357 438.581
0.145514 -0.233184 0.961484 68.821
0.919859 -0.325794 -0.218443 107.737
0.364448 0.91579 0.16884 438.569
0.145041 -0.23492 0.961133 68.687
0.918945 -0.326282 -0.221541 107.805
0.365931 0.914906 0.170413 438.463
0.147087 -0.237669 0.960145 68.7901
0.918671 -0.325921 -0.223201 107.846
0.366143 0.914627 0.171454 438.403
0.148265 -0.239233 0.959575 68.6555
0.918799 -0.324485 -0.224763 107.861
0.365332 0.914673 0.172935 438.33
0.14947 -0.241006 0.958945 68.5055
0.918749 -0.322347 -0.22802 107.898
0.364324 0.914712 0.174842 438.273
0.152212 -0.243709 0.957829 68.3077
0.918896 -0.320716 -0.22972 107.979
0.363471 0.914644 0.176958 438.202
0.153359 -0.246103 0.957034 68.1665
0.918973 -0.319651 -0.230894 107.989
0.363054 0.914396 0.179086 438.162
0.153883 -0.248402 0.956356 67.8674
0.919337 -0.318104 -0.231582 108.154
0.361976 0.914479 0.180835 438.118
0.154253 -0.250076 0.95586 67.7692
0.919877 -0.31627 -0.231947 108.353
0.360611 0.91457 0.183087 437.973
0.154227 -0.25206 0.955343 67.6302
0.920458 -0.314769 -0.231684 108.399
0.359105 0.915094 0.183429 437.87
0.154275 -0.252037 0.955341 67.7561
0.920791 -0.314029 -0.231364 108.532
0.358583 0.914925 0.185282 437.845
0.153497 -0.253569 0.955061 67.4189
0.921627 -0.312358 -0.230295 108.598
0.35714 0.914854 0.188399 437.685
0.151838 -0.255882 0.954709 67.2401
0.92186 -0.311499 -0.230525 108.707
0.356435 0.915016 0.188946 437.559
0.152078 -0.256349 0.954546 67.401
0.921802 -0.31149 -0.23077 108.812
0.356472 0.915025 0.188828 437.565
0.152342 -0.256325 0.95451 66.9497
0.922289 -0.309993 -0.230842 108.891
0.355156 0.915343 0.189765 437.36
0.152473 -0.257003 0.954307 66.8545
0.922574 -0.310166 -0.229465 108.893
0.355157 0.915083 0.191013 437.275
0.150734 -0.25772 0.95439 66.569
0.922782 -0.308289 -0.231153 109.05
0.353807 0.915528 0.191387 437.147
0.152625 -0.258392 0.953907 66.5997
0.922843 -0.307431 -0.232048 109.071
0.353171 0.915808 0.191224 437.058
0.153724 -0.258422 0.953723 66.4768
0.923178 -0.307503 -0.230617 109.104
0.352797 0.916031 0.190846 437.001
0.152567 -0.257546 0.954146 66.4812
0.922817 -0.308133 -0.231221 109.014
0.353519 0.915837 0.190441 436.942
0.15308 -0.257483 0.95408 66.4232
0.92287 -0.307628 -0.231679 109.169
0.353255 0.91579 0.191152 436.811
0.153365 -0.258251 0.953827 66.3834
0.922855 -0.307306 -0.232165 109.147
0.35307 0.915857 0.191172 436.801
0.153882 -0.258395 0.953705 66.4353
0.922679 -0.307 -0.233269 109.131
0.353319 0.91543 0.192754 436.766
0.154366 -0.260268 0.953117 66.159
0.922721 -0.307038 -0.233052 109.203
0.353443 0.915193 0.19365 436.699
0.15383 -0.261056 0.952988 66.0421
0.922875 -0.306616 -0.232997 109.281
0.353144 0.915132 0.194479 436.616
0.153593 -0.261761 0.952833 65.9174
0.922952 -0.307407 -0.231647 109.16
0.35351 0.915059 0.194161 436.594
0.152284 -0.261091 0.953227 66.0258
0.922601 -0.30753 -0.23288 109.237
0.354095 0.914661 0.194964 436.46
0.153049 -0.262336 0.952762 65.9928
0.922483 -0.308152 -0.232525 109.175
0.354601 0.914485 0.194874 436.554
0.152589 -0.262221 0.952867 65.7288
0.922968 -0.307233 -0.231812 109.214
0.353424 0.915036 0.194424 436.457
0.152383 -0.261376 0.953133 66.0924
0.922705 -0.307277 -0.2328 109.323
0.353765 0.914866 0.194603 436.457
0.153184 -0.261918 0.952856 65.8419
0.922747 -0.306539 -0.233605 109.317
0.353422 0.914774 0.195654 436.385
0.15372 -0.2631 0.952443 65.6906
0.922643 -0.307153 -0.233209 109.301
0.353865 0.91468 0.195295 436.384
0.153326 -0.262712 0.952614 65.65
0.922671 -0.307024 -0.233269 109.359
0.353702 0.914811 0.194976 436.359
0.153535 -0.262407 0.952665 65.6791
0.922763 -0.307454 -0.232338 109.204
0.353861 0.914767 0.194896 436.357
0.152614 -0.262058 0.952909 65.7903
0.922742 -0.30751 -0.232348 109.26
0.354017 0.914577 0.195503 436.3
0.152381 -0.262654 0.952782 65.6472
0.922762 -0.307816 -0.231863 109.318
0.354226 0.914445 0.19574 436.264
0.151774 -0.262754 0.952851 65.5131
0.922813 -0.307925 -0.231511 109.31
0.354161 0.914573 0.19526 436.233
0.151608 -0.262181 0.953035 65.565
0.922926 -0.307766 -0.231273 109.333
0.353935 0.914665 0.195237 436.187
0.15145 -0.262045 0.953098 65.5756
0.923582 -0.306848 -0.229873 109.452
0.352807 0.914879 0.196274 436.015
0.15008 -0.262376 0.953223 65.5535
0.924303 -0.306741 -0.2271 109.464
0.352083 0.914969 0.197152 435.935
0.147315 -0.262186 0.953707 65.4488
0.924233 -0.305923 -0.228484 109.632
0.351667 0.915106 0.197261 435.862
0.148741 -0.262665 0.953354 65.3262
0.92447 -0.305599 -0.227956 109.762
0.351274 0.915159 0.197716 435.777
0.148194 -0.262858 0.953386 65.2397
0.924472 -0.305551 -0.228014 109.767
0.351285 0.915095 0.197992 435.724
0.148158 -0.263136 0.953315 65.1261
0.924566 -0.305494 -0.227709 109.803
0.351089 0.915248 0.19763 435.778
0.148035 -0.262668 0.953463 65.0175
0.924702 -0.305501 -0.227145 109.717
0.350813 0.915534 0.196792 435.803
0.147839 -0.26166 0.95377 65.0248
0.925413 -0.304436 -0.225677 109.718
0.349514 0.915814 0.197797 435.687
0.146462 -0.261922 0.953911 64.903
0.925681 -0.305093 -0.223678 109.724
0.349366 0.916236 0.196102 435.675
0.145112 -0.259674 0.954731 65.124
0.925577 -0.305381 -0.223719 109.764
0.349145 0.917038 0.192718 435.738
0.146307 -0.256485 0.955411 65.2907
0.926346 -0.305382 -0.22051 109.785
0.34874 0.916563 0.195688 435.572
0.142352 -0.258176 0.955553 64.928
0.927054 -0.304531 -0.218705 109.804
0.347412 0.917071 0.195667 435.414
0.140981 -0.257375 0.955972 65.1887
0.927478 -0.304214 -0.217344 109.825
0.346731 0.917337 0.195629 435.413
0.139864 -0.256802 0.95629 64.9316
0.92789 -0.303727 -0.216263 109.794
0.346263 0.917069 0.197701 435.307
0.138281 -0.258329 0.956109 64.7143
0.927902 -0.304752 -0.214764 109.925
0.346729 0.917115 0.196672 435.25
0.137027 -0.256957 0.956659 64.6558
0.927991 -0.305452 -0.213382 109.83
0.347094 0.916916 0.196952 435.17
0.135494 -0.256834 0.956911 64.6607
0.928185 -0.305252 -0.212822 109.833
0.346666 0.917203 0.196373 435.091
0.135258 -0.256048 0.957154 64.7795
0.928586 -0.304681 -0.21189 109.873
0.346097 0.917047 0.198094 434.995
0.133958 -0.257282 0.957007 64.6639
0.929 -0.303574 -0.211663 109.966
0.345287 0.916819 0.200549 434.925
0.133175 -0.259395 0.956545 64.4293
0.92921 -0.303415 -0.21097 109.954
0.345005 0.91683 0.200984 434.903
0.132442 -0.259542 0.956607 64.4091
0.929527 -0.302317 -0.211148 110.025
0.343987 0.917182 0.20112 434.862
0.13286 -0.259579 0.956539 64.5679
0.929727 -0.301424 -0.211544 110.108
0.343272 0.917357 0.201546 434.859
0.133311 -0.26 0.956362 64.5647
0.93 -0.300469 -0.211705 110.049
0.342815 0.916823 0.204726 434.805
0.132582 -0.262971 0.955651 64.0835
0.930024 -0.300182 -0.212004 110.118
0.342478 0.917166 0.203751 434.731
0.13328 -0.2621 0.955793 64.3397
0.929806 -0.300849 -0.212013 110.137
0.3432 0.916799 0.204189 434.748
0.132943 -0.262619 0.955697 64.0559
0.930156 -0.300459 -0.211031 110.173
0.342701 0.916741 0.205287 434.683
0.131781 -0.26327 0.955679 63.9993
0.930065 -0.300787 -0.210965 110.132
0.342936 0.916766 0.204781 434.696
0.13181 -0.262807 0.955803 64.0771
0.930235 -0.300721 -0.21031 110.12
0.342627 0.91699 0.204294 434.748
0.131417 -0.262099 0.956051 64.1166
0.930247 -0.300825 -0.210106 110.158
0.342608 0.917105 0.203811 434.791
0.131378 -0.261578 0.956199 64.1972
0.930378 -0.300936 -0.209366 110.203
0.342592 0.91699 0.204353 434.736
0.130489 -0.261852 0.956246 64.214
0.930011 -0.301454 -0.210249 110.224
0.343298 0.916795 0.204042 434.781
0.131246 -0.261939 0.956118 63.9971
0.929953 -0.301421 -0.210553 110.242
0.343302 0.916869 0.203704 434.792
0.131649 -0.261718 0.956124 64.0514
0.930098 -0.301119 -0.210343 110.164
0.343052 0.916792 0.204469 434.748
0.131271 -0.262335 0.956006 64.0377
0.930239 -0.300495 -0.210615 110.173
0.342554 0.916908 0.204784 434.717
0.131578 -0.262645 0.955879 64.184
0.930134 -0.300991 -0.210369 110.168
0.342911 0.916881 0.204307 434.708
0.131388 -0.26217 0.956035 64.1656
0.93043 -0.300265 -0.210099 110.137
0.342441 0.916533 0.206641 434.65
0.130516 -0.264211 0.955593 63.9333
