0.93697 -0.30463 -0.17114 105.777
0.327746 0.936021 0.128246 443.119
0.121123 -0.176253 0.976865 74.6729
0.93697 -0.30463 -0.17114 105.777
0.327746 0.936021 0.128246 443.119
0.121123 -0.176253 0.976865 74.6729
0.93697 -0.30463 -0.17114 105.777
0.327746 0.936021 0.128246 443.119
0.121123 -0.176253 0.976865 74.6729
0.936987 -0.304618 -0.171064 105.779
0.327698 0.936063 0.128066 443.111
0.121115 -0.176053 0.976901 74.694
0.937044 -0.304579 -0.170825 105.786
0.327546 0.936193 0.127498 443.085
0.121092 -0.175424 0.977017 74.7603
0.937018 -0.304799 -0.170571 105.754
0.327809 0.936003 0.128215 443.115
0.120575 -0.176054 0.976968 74.6482
0.936904 -0.304514 -0.171706 105.743
0.327632 0.936171 0.12744 443.121
0.12194 -0.175655 0.976871 74.7135
0.935811 -0.306048 -0.174905 105.672
0.329461 0.935825 0.125245 443.122
0.12535 -0.17483 0.976587 74.5091
0.935659 -0.305749 -0.176239 105.822
0.329525 0.935674 0.126202 443.015
0.126316 -0.176157 0.976224 74.2052
0.935849 -0.30652 -0.173873 105.762
0.329919 0.935484 0.126584 442.966
0.123855 -0.175827 0.976599 74.2048
0.935626 -0.307451 -0.173429 105.721
0.330511 0.935549 0.124544 443.06
0.12396 -0.173846 0.97694 74.208
0.935646 -0.307299 -0.173589 105.866
0.330378 0.935606 0.124469 443.013
0.124162 -0.173809 0.976921 74.1814
0.93546 -0.307496 -0.174242 105.89
0.330648 0.935555 0.124133 442.942
0.124843 -0.173734 0.976847 74.1557
0.934991 -0.308369 -0.175215 105.745
0.331523 0.935421 0.1228 442.885
0.126032 -0.172905 0.976842 74.301
0.93482 -0.308809 -0.175352 105.802
0.331804 0.935507 0.121378 442.929
0.12656 -0.171649 0.976995 74.3435
0.934642 -0.309394 -0.17527 105.765
0.332407 0.93526 0.12163 442.976
0.126291 -0.171941 0.976978 74.113
0.934163 -0.310306 -0.176211 105.873
0.333196 0.935266 0.119408 442.889
0.127751 -0.170259 0.977083 74.3531
0.933941 -0.311378 -0.175493 105.87
0.334281 0.934744 0.120458 442.742
0.126533 -0.171165 0.977083 74.1038
0.93361 -0.311741 -0.176606 105.811
0.334595 0.93487 0.118593 442.776
0.128133 -0.169811 0.977111 74.1926
0.93328 -0.312233 -0.17748 105.816
0.335314 0.93454 0.119159 442.703
0.128657 -0.170721 0.976884 74.014
0.932745 -0.312811 -0.179267 105.897
0.336182 0.934253 0.11897 442.533
0.130266 -0.171235 0.97658 73.9805
0.93254 -0.313742 -0.178706 106.031
0.337045 0.933914 0.119187 442.455
0.129502 -0.171379 0.976657 73.7266
0.932166 -0.314366 -0.179559 106.024
0.337697 0.933795 0.118272 442.466
0.130491 -0.170885 0.976612 73.6278
0.931685 -0.315146 -0.180681 105.873
0.338594 0.933547 0.11766 442.406
0.131594 -0.1708 0.976479 73.6558
0.931456 -0.315603 -0.181064 105.936
0.339068 0.933422 0.117286 442.366
0.131993 -0.17064 0.976453 73.5708
0.930823 -0.317472 -0.181054 105.844
0.340783 0.932943 0.116124 442.32
0.132047 -0.169791 0.976593 73.5254
0.929744 -0.320041 -0.182074 105.836
0.343106 0.932478 0.112975 442.327
0.133623 -0.167509 0.976773 73.6445
0.929383 -0.32108 -0.182085 105.87
0.344044 0.932226 0.112198 442.227
0.13372 -0.16692 0.976861 73.7614
0.928643 -0.321653 -0.184829 105.878
0.345054 0.931885 0.111933 442.293
0.136235 -0.167722 0.976376 73.3796
0.928879 -0.320909 -0.184933 105.888
0.344367 0.932103 0.112228 442.147
0.136362 -0.167931 0.976322 73.6028
0.929089 -0.32076 -0.184138 105.923
0.344213 0.932044 0.113185 442.225
0.13532 -0.168542 0.976362 73.5156
0.928754 -0.320745 -0.185845 105.924
0.344512 0.931918 0.113314 442.297
0.136847 -0.169267 0.976023 73.3861
0.928619 -0.320414 -0.187086 105.941
0.344641 0.931658 0.115045 442.292
0.137438 -0.17131 0.975584 73.2664
0.928215 -0.320164 -0.189505 105.91
0.344957 0.93142 0.116024 442.277
0.139362 -0.173066 0.975001 73.3711
0.928008 -0.320064 -0.190685 105.884
0.345222 0.931187 0.1171 442.25
0.140084 -0.174498 0.974642 73.2985
0.927765 -0.32004 -0.191902 105.94
0.345484 0.931031 0.117563 442.227
0.141042 -0.17537 0.974347 73.3119
0.926942 -0.320122 -0.195704 105.963
0.346651 0.930256 0.120234 442.196
0.143565 -0.179291 0.973264 73.1148
0.926569 -0.320014 -0.19764 106.032
0.347365 0.929583 0.123343 442.11
0.144251 -0.182939 0.972484 72.9828
0.925567 -0.320702 -0.201187 105.945
0.349001 0.928728 0.125149 442.147
0.146713 -0.186048 0.971525 73.0416
0.925008 -0.320586 -0.203924 106.038
0.349585 0.928356 0.126277 442.2
0.148832 -0.188096 0.970808 72.8433
0.924774 -0.320724 -0.204767 106.044
0.349949 0.928165 0.126672 442.192
0.149431 -0.188801 0.970579 72.8914
0.924764 -0.320032 -0.20589 106.102
0.349892 0.927813 0.12938 442.013
0.149622 -0.191685 0.969985 72.8179
0.924468 -0.320401 -0.206642 106.1
0.350489 0.927518 0.129879 442.068
0.150051 -0.192495 0.969758 72.7154
0.924464 -0.319554 -0.20797 106.131
0.350235 0.927313 0.132006 442.024
0.150671 -0.194874 0.969187 72.6985
0.924257 -0.318832 -0.209988 106.1
0.350124 0.927168 0.133312 441.995
0.15219 -0.196737 0.968573 72.7202
0.924206 -0.31821 -0.211153 106.162
0.349841 0.927181 0.133964 441.989
0.153148 -0.19768 0.968229 72.7047
0.923987 -0.318042 -0.21236 106.169
0.34986 0.927228 0.133591 441.978
0.154418 -0.197733 0.968017 72.7879
0.923803 -0.318148 -0.213001 106.134
0.350161 0.927058 0.133978 441.919
0.154839 -0.198354 0.967823 72.7627
0.923492 -0.318868 -0.213274 106.183
0.351009 0.926673 0.134421 441.916
0.154773 -0.198998 0.967701 72.4752
0.923222 -0.319339 -0.213738 106.177
0.35168 0.926327 0.135056 441.786
0.154862 -0.199854 0.96751 72.6136
0.922811 -0.319923 -0.214635 106.236
0.35256 0.925894 0.135726 441.776
0.155307 -0.200921 0.967218 72.2624
0.923015 -0.319648 -0.21417 106.254
0.352329 0.925852 0.13661 441.747
0.154623 -0.201551 0.967196 72.1793
0.9226 -0.320372 -0.214875 106.152
0.353344 0.925335 0.137492 441.672
0.154783 -0.202775 0.966915 72.2014
0.921424 -0.321632 -0.218014 106.363
0.355382 0.924451 0.138178 441.575
0.157101 -0.204799 0.966114 72.0119
0.921033 -0.322257 -0.218744 106.309
0.356384 0.923864 0.139522 441.504
0.157127 -0.206461 0.965756 72.0086
0.920909 -0.322643 -0.218699 106.374
0.356766 0.923712 0.139551 441.443
0.15699 -0.206538 0.965762 72.1376
0.920609 -0.323467 -0.218742 106.393
0.357458 0.923578 0.138664 441.44
0.157172 -0.205846 0.96588 72.3
0.920853 -0.32386 -0.217126 106.471
0.357612 0.92342 0.139315 441.374
0.15538 -0.205935 0.966151 72.103
0.921059 -0.32402 -0.216012 106.536
0.35765 0.923295 0.140046 441.265
0.154065 -0.206247 0.966295 71.9046
0.921176 -0.323729 -0.215947 106.619
0.3574 0.92334 0.140386 441.083
0.153946 -0.2065 0.96626 71.7645
0.921333 -0.324139 -0.214659 106.642
0.357538 0.923283 0.140407 441.054
0.15268 -0.206111 0.966544 71.6993
0.921532 -0.323208 -0.215209 106.791
0.356841 0.923438 0.141158 440.917
0.153109 -0.206877 0.966312 71.7242
0.921788 -0.322928 -0.214532 106.847
0.356831 0.923036 0.143794 440.8
0.151586 -0.209099 0.966074 71.2158
0.921813 -0.32285 -0.214545 106.944
0.35638 0.923579 0.141404 440.729
0.152497 -0.206807 0.966424 71.6848
0.921749 -0.323009 -0.214578 107.027
0.356892 0.923042 0.143602 440.662
0.15168 -0.208946 0.966092 71.1434
0.921762 -0.323447 -0.213861 107.01
0.35702 0.923146 0.14261 440.62
0.151299 -0.207805 0.966398 71.2754
0.922213 -0.323456 -0.211896 107.148
0.356888 0.922914 0.144434 440.432
0.148843 -0.208821 0.966561 71.1688
0.922214 -0.322369 -0.213542 107.336
0.356382 0.922882 0.145882 440.356
0.150046 -0.210637 0.96598 70.8515
0.922288 -0.322312 -0.213306 107.293
0.356371 0.922787 0.146507 440.313
0.149615 -0.211138 0.965938 70.8404
0.922395 -0.322471 -0.212602 107.231
0.356483 0.922632 0.147206 440.286
0.148684 -0.211571 0.965987 70.7518
0.92245 -0.322043 -0.213012 107.235
0.35634 0.922484 0.148474 440.241
0.148685 -0.212864 0.965703 70.5888
0.922864 -0.321015 -0.212773 107.299
0.355389 0.922716 0.149314 440.135
0.148397 -0.213414 0.965626 70.5714
0.923123 -0.320145 -0.212959 107.37
0.354639 0.922921 0.149827 440.089
0.148578 -0.213832 0.965505 70.5216
0.923267 -0.319312 -0.213582 107.407
0.353884 0.923273 0.14944 440.022
0.149477 -0.213556 0.965428 70.7689
0.923297 -0.319153 -0.213689 107.384
0.354351 0.922454 0.153341 439.926
0.148179 -0.217301 0.964792 69.9574
0.923464 -0.319238 -0.212842 107.461
0.354206 0.922553 0.153081 439.813
0.147489 -0.216755 0.96502 70.0511
0.923414 -0.320188 -0.211628 107.415
0.354613 0.922689 0.151307 439.828
0.14682 -0.214765 0.965567 70.2753
0.923453 -0.319513 -0.212475 107.419
0.3542 0.922771 0.151779 439.809
0.147571 -0.21542 0.965307 70.2019
0.92355 -0.319598 -0.211927 107.366
0.354227 0.92269 0.152206 439.722
0.146898 -0.21564 0.96536 70.2009
0.923406 -0.319722 -0.212366 107.368
0.354509 0.922517 0.1526 439.675
0.147122 -0.216198 0.965201 70.1329
0.923285 -0.319548 -0.213153 107.471
0.354647 0.922316 0.153486 439.629
0.147549 -0.217306 0.964887 69.9991
0.923426 -0.319702 -0.212309 107.398
0.35464 0.922287 0.153676 439.582
0.146679 -0.217202 0.965043 70.0924
0.923388 -0.319439 -0.212867 107.44
0.354598 0.922201 0.154292 439.554
0.147019 -0.217954 0.964822 69.8681
0.923402 -0.319553 -0.212636 107.472
0.354608 0.922253 0.153956 439.544
0.146907 -0.217566 0.964927 69.9348
0.923426 -0.319764 -0.212217 107.425
0.35502 0.921766 0.15591 439.403
0.14576 -0.219313 0.964705 69.7755
0.923632 -0.319118 -0.212293 107.45
0.354422 0.921963 0.156109 439.32
0.145909 -0.219428 0.964656 69.8753
0.923328 -0.319104 -0.213631 107.453
0.354781 0.921748 0.156558 439.312
0.146955 -0.220347 0.964288 69.7797
0.923229 -0.319921 -0.212832 107.453
0.355141 0.921915 0.154753 439.336
0.146704 -0.218458 0.964756 69.804
0.923657 -0.319589 -0.211471 107.444
0.354988 0.921424 0.157992 439.216
0.144362 -0.221 0.96453 69.5369
0.923764 -0.318656 -0.212412 107.628
0.354226 0.921771 0.15768 439.113
0.14555 -0.220901 0.964374 69.5518
0.923468 -0.319269 -0.212777 107.523
0.355145 0.921161 0.15917 439.094
0.145184 -0.222555 0.964049 69.3325
0.923583 -0.318671 -0.213175 107.619
0.35469 0.921279 0.159498 439.028
0.145566 -0.222921 0.963907 69.3848
0.923304 -0.319677 -0.212876 107.7
0.355692 0.920815 0.159947 438.952
0.144888 -0.223398 0.963899 69.1765
0.922802 -0.320435 -0.21391 107.671
0.356983 0.919973 0.161905 438.763
0.144911 -0.225769 0.963343 69.0962
0.922479 -0.32049 -0.215218 107.634
0.357491 0.919604 0.162877 438.694
0.145714 -0.227189 0.962888 69.082
0.921545 -0.32241 -0.216349 107.615
0.359875 0.918434 0.164221 438.726
0.145756 -0.229195 0.962406 68.8879
0.92092 -0.323679 -0.217112 107.656
0.361444 0.917673 0.165028 438.64
0.145822 -0.230452 0.962096 68.8729
0.920673 -0.323917 -0.217805 107.611
0.361809 0.917574 0.164778 438.654
0.146478 -0.23051 0.961982 68.9708
0.920336 -0.324717 -0.218038 107.658
0.363053 0.916616 0.167357 438.581
0.145514 -0.233184 0.961484 68.821
0.919841 -0.325801 -0.218509 107.737
0.364476 0.915773 0.168873 438.567
0.145086 -0.234977 0.961112 68.6923
0.918928 -0.326295 -0.221592 107.808
0.365961 0.914889 0.170441 438.461
0.147118 -0.237716 0.960129 68.7871
0.918671 -0.325921 -0.223201 107.846
0.366143 0.914627 0.171454 438.403
0.148265 -0.239233 0.959575 68.6555
0.918799 -0.324485 -0.224763 107.861
0.365332 0.914673 0.172935 438.33
0.14947 -0.241006 0.958945 68.5055
0.918749 -0.322347 -0.22802 107.898
0.364324 0.914712 0.174842 438.273
0.152212 -0.243709 0.957829 68.3077
0.918896 -0.320716 -0.22972 107.979
0.363471 0.914644 0.176958 438.202
0.153359 -0.246103 0.957034 68.1665
0.918973 -0.319651 -0.230894 107.989
0.363054 0.914396 0.179086 438.162
0.153883 -0.248402 0.956356 67.8674
0.919344 -0.318071 -0.231596 108.158
0.361952 0.914481 0.180871 438.117
0.15426 -0.25011 0.95585 67.7674
0.919877 -0.31627 -0.231947 108.353
0.360611 0.91457 0.183087 437.973
0.154227 -0.25206 0.955343 67.6302
0.920458 -0.314769 -0.231684 108.399
0.359105 0.915094 0.183429 437.87
0.154275 -0.252037 0.955341 67.7561
0.920791 -0.314029 -0.231364 108.532
0.358583 0.914925 0.185282 437.845
0.153497 -0.253569 0.955061 67.4189
0.921627 -0.312358 -0.230295 108.598
0.35714 0.914854 0.188399 437.685
0.151838 -0.255882 0.954709 67.2401
0.921861 -0.311497 -0.230526 108.707
0.356434 0.915016 0.188947 437.558
0.152078 -0.25635 0.954545 67.4014
0.921802 -0.31149 -0.23077 108.812
0.356472 0.915025 0.188828 437.565
0.152342 -0.256325 0.95451 66.9497
0.922289 -0.309993 -0.230842 108.891
0.355156 0.915343 0.189765 437.36
0.152473 -0.257003 0.954307 66.8545
0.922574 -0.310166 -0.229465 108.893
0.355157 0.915083 0.191013 437.275
0.150734 -0.25772 0.95439 66.569
0.922782 -0.308289 -0.231153 109.05
0.353807 0.915528 0.191387 437.147
0.152625 -0.258392 0.953907 66.5997
0.922843 -0.307431 -0.232048 109.071
0.353171 0.915808 0.191224 437.058
0.153724 -0.258422 0.953723 66.4768
0.923178 -0.307503 -0.230617 109.104
0.352797 0.916031 0.190846 437.001
0.152567 -0.257546 0.954146 66.4812
0.922817 -0.308133 -0.231221 109.014
0.353519 0.915837 0.190441 436.942
0.15308 -0.257483 0.95408 66.4232
0.92287 -0.307628 -0.231679 109.169
0.353255 0.91579 0.191152 436.811
0.153365 -0.258251 0.953827 66.3834
0.922855 -0.307306 -0.232165 109.147
0.35307 0.915857 0.191172 436.801
0.153882 -0.258395 0.953705 66.4353
0.922679 -0.307 -0.233269 109.131
0.353319 0.91543 0.192754 436.766
0.154366 -0.260268 0.953117 66.159
0.922721 -0.307038 -0.233052 109.203
0.353443 0.915193 0.19365 436.699
0.15383 -0.261056 0.952988 66.0421
0.922875 -0.306616 -0.232997 109.281
0.353144 0.915132 0.194479 436.616
0.153593 -0.261761 0.952833 65.9174
0.922952 -0.307407 -0.231647 109.16
0.35351 0.915059 0.194161 436.594
0.152284 -0.261091 0.953227 66.0258
0.922601 -0.30753 -0.23288 109.237
0.354095 0.914661 0.194964 436.46
0.153049 -0.262336 0.952762 65.9928
0.922483 -0.308152 -0.232525 109.175
0.354601 0.914485 0.194874 436.554
0.152589 -0.262221 0.952867 65.7288
0.922968 -0.307233 -0.231812 109.214
0.353424 0.915036 0.194424 436.457
0.152383 -0.261376 0.953133 66.0924
0.922705 -0.307277 -0.2328 109.323
0.353765 0.914866 0.194603 436.457
0.153184 -0.261918 0.952856 65.8419
0.922746 -0.306557 -0.233585 109.315
0.353435 0.91477 0.195654 436.385
0.153697 -0.263096 0.952448 65.6894
0.922643 -0.307153 -0.233209 109.301
0.353865 0.91468 0.195295 436.384
0.153326 -0.262712 0.952614 65.65
0.922671 -0.307024 -0.233269 109.359
0.353702 0.914811 0.194976 436.359
0.153535 -0.262407 0.952665 65.6791
0.922763 -0.307454 -0.232338 109.204
0.353861 0.914767 0.194896 436.357
0.152614 -0.262058 0.952909 65.7903
0.922744 -0.307512 -0.232336 109.263
0.35402 0.91457 0.19553 436.299
0.152359 -0.262676 0.952779 65.6411
0.922762 -0.307816 -0.231863 109.318
0.354226 0.914445 0.19574 436.264
0.151774 -0.262754 0.952851 65.5131
0.922813 -0.307925 -0.231511 109.31
0.354161 0.914573 0.19526 436.233
0.151608 -0.262181 0.953035 65.565
0.922926 -0.307766 -0.231273 109.333
0.353935 0.914665 0.195237 436.187
0.15145 -0.262045 0.953098 65.5756
0.92361 -0.306811 -0.22981 109.456
0.352763 0.914884 0.196332 436.009
0.150012 -0.262402 0.953227 65.5523
0.924303 -0.306741 -0.2271 109.464
0.352083 0.914969 0.197152 435.935
0.147315 -0.262186 0.953707 65.4488
0.924233 -0.305923 -0.228484 109.632
0.351667 0.915106 0.197261 435.862
0.148741 -0.262665 0.953354 65.3262
0.92447 -0.305599 -0.227956 109.762
0.351274 0.915159 0.197716 435.777
0.148194 -0.262858 0.953386 65.2397
0.924472 -0.305551 -0.228014 109.767
0.351285 0.915095 0.197992 435.724
0.148158 -0.263136 0.953315 65.1261
0.924566 -0.305494 -0.227709 109.803
0.351089 0.915248 0.19763 435.778
0.148035 -0.262668 0.953463 65.0175
0.924702 -0.305501 -0.227145 109.717
0.350813 0.915534 0.196792 435.803
0.147839 -0.26166 0.95377 65.0248
0.925413 -0.304436 -0.225677 109.718
0.349514 0.915814 0.197797 435.687
0.146462 -0.261922 0.953911 64.903
0.92568 -0.305098 -0.223679 109.725
0.349362 0.916248 0.196051 435.676
0.14513 -0.259626 0.954742 65.1265
0.925577 -0.305381 -0.223719 109.764
0.349145 0.917038 0.192718 435.738
0.146307 -0.256485 0.955411 65.2907
0.926346 -0.305382 -0.22051 109.785
0.34874 0.916563 0.195688 435.572
0.142352 -0.258176 0.955553 64.928
0.927064 -0.304523 -0.218672 109.805
0.347396 0.917077 0.195666 435.414
0.140954 -0.257361 0.95598 65.1825
0.927478 -0.304214 -0.217344 109.825
0.346731 0.917337 0.195629 435.413
0.139864 -0.256802 0.95629 64.9316
0.92789 -0.303727 -0.216263 109.794
0.346263 0.917069 0.197701 435.307
0.138281 -0.258329 0.956109 64.7143
0.927904 -0.304771 -0.214729 109.922
0.34674 0.917108 0.196681 435.249
0.136987 -0.256957 0.956665 64.6553
0.927991 -0.305452 -0.213382 109.83
0.347094 0.916916 0.196952 435.17
0.135494 -0.256834 0.956911 64.6607
0.928185 -0.305252 -0.212822 109.833
0.346666 0.917203 0.196373 435.091
0.135258 -0.256048 0.957154 64.7795
0.928586 -0.304681 -0.21189 109.873
0.346097 0.917047 0.198094 434.995
0.133958 -0.257282 0.957007 64.6639
0.929 -0.303574 -0.211663 109.966
0.345287 0.916819 0.200549 434.925
0.133175 -0.259395 0.956545 64.4293
0.929214 -0.303411 -0.210957 109.953
0.344995 0.916837 0.200968 434.901
0.132438 -0.259522 0.956613 64.4165
0.929534 -0.302287 -0.211161 110.028
0.343964 0.917188 0.201134 434.862
0.132874 -0.259593 0.956533 64.5677
0.929727 -0.301424 -0.211544 110.108
0.343272 0.917357 0.201546 434.859
0.133311 -0.26 0.956362 64.5647
0.93 -0.300469 -0.211705 110.049
0.342815 0.916823 0.204726 434.805
0.132582 -0.262971 0.955651 64.0835
0.930024 -0.300182 -0.212004 110.118
0.342478 0.917166 0.203751 434.731
0.13328 -0.2621 0.955793 64.3397
0.929806 -0.300849 -0.212013 110.137
0.3432 0.916799 0.204189 434.748
0.132943 -0.262619 0.955697 64.0559
0.930156 -0.300459 -0.211031 110.173
0.342701 0.916741 0.205287 434.683
0.131781 -0.26327 0.955679 63.9993
0.930065 -0.300787 -0.210965 110.132
0.342936 0.916766 0.204781 434.696
0.13181 -0.262807 0.955803 64.0771
0.930232 -0.300719 -0.210324 110.121
0.342626 0.916995 0.204276 434.75
0.131436 -0.262086 0.956052 64.1176
0.930247 -0.300825 -0.210106 110.158
0.342608 0.917105 0.203811 434.791
0.131378 -0.261578 0.956199 64.1972
0.930378 -0.300936 -0.209366 110.203
0.342592 0.91699 0.204353 434.736
0.130489 -0.261852 0.956246 64.214
0.930011 -0.301454 -0.210249 110.224
0.343298 0.916795 0.204042 434.781
0.131246 -0.261939 0.956118 63.9971
0.929953 -0.301421 -0.210553 110.242
0.343302 0.916869 0.203704 434.792
0.131649 -0.261718 0.956124 64.0514
0.930098 -0.301119 -0.210343 110.164
0.343052 0.916792 0.204469 434.748
0.131271 -0.262335 0.956006 64.0377
0.930239 -0.300495 -0.210615 110.173
0.342554 0.916908 0.204784 434.717
0.131578 -0.262645 0.955879 64.184
0.930144 -0.300967 -0.21036 110.167
0.342895 0.91687 0.204384 434.706
0.131359 -0.262238 0.956021 64.158
0.930418 -0.300283 -0.210125 110.137
0.34246 0.916538 0.206588 434.653
0.130553 -0.264173 0.955599 63.9336
