0.93697 -0.30463 -0.17114 105.777
0.327746 0.936021 0.128246 443.119
0.121123 -0.176253 0.976865 74.6729
0.93697 -0.30463 -0.17114 105.777
0.327746 0.936021 0.128246 443.119
0.121123 -0.176253 0.976865 74.6729
0.93697 -0.30463 -0.17114 105.777
0.327746 0.936021 0.128246 443.119
0.121123 -0.176253 0.976865 74.6729
0.936988 -0.304617 -0.171059 105.779
0.327695 0.936065 0.128054 443.11
0.121115 -0.17604 0.976904 74.6953
0.937044 -0.304579 -0.170825 105.786
0.327546 0.936193 0.127498 443.085
0.121092 -0.175424 0.977017 74.7603
0.937018 -0.304799 -0.170571 105.754
0.327809 0.936003 0.128215 443.115
0.120575 -0.176054 0.976968 74.6482
0.936904 -0.304514 -0.171706 105.743
0.327632 0.936171 0.12744 443.121
0.12194 -0.175655 0.976871 74.7135
0.935806 -0.306034 -0.174958 105.677
0.329459 0.935823 0.125264 443.12
0.125395 -0.174864 0.976575 74.5015
0.935659 -0.305749 -0.176239 105.822
0.329525 0.935674 0.126202 443.015
0.126316 -0.176157 0.976224 74.2052
0.935849 -0.30652 -0.173873 105.762
0.329919 0.935484 0.126584 442.966
0.123855 -0.175827 0.976599 74.2048
0.935626 -0.307451 -0.173429 105.721
0.330511 0.935549 0.124544 443.06
0.12396 -0.173846 0.97694 74.208
0.935646 -0.307299 -0.173589 105.866
0.330378 0.935606 0.124469 443.013
0.124162 -0.173809 0.976921 74.1814
0.935449 -0.307513 -0.174269 105.887
0.330669 0.93555 0.124117 442.94
0.12487 -0.173731 0.976844 74.1545
0.934991 -0.308369 -0.175215 105.745
0.331523 0.935421 0.1228 442.885
0.126032 -0.172905 0.976842 74.301
0.934817 -0.308818 -0.175355 105.804
0.331809 0.935509 0.12135 442.93
0.126571 -0.171624 0.976998 74.3425
0.934642 -0.309394 -0.17527 105.765
0.332407 0.93526 0.12163 442.976
0.126291 -0.171941 0.976978 74.113
0.934163 -0.310306 -0.176211 105.873
0.333196 0.935266 0.119408 442.889
0.127751 -0.170259 0.977083 74.3531
0.933941 -0.311378 -0.175493 105.87
0.334281 0.934744 0.120458 442.742
0.126533 -0.171165 0.977083 74.1038
0.93361 -0.311741 -0.176606 105.811
0.334595 0.93487 0.118593 442.776
0.128133 -0.169811 0.977111 74.1926
0.93328 -0.312233 -0.17748 105.816
0.335314 0.93454 0.119159 442.703
0.128657 -0.170721 0.976884 74.014
0.932745 -0.312811 -0.179267 105.897
0.336182 0.934253 0.11897 442.533
0.130266 -0.171235 0.97658 73.9805
0.93254 -0.313742 -0.178706 106.031
0.337045 0.933914 0.119187 442.455
0.129502 -0.171379 0.976657 73.7266
0.932166 -0.314366 -0.179559 106.024
0.337697 0.933795 0.118272 442.466
0.130491 -0.170885 0.976612 73.6278
0.931685 -0.315146 -0.180681 105.873
0.338594 0.933547 0.11766 442.406
0.131594 -0.1708 0.976479 73.6558
0.931452 -0.315616 -0.181063 105.938
0.33908 0.933419 0.11728 442.365
0.131992 -0.170635 0.976454 73.5678
0.930823 -0.317472 -0.181054 105.844
0.340783 0.932943 0.116124 442.32
0.132047 -0.169791 0.976593 73.5254
0.92973 -0.320069 -0.182094 105.838
0.343131 0.932475 0.112927 442.327
0.133654 -0.167474 0.976775 73.6467
0.929383 -0.32108 -0.182085 105.87
0.344044 0.932226 0.112198 442.227
0.13372 -0.16692 0.976861 73.7614
0.928643 -0.321653 -0.184829 105.878
0.345054 0.931885 0.111933 442.293
0.136235 -0.167722 0.976376 73.3796
0.928879 -0.320909 -0.184933 105.888
0.344367 0.932103 0.112228 442.147
0.136362 -0.167931 0.976322 73.6028
0.929089 -0.32076 -0.184138 105.923
0.344213 0.932044 0.113185 442.225
0.13532 -0.168542 0.976362 73.5156
0.928754 -0.320733 -0.185867 105.925
0.344512 0.931911 0.113373 442.297
0.136849 -0.169329 0.976012 73.3796
0.928619 -0.320414 -0.187086 105.941
0.344641 0.931658 0.115045 442.292
0.137438 -0.17131 0.975584 73.2664
0.928215 -0.320164 -0.189505 105.91
0.344957 0.93142 0.116024 442.277
0.139362 -0.173066 0.975001 73.3711
0.928006 -0.320086 -0.190657 105.886
0.345236 0.931185 0.117074 442.25
0.140064 -0.174467 0.97465 73.3011
0.927756 -0.32002 -0.191981 105.94
0.345484 0.931026 0.117607 442.225
0.141103 -0.175437 0.974326 73.3103
0.926942 -0.320122 -0.195704 105.963
0.346651 0.930256 0.120234 442.196
0.143565 -0.179291 0.973264 73.1148
0.926569 -0.320014 -0.19764 106.032
0.347365 0.929583 0.123343 442.11
0.144251 -0.182939 0.972484 72.9828
0.925567 -0.320702 -0.201187 105.945
0.349001 0.928728 0.125149 442.147
0.146713 -0.186048 0.971525 73.0416
0.925008 -0.320586 -0.203924 106.038
0.349585 0.928356 0.126277 442.2
0.148832 -0.188096 0.970808 72.8433
0.924774 -0.320724 -0.204767 106.044
0.349949 0.928165 0.126672 442.192
0.149431 -0.188801 0.970579 72.8914
0.924764 -0.320032 -0.20589 106.102
0.349892 0.927813 0.12938 442.013
0.149622 -0.191685 0.969985 72.8179
0.924469 -0.320378 -0.206677 106.101
0.350482 0.927512 0.129937 442.067
0.150067 -0.192559 0.969743 72.7148
0.924464 -0.319554 -0.20797 106.131
0.350235 0.927313 0.132006 442.024
0.150671 -0.194874 0.969187 72.6985
0.924257 -0.318832 -0.209988 106.1
0.350124 0.927168 0.133312 441.995
0.15219 -0.196737 0.968573 72.7202
0.924206 -0.31821 -0.211153 106.162
0.349841 0.927181 0.133964 441.989
0.153148 -0.19768 0.968229 72.7047
0.923987 -0.318042 -0.21236 106.169
0.34986 0.927228 0.133591 441.978
0.154418 -0.197733 0.968017 72.7879
0.923803 -0.318148 -0.213001 106.134
0.350161 0.927058 0.133978 441.919
0.154839 -0.198354 0.967823 72.7627
0.923484 -0.318896 -0.213268 106.185
0.351037 0.926663 0.134423 441.916
0.154761 -0.199002 0.967702 72.4678
0.923222 -0.319339 -0.213738 106.177
0.35168 0.926327 0.135056 441.786
0.154862 -0.199854 0.96751 72.6136
0.922811 -0.319923 -0.214635 106.236
0.35256 0.925894 0.135726 441.776
0.155307 -0.200921 0.967218 72.2624
0.923015 -0.319648 -0.21417 106.254
0.352329 0.925852 0.13661 441.747
0.154623 -0.201551 0.967196 72.1793
0.9226 -0.320372 -0.214875 106.152
0.353344 0.925335 0.137492 441.672
0.154783 -0.202775 0.966915 72.2014
0.921424 -0.321632 -0.218014 106.363
0.355382 0.924451 0.138178 441.575
0.157101 -0.204799 0.966114 72.0119
0.921033 -0.322257 -0.218744 106.309
0.356384 0.923864 0.139522 441.504
0.157127 -0.206461 0.965756 72.0086
0.920909 -0.322643 -0.218699 106.374
0.356766 0.923712 0.139551 441.443
0.15699 -0.206538 0.965762 72.1376
0.920609 -0.323467 -0.218742 106.393
0.357458 0.923578 0.138664 441.44
0.157172 -0.205846 0.96588 72.3
0.920867 -0.323859 -0.217071 106.474
0.357606 0.923416 0.139358 441.37
0.155314 -0.205956 0.966157 72.0974
0.921059 -0.32402 -0.216012 106.536
0.35765 0.923295 0.140046 441.265
0.154065 -0.206247 0.966295 71.9046
0.921176 -0.323729 -0.215947 106.619
0.3574 0.92334 0.140386 441.083
0.153946 -0.2065 0.96626 71.7645
0.921333 -0.324139 -0.214659 106.642
0.357538 0.923283 0.140407 441.054
0.15268 -0.206111 0.966544 71.6993
0.921532 -0.323208 -0.215209 106.791
0.356841 0.923438 0.141158 440.917
0.153109 -0.206877 0.966312 71.7242
0.921788 -0.322928 -0.214532 106.847
0.356831 0.923036 0.143794 440.8
0.151586 -0.209099 0.966074 71.2158
0.921813 -0.32285 -0.214545 106.944
0.35638 0.923579 0.141404 440.729
0.152497 -0.206807 0.966424 71.6848
0.921749 -0.323009 -0.214578 107.027
0.356892 0.923042 0.143602 440.662
0.15168 -0.208946 0.966092 71.1434
0.921776 -0.323455 -0.21379 107.013
0.35702 0.923139 0.142657 440.615
0.151215 -0.207825 0.966407 71.2739
0.922213 -0.323456 -0.211896 107.148
0.356888 0.922914 0.144434 440.432
0.148843 -0.208821 0.966561 71.1688
0.922218 -0.322374 -0.213515 107.335
0.356384 0.922878 0.145901 440.356
0.150014 -0.210645 0.965984 70.8492
0.922288 -0.322312 -0.213306 107.293
0.356371 0.922787 0.146507 440.313
0.149615 -0.211138 0.965938 70.8404
0.922395 -0.322471 -0.212602 107.231
0.356483 0.922632 0.147206 440.286
0.148684 -0.211571 0.965987 70.7518
0.92245 -0.322043 -0.213012 107.235
0.35634 0.922484 0.148474 440.241
0.148685 -0.212864 0.965703 70.5888
0.922864 -0.321015 -0.212773 107.299
0.355389 0.922716 0.149314 440.135
0.148397 -0.213414 0.965626 70.5714
0.923123 -0.320145 -0.212959 107.37
0.354639 0.922921 0.149827 440.089
0.148578 -0.213832 0.965505 70.5216
0.92327 -0.319302 -0.213587 107.408
0.353874 0.923278 0.149433 440.021
0.149486 -0.21355 0.965428 70.7729
0.923297 -0.319153 -0.213689 107.384
0.354351 0.922454 0.153341 439.926
0.148179 -0.217301 0.964792 69.9574
0.923464 -0.319238 -0.212842 107.461
0.354206 0.922553 0.153081 439.813
0.147489 -0.216755 0.96502 70.0511
0.923414 -0.320188 -0.211628 107.415
0.354613 0.922689 0.151307 439.828
0.14682 -0.214765 0.965567 70.2753
0.923455 -0.319516 -0.212463 107.418
0.354203 0.922766 0.151799 439.807
0.147551 -0.215435 0.965306 70.1996
0.92355 -0.319598 -0.211927 107.366
0.354227 0.92269 0.152206 439.722
0.146898 -0.21564 0.96536 70.2009
0.923398 -0.319728 -0.212394 107.369
0.354526 0.922505 0.152632 439.674
0.147134 -0.216239 0.96519 70.126
0.923285 -0.319548 -0.213153 107.471
0.354647 0.922316 0.153486 439.629
0.147549 -0.217306 0.964887 69.9991
0.923426 -0.319702 -0.212309 107.398
0.35464 0.922287 0.153676 439.582
0.146679 -0.217202 0.965043 70.0924
0.923388 -0.319439 -0.212867 107.44
0.354598 0.922201 0.154292 439.554
0.147019 -0.217954 0.964822 69.8681
0.923402 -0.319553 -0.212636 107.472
0.354608 0.922253 0.153956 439.544
0.146907 -0.217566 0.964927 69.9348
0.923426 -0.319764 -0.212217 107.425
0.35502 0.921766 0.15591 439.403
0.14576 -0.219313 0.964705 69.7755
0.923632 -0.319118 -0.212293 107.45
0.354422 0.921963 0.156109 439.32
0.145909 -0.219428 0.964656 69.8753
0.923322 -0.319105 -0.213654 107.453
0.354789 0.921744 0.156566 439.312
0.146973 -0.220363 0.964282 69.7777
0.923229 -0.319921 -0.212832 107.453
0.355141 0.921915 0.154753 439.336
0.146704 -0.218458 0.964756 69.804
0.923657 -0.319589 -0.211471 107.444
0.354988 0.921424 0.157992 439.216
0.144362 -0.221 0.96453 69.5369
0.923764 -0.318656 -0.212412 107.628
0.354226 0.921771 0.15768 439.113
0.14555 -0.220901 0.964374 69.5518
0.923468 -0.319269 -0.212777 107.523
0.355145 0.921161 0.15917 439.094
0.145184 -0.222555 0.964049 69.3325
0.923583 -0.318671 -0.213175 107.619
0.35469 0.921279 0.159498 439.028
0.145566 -0.222921 0.963907 69.3848
0.923304 -0.319677 -0.212876 107.7
0.355692 0.920815 0.159947 438.952
0.144888 -0.223398 0.963899 69.1765
0.922802 -0.320435 -0.21391 107.671
0.356983 0.919973 0.161905 438.763
0.144911 -0.225769 0.963343 69.0962
0.922475 -0.320497 -0.215223 107.634
0.357499 0.9196 0.16288 438.695
0.145716 -0.227195 0.962886 69.0812
0.921531 -0.322441 -0.21636 107.616
0.359915 0.918412 0.164258 438.723
0.145744 -0.22924 0.962397 68.8859
0.92092 -0.323679 -0.217112 107.656
0.361444 0.917673 0.165028 438.64
0.145822 -0.230452 0.962096 68.8729
0.920675 -0.323913 -0.217805 107.61
0.361809 0.917568 0.16481 438.652
0.146467 -0.23054 0.961976 68.9704
0.920323 -0.324748 -0.218046 107.66
0.363092 0.916592 0.167399 438.58
0.145497 -0.233232 0.961475 68.8168
0.919841 -0.325801 -0.218509 107.737
0.364476 0.915773 0.168873 438.567
0.145086 -0.234977 0.961112 68.6923
0.918928 -0.326295 -0.221592 107.808
0.365961 0.914889 0.170441 438.461
0.147118 -0.237716 0.960129 68.7871
0.918671 -0.325887 -0.223252 107.846
0.366127 0.914627 0.17149 438.401
0.148306 -0.239282 0.959557 68.6503
0.918799 -0.324485 -0.224763 107.861
0.365332 0.914673 0.172935 438.33
0.14947 -0.241006 0.958945 68.5055
0.918741 -0.322319 -0.228093 107.899
0.364318 0.91471 0.174866 438.273
0.152276 -0.243755 0.957808 68.3034
0.918902 -0.320673 -0.229754 107.981
0.363447 0.914643 0.177017 438.2
0.153379 -0.246165 0.957015 68.1632
0.918972 -0.319643 -0.230907 107.988
0.363054 0.914391 0.179111 438.161
0.153888 -0.248429 0.956348 67.8621
0.919344 -0.318071 -0.231596 108.158
0.361952 0.914481 0.180871 438.117
0.15426 -0.25011 0.95585 67.7674
0.919877 -0.31627 -0.231947 108.353
0.360611 0.91457 0.183087 437.973
0.154227 -0.25206 0.955343 67.6302
0.920466 -0.314751 -0.231677 108.399
0.359084 0.915103 0.183424 437.869
0.154276 -0.252027 0.955343 67.7591
0.920797 -0.314016 -0.231359 108.534
0.358575 0.914922 0.185316 437.845
0.153483 -0.253598 0.955056 67.4126
0.921627 -0.312358 -0.230295 108.598
0.35714 0.914854 0.188399 437.685
0.151838 -0.255882 0.954709 67.2401
0.921861 -0.311497 -0.230526 108.707
0.356434 0.915016 0.188947 437.558
0.152078 -0.25635 0.954545 67.4014
0.921802 -0.31149 -0.23077 108.812
0.356472 0.915025 0.188828 437.565
0.152342 -0.256325 0.95451 66.9497
0.922289 -0.309993 -0.230842 108.891
0.355156 0.915343 0.189765 437.36
0.152473 -0.257003 0.954307 66.8545
0.922574 -0.310166 -0.229465 108.893
0.355157 0.915083 0.191013 437.275
0.150734 -0.25772 0.95439 66.569
0.922782 -0.308289 -0.231153 109.05
0.353807 0.915528 0.191387 437.147
0.152625 -0.258392 0.953907 66.5997
0.922843 -0.307431 -0.232048 109.071
0.353171 0.915808 0.191224 437.058
0.153724 -0.258422 0.953723 66.4768
0.92317 -0.307522 -0.230625 109.1
0.352814 0.916029 0.190822 437.002
0.152578 -0.257529 0.954148 66.4816
0.922816 -0.308127 -0.231231 109.019
0.35352 0.915831 0.190465 436.939
0.153082 -0.257509 0.954073 66.4202
0.922873 -0.307615 -0.231684 109.17
0.353243 0.915796 0.191148 436.81
0.153375 -0.258247 0.953826 66.3859
0.922855 -0.307306 -0.232165 109.147
0.35307 0.915857 0.191172 436.801
0.153882 -0.258395 0.953705 66.4353
0.922679 -0.307 -0.233269 109.131
0.353319 0.91543 0.192754 436.766
0.154366 -0.260268 0.953117 66.159
0.922721 -0.307051 -0.233036 109.203
0.353451 0.91519 0.193649 436.698
0.153811 -0.261051 0.952992 66.0432
0.922875 -0.306616 -0.232997 109.281
0.353144 0.915132 0.194479 436.616
0.153593 -0.261761 0.952833 65.9174
0.922952 -0.307407 -0.231647 109.16
0.35351 0.915059 0.194161 436.594
0.152284 -0.261091 0.953227 66.0258
0.922601 -0.30753 -0.23288 109.237
0.354095 0.914661 0.194964 436.46
0.153049 -0.262336 0.952762 65.9928
0.922483 -0.308152 -0.232525 109.175
0.354601 0.914485 0.194874 436.554
0.152589 -0.262221 0.952867 65.7288
0.922968 -0.307233 -0.231812 109.214
0.353424 0.915036 0.194424 436.457
0.152383 -0.261376 0.953133 66.0924
0.922706 -0.307258 -0.232822 109.323
0.353756 0.914864 0.194628 436.456
0.153199 -0.261946 0.952845 65.8384
0.922746 -0.306557 -0.233585 109.315
0.353435 0.91477 0.195654 436.385
0.153697 -0.263096 0.952448 65.6894
0.922643 -0.307153 -0.233209 109.301
0.353865 0.91468 0.195295 436.384
0.153326 -0.262712 0.952614 65.65
0.922676 -0.307035 -0.233233 109.356
0.353705 0.914808 0.194984 436.36
0.153497 -0.262403 0.952672 65.6796
0.922759 -0.307453 -0.232354 109.203
0.353863 0.914769 0.194884 436.357
0.152633 -0.262053 0.952907 65.7928
0.922744 -0.307512 -0.232336 109.263
0.35402 0.91457 0.19553 436.299
0.152359 -0.262676 0.952779 65.6411
0.922762 -0.307816 -0.231863 109.318
0.354226 0.914445 0.19574 436.264
0.151774 -0.262754 0.952851 65.5131
0.92282 -0.307917 -0.231497 109.311
0.35415 0.914576 0.195264 436.231
0.151596 -0.262178 0.953038 65.5655
0.922926 -0.307764 -0.231276 109.334
0.353932 0.914669 0.195227 436.186
0.151457 -0.262036 0.953099 65.5757
0.92361 -0.306811 -0.22981 109.456
0.352763 0.914884 0.196332 436.009
0.150012 -0.262402 0.953227 65.5523
0.924303 -0.306741 -0.2271 109.464
0.352083 0.914969 0.197152 435.935
0.147315 -0.262186 0.953707 65.4488
0.924228 -0.305892 -0.228543 109.637
0.351654 0.915109 0.197267 435.86
0.1488 -0.262687 0.953338 65.3242
0.92447 -0.305599 -0.227956 109.762
0.351274 0.915159 0.197716 435.777
0.148194 -0.262858 0.953386 65.2397
0.924472 -0.305551 -0.228014 109.767
0.351285 0.915095 0.197992 435.724
0.148158 -0.263136 0.953315 65.1261
0.924566 -0.305494 -0.227709 109.803
0.351089 0.915248 0.19763 435.778
0.148035 -0.262668 0.953463 65.0175
0.924702 -0.305501 -0.227145 109.717
0.350813 0.915534 0.196792 435.803
0.147839 -0.26166 0.95377 65.0248
0.925417 -0.304447 -0.225644 109.718
0.349512 0.915821 0.197769 435.687
0.146439 -0.261884 0.953925 64.9067
0.92568 -0.305098 -0.223679 109.725
0.349362 0.916248 0.196051 435.676
0.14513 -0.259626 0.954742 65.1265
0.925577 -0.305381 -0.223719 109.764
0.349145 0.917038 0.192718 435.738
0.146307 -0.256485 0.955411 65.2907
0.926346 -0.305382 -0.22051 109.785
0.34874 0.916563 0.195688 435.572
0.142352 -0.258176 0.955553 64.928
0.927064 -0.304523 -0.218672 109.805
0.347396 0.917077 0.195666 435.414
0.140954 -0.257361 0.95598 65.1825
0.927478 -0.304214 -0.217344 109.825
0.346731 0.917337 0.195629 435.413
0.139864 -0.256802 0.95629 64.9316
0.92789 -0.303727 -0.216263 109.794
0.346263 0.917069 0.197701 435.307
0.138281 -0.258329 0.956109 64.7143
0.927904 -0.304771 -0.214729 109.922
0.34674 0.917108 0.196681 435.249
0.136987 -0.256957 0.956665 64.6553
0.927992 -0.305442 -0.213391 109.83
0.347083 0.916925 0.196929 435.169
0.135513 -0.256813 0.956913 64.6653
0.928185 -0.305252 -0.212822 109.833
0.346666 0.917203 0.196373 435.091
0.135258 -0.256048 0.957154 64.7795
0.928598 -0.304648 -0.211887 109.875
0.346072 0.917045 0.198149 434.993
0.133944 -0.257328 0.956996 64.6623
0.929001 -0.303575 -0.211657 109.967
0.34529 0.916812 0.200578 434.926
0.133159 -0.25942 0.956541 64.4207
0.929214 -0.303411 -0.210957 109.953
0.344995 0.916837 0.200968 434.901
0.132438 -0.259522 0.956613 64.4165
0.929534 -0.302287 -0.211161 110.028
0.343964 0.917188 0.201134 434.862
0.132874 -0.259593 0.956533 64.5677
0.929727 -0.301424 -0.211544 110.108
0.343272 0.917357 0.201546 434.859
0.133311 -0.26 0.956362 64.5647
0.93 -0.300469 -0.211705 110.049
0.342815 0.916823 0.204726 434.805
0.132582 -0.262971 0.955651 64.0835
0.930024 -0.300182 -0.212004 110.118
0.342478 0.917166 0.203751 434.731
0.13328 -0.2621 0.955793 64.3397
0.929806 -0.300849 -0.212013 110.137
0.3432 0.916799 0.204189 434.748
0.132943 -0.262619 0.955697 64.0559
0.930152 -0.300469 -0.211034 110.172
0.342709 0.916741 0.205273 434.683
0.131785 -0.263258 0.955682 64.0015
0.930071 -0.300786 -0.210941 110.131
0.342929 0.916769 0.204779 434.696
0.13179 -0.262797 0.955808 64.0776
0.930232 -0.300719 -0.210324 110.121
0.342626 0.916995 0.204276 434.75
0.131436 -0.262086 0.956052 64.1176
0.930251 -0.300834 -0.210076 110.159
0.342609 0.917104 0.203814 434.79
0.131347 -0.261572 0.956205 64.1997
0.930378 -0.300936 -0.209366 110.203
0.342592 0.91699 0.204353 434.736
0.130489 -0.261852 0.956246 64.214
0.930011 -0.301454 -0.210249 110.224
0.343298 0.916795 0.204042 434.781
0.131246 -0.261939 0.956118 63.9971
0.929959 -0.301402 -0.210556 110.242
0.343286 0.916871 0.203722 434.79
0.13165 -0.261733 0.956119 64.0541
0.930098 -0.301119 -0.210343 110.164
0.343052 0.916792 0.204469 434.748
0.131271 -0.262335 0.956006 64.0377
0.930239 -0.300495 -0.210615 110.173
0.342554 0.916908 0.204784 434.717
0.131578 -0.262645 0.955879 64.184
0.930144 -0.300967 -0.21036 110.167
0.342895 0.91687 0.204384 434.706
0.131359 -0.262238 0.956021 64.158
0.930418 -0.300283 -0.210125 110.137
0.34246 0.916538 0.206588 434.653
0.130553 -0.264173 0.955599 63.9336
