0.17114 -0.93697 -0.30463 123.767
-0.128246 -0.327746 0.936021 449.412
-0.976865 -0.121123 -0.176253 76.9985
0.17114 -0.93697 -0.30463 123.767
-0.128246 -0.327746 0.936021 449.412
-0.976865 -0.121123 -0.176253 76.9985
0.170825 -0.937044 -0.304579 123.777
-0.127498 -0.327546 0.936193 449.374
-0.977017 -0.121092 -0.175424 77.0852
0.170825 -0.937044 -0.304579 123.777
-0.127498 -0.327546 0.936193 449.374
-0.977017 -0.121092 -0.175424 77.0852
0.170825 -0.937044 -0.304579 123.777
-0.127498 -0.327546 0.936193 449.374
-0.977017 -0.121092 -0.175424 77.0852
0.170571 -0.937018 -0.304799 123.745
-0.128215 -0.327809 0.936003 449.409
-0.976968 -0.120575 -0.176054 76.9632
0.170571 -0.937018 -0.304799 123.745
-0.128215 -0.327809 0.936003 449.409
-0.976968 -0.120575 -0.176054 76.9632
0.171706 -0.936904 -0.304514 123.731
-0.12744 -0.327632 0.936171 449.412
-0.976871 -0.12194 -0.175655 77.0547
0.171706 -0.936904 -0.304514 123.731
-0.12744 -0.327632 0.936171 449.412
-0.976871 -0.12194 -0.175655 77.0547
0.174799 -0.935823 -0.306074 123.632
-0.125207 -0.329463 0.93583 449.452
-0.976611 -0.125259 -0.174761 76.9293
0.174799 -0.935823 -0.306074 123.632
-0.125207 -0.329463 0.93583 449.452
-0.976611 -0.125259 -0.174761 76.9293
0.177019 -0.935587 -0.305518 123.803
-0.125998 -0.329409 0.935743 449.36
-0.976109 -0.12715 -0.176194 76.648
0.177019 -0.935587 -0.305518 123.803
-0.125998 -0.329409 0.935743 449.36
-0.976109 -0.12715 -0.176194 76.648
0.173942 -0.935866 -0.306429 123.737
-0.126803 -0.329868 0.935472 449.288
-0.976558 -0.123862 -0.176049 76.5787
0.173942 -0.935866 -0.306429 123.737
-0.126803 -0.329868 0.935472 449.288
-0.976558 -0.123862 -0.176049 76.5787
0.173267 -0.9357 -0.307318 123.675
-0.124663 -0.330364 0.935585 449.403
-0.976953 -0.123795 -0.173888 76.618
0.173267 -0.9357 -0.307318 123.675
-0.124663 -0.330364 0.935585 449.403
-0.976953 -0.123795 -0.173888 76.618
0.173575 -0.935559 -0.307572 123.693
-0.124436 -0.330645 0.935516 449.408
-0.976928 -0.124109 -0.173808 76.5609
0.173575 -0.935559 -0.307572 123.693
-0.124436 -0.330645 0.935516 449.408
-0.976928 -0.124109 -0.173808 76.5609
0.1736 -0.935713 -0.307088 123.935
-0.124494 -0.330173 0.935675 449.317
-0.976916 -0.124203 -0.173809 76.5687
0.1736 -0.935713 -0.307088 123.935
-0.124494 -0.330173 0.935675 449.317
-0.976916 -0.124203 -0.173809 76.5687
0.175161 -0.935097 -0.308079 123.73
-0.123614 -0.331329 0.935383 449.252
-0.976749 -0.125759 -0.173627 76.5296
0.175161 -0.935097 -0.308079 123.73
-0.123614 -0.331329 0.935383 449.252
-0.976749 -0.125759 -0.173627 76.5296
0.175238 -0.934946 -0.308493 123.683
-0.122451 -0.331606 0.935437 449.25
-0.976882 -0.126149 -0.172595 76.803
0.175238 -0.934946 -0.308493 123.683
-0.122451 -0.331606 0.935437 449.25
-0.976882 -0.126149 -0.172595 76.803
0.175415 -0.93475 -0.308985 123.788
-0.120783 -0.331913 0.935545 449.327
-0.977057 -0.126788 -0.171125 76.7571
0.175415 -0.93475 -0.308985 123.788
-0.120783 -0.331913 0.935545 449.327
-0.977057 -0.126788 -0.171125 76.7571
0.175181 -0.934576 -0.309644 123.662
-0.122148 -0.332709 0.935085 449.377
-0.97693 -0.125987 -0.172441 76.4036
0.175181 -0.934576 -0.309644 123.662
-0.122148 -0.332709 0.935085 449.377
-0.97693 -0.125987 -0.172441 76.4036
0.176381 -0.934094 -0.310415 123.833
-0.118955 -0.333276 0.935295 449.272
-0.977108 -0.128043 -0.169899 76.8723
0.176381 -0.934094 -0.310415 123.833
-0.118955 -0.333276 0.935295 449.272
-0.977108 -0.128043 -0.169899 76.8723
0.175493 -0.933941 -0.311378 123.801
-0.120458 -0.334281 0.934744 449.16
-0.977083 -0.126533 -0.171165 76.5333
0.175493 -0.933941 -0.311378 123.801
-0.120458 -0.334281 0.934744 449.16
-0.977083 -0.126533 -0.171165 76.5333
0.176444 -0.933696 -0.311574 123.743
-0.118311 -0.334363 0.934989 449.211
-0.977174 -0.128111 -0.169463 76.7305
0.176444 -0.933696 -0.311574 123.743
-0.118311 -0.334363 0.934989 449.211
-0.977174 -0.128111 -0.169463 76.7305
0.176978 -0.933412 -0.312124 123.722
-0.11924 -0.335128 0.934597 449.175
-0.976965 -0.128185 -0.17061 76.4742
0.176978 -0.933412 -0.312124 123.722
-0.11924 -0.335128 0.934597 449.175
-0.976965 -0.128185 -0.17061 76.4742
0.179476 -0.932754 -0.312664 123.787
-0.118837 -0.336054 0.934316 449.002
-0.976558 -0.130531 -0.171159 76.5241
0.179476 -0.932754 -0.312664 123.787
-0.118837 -0.336054 0.934316 449.002
-0.976558 -0.130531 -0.171159 76.5241
0.178142 -0.932695 -0.313601 123.908
-0.119688 -0.33687 0.933913 448.914
-0.976699 -0.128835 -0.171643 76.2522
0.178142 -0.932695 -0.313601 123.908
-0.119688 -0.33687 0.933913 448.914
-0.976699 -0.128835 -0.171643 76.2522
0.179615 -0.932288 -0.313969 123.982
-0.118381 -0.337324 0.933916 448.946
-0.976588 -0.130578 -0.170953 76.1499
0.179615 -0.932288 -0.313969 123.982
-0.118381 -0.337324 0.933916 448.946
-0.976588 -0.130578 -0.170953 76.1499
0.179462 -0.931954 -0.315049 123.819
-0.118084 -0.33834 0.933586 448.955
-0.976652 -0.130341 -0.170767 76.1044
0.179462 -0.931954 -0.315049 123.819
-0.118084 -0.33834 0.933586 448.955
-0.976652 -0.130341 -0.170767 76.1044
0.181104 -0.931592 -0.31518 123.742
-0.117513 -0.338681 0.933534 448.89
-0.976418 -0.132029 -0.170811 76.2095
0.181104 -0.931592 -0.31518 123.742
-0.117513 -0.338681 0.933534 448.89
-0.976418 -0.132029 -0.170811 76.2095
0.18104 -0.931375 -0.315857 123.867
-0.11715 -0.3393 0.933355 448.867
-0.976473 -0.131972 -0.170537 76.0425
0.18104 -0.931375 -0.315857 123.867
-0.11715 -0.3393 0.933355 448.867
-0.976473 -0.131972 -0.170537 76.0425
0.181064 -0.930409 -0.318678 123.604
-0.115358 -0.341889 0.932633 448.86
-0.976682 -0.132104 -0.169234 76.0742
0.181064 -0.930409 -0.318678 123.604
-0.115358 -0.341889 0.932633 448.86
-0.976682 -0.132104 -0.169234 76.0742
0.182308 -0.929589 -0.320357 123.706
-0.112422 -0.343388 0.932441 448.927
-0.976793 -0.133976 -0.167109 76.2416
0.182308 -0.929589 -0.320357 123.706
-0.112422 -0.343388 0.932441 448.927
-0.976793 -0.133976 -0.167109 76.2416
0.182007 -0.92931 -0.321335 123.717
-0.112119 -0.344275 0.93215 448.8
-0.976884 -0.13363 -0.166854 76.3594
0.182007 -0.92931 -0.321335 123.717
-0.112119 -0.344275 0.93215 448.8
-0.976884 -0.13363 -0.166854 76.3594
0.184817 -0.928615 -0.321741 123.707
-0.111898 -0.345135 0.931859 448.936
-0.976382 -0.136221 -0.167697 75.9687
0.184817 -0.928615 -0.321741 123.707
-0.111898 -0.345135 0.931859 448.936
-0.976382 -0.136221 -0.167697 75.9687
0.184933 -0.928879 -0.320909 123.722
-0.112228 -0.344367 0.932103 448.758
-0.976322 -0.136362 -0.167931 76.221
0.184933 -0.928879 -0.320909 123.722
-0.112228 -0.344367 0.932103 448.758
-0.976322 -0.136362 -0.167931 76.221
0.184138 -0.929089 -0.32076 123.761
-0.113185 -0.344213 0.932044 448.834
-0.976362 -0.13532 -0.168542 76.1138
0.184138 -0.929089 -0.32076 123.761
-0.113185 -0.344213 0.932044 448.834
-0.976362 -0.13532 -0.168542 76.1138
0.185525 -0.928756 -0.320924 123.747
-0.112459 -0.344517 0.93202 448.914
-0.976183 -0.136822 -0.168363 76.1076
0.185525 -0.928756 -0.320924 123.747
-0.112459 -0.344517 0.93202 448.914
-0.976183 -0.136822 -0.168363 76.1076
0.186444 -0.92875 -0.320409 123.774
-0.114914 -0.344504 0.931725 448.909
-0.975722 -0.136895 -0.170957 75.8374
0.186444 -0.92875 -0.320409 123.774
-0.114914 -0.344504 0.931725 448.909
-0.975722 -0.136895 -0.170957 75.8374
0.188831 -0.928262 -0.320427 123.762
-0.115399 -0.345012 0.931477 448.91
-0.975205 -0.138915 -0.17227 76.0893
0.188831 -0.928262 -0.320427 123.762
-0.115399 -0.345012 0.931477 448.91
-0.975205 -0.138915 -0.17227 76.0893
0.191532 -0.928073 -0.319367 123.642
-0.117905 -0.344791 0.931245 448.869
-0.974379 -0.140708 -0.175464 75.9191
0.191532 -0.928073 -0.319367 123.642
-0.117905 -0.344791 0.931245 448.869
-0.974379 -0.140708 -0.175464 75.9191
0.190168 -0.927967 -0.320488 123.739
-0.116609 -0.345484 0.931151 448.884
-0.974802 -0.139704 -0.17391 76.0301
0.190168 -0.927967 -0.320488 123.739
-0.116609 -0.345484 0.931151 448.884
-0.974802 -0.139704 -0.17391 76.0301
0.194474 -0.92746 -0.319371 123.774
-0.11898 -0.345487 0.930851 448.823
-0.973665 -0.143028 -0.177537 76.0048
0.194474 -0.92746 -0.319371 123.774
-0.11898 -0.345487 0.930851 448.823
-0.973665 -0.143028 -0.177537 76.0048
0.195994 -0.92682 -0.320299 123.757
-0.12053 -0.346926 0.930116 448.858
-0.97317 -0.143691 -0.179705 75.8398
0.195994 -0.92682 -0.320299 123.757
-0.12053 -0.346926 0.930116 448.858
-0.97317 -0.143691 -0.179705 75.8398
0.19836 -0.926458 -0.319888 123.851
-0.124573 -0.347557 0.929347 448.746
-0.972181 -0.144495 -0.184353 75.7142
0.19836 -0.926458 -0.319888 123.851
-0.124573 -0.347557 0.929347 448.746
-0.972181 -0.144495 -0.184353 75.7142
0.202569 -0.925128 -0.321098 123.65
-0.125428 -0.349706 0.928425 448.898
-0.971202 -0.147795 -0.186877 75.9291
0.202569 -0.925128 -0.321098 123.65
-0.125428 -0.349706 0.928425 448.898
-0.971202 -0.147795 -0.186877 75.9291
0.204002 -0.925001 -0.320557 123.806
-0.126325 -0.349578 0.928352 448.913
-0.970786 -0.148891 -0.188165 75.6878
0.204002 -0.925001 -0.320557 123.806
-0.126325 -0.349578 0.928352 448.913
-0.970786 -0.148891 -0.188165 75.6878
0.204767 -0.924774 -0.320724 123.799
-0.126672 -0.349949 0.928165 448.911
-0.970579 -0.149431 -0.188801 75.7605
0.204767 -0.924774 -0.320724 123.799
-0.126672 -0.349949 0.928165 448.911
-0.970579 -0.149431 -0.188801 75.7605
0.205754 -0.924841 -0.319899 123.861
-0.129347 -0.349726 0.92788 448.712
-0.970018 -0.149537 -0.191583 75.7145
0.205754 -0.924841 -0.319899 123.861
-0.129347 -0.349726 0.92788 448.712
-0.970018 -0.149537 -0.191583 75.7145
0.20642 -0.924467 -0.320548 123.844
-0.129507 -0.350534 0.927553 448.806
-0.969855 -0.149952 -0.192082 75.5979
0.20642 -0.924467 -0.320548 123.844
-0.129507 -0.350534 0.927553 448.806
-0.969855 -0.149952 -0.192082 75.5979
0.207901 -0.924474 -0.31957 123.885
-0.131985 -0.350234 0.927316 448.749
-0.969204 -0.150612 -0.194831 75.5875
0.207901 -0.924474 -0.31957 123.885
-0.131985 -0.350234 0.927316 448.749
-0.969204 -0.150612 -0.194831 75.5875
0.209698 -0.924216 -0.319142 123.777
-0.132539 -0.350255 0.92723 448.725
-0.968741 -0.15214 -0.195942 75.6878
0.209698 -0.924216 -0.319142 123.777
-0.132539 -0.350255 0.92723 448.725
-0.968741 -0.15214 -0.195942 75.6878
0.210244 -0.924294 -0.318557 123.906
-0.133999 -0.350009 0.927113 448.711
-0.968422 -0.152234 -0.197441 75.6018
0.210244 -0.924294 -0.318557 123.906
-0.133999 -0.350009 0.927113 448.711
-0.968422 -0.152234 -0.197441 75.6018
0.212656 -0.92406 -0.317634 123.907
-0.133907 -0.349562 0.927295 448.699
-0.967908 -0.154661 -0.198074 75.7169
0.212656 -0.92406 -0.317634 123.907
-0.133907 -0.349562 0.927295 448.699
-0.967908 -0.154661 -0.198074 75.7169
0.211894 -0.923873 -0.318683 123.913
-0.133095 -0.350329 0.927122 448.691
-0.968187 -0.154036 -0.197196 75.8091
0.211894 -0.923873 -0.318683 123.913
-0.133095 -0.350329 0.927122 448.691
-0.968187 -0.154036 -0.197196 75.8091
0.213476 -0.923773 -0.317918 123.853
-0.134358 -0.350089 0.927031 448.621
-0.967665 -0.155184 -0.198852 75.704
0.213476 -0.923773 -0.317918 123.853
-0.134358 -0.350089 0.927031 448.621
-0.967665 -0.155184 -0.198852 75.704
0.213132 -0.923295 -0.319533 123.956
-0.134465 -0.351655 0.926422 448.679
-0.967726 -0.154484 -0.199099 75.2665
0.213132 -0.923295 -0.319533 123.956
-0.134465 -0.351655 0.926422 448.679
-0.967726 -0.154484 -0.199099 75.2665
0.213779 -0.923217 -0.319326 123.9
-0.135097 -0.351682 0.92632 448.528
-0.967495 -0.154888 -0.199906 75.6089
0.213779 -0.923217 -0.319326 123.9
-0.135097 -0.351682 0.92632 448.528
-0.967495 -0.154888 -0.199906 75.6089
0.214758 -0.922753 -0.320009 123.962
-0.135816 -0.352687 0.925833 448.548
-0.967178 -0.155367 -0.201067 75.1918
0.214758 -0.922753 -0.320009 123.962
-0.135816 -0.352687 0.925833 448.548
-0.967178 -0.155367 -0.201067 75.1918
0.21417 -0.923015 -0.319648 123.976
-0.13661 -0.352329 0.925852 448.511
-0.967196 -0.154623 -0.201551 75.1481
0.21417 -0.923015 -0.319648 123.976
-0.13661 -0.352329 0.925852 448.511
-0.967196 -0.154623 -0.201551 75.1481
0.214836 -0.922614 -0.320357 123.863
-0.137485 -0.35332 0.925345 448.457
-0.966925 -0.154754 -0.202751 75.175
0.214836 -0.922614 -0.320357 123.863
-0.137485 -0.35332 0.925345 448.457
-0.966925 -0.154754 -0.202751 75.175
0.217887 -0.921491 -0.321526 124.074
-0.138039 -0.355226 0.924532 448.398
-0.966163 -0.157061 -0.2046 75.0302
0.217887 -0.921491 -0.321526 124.074
-0.138039 -0.355226 0.924532 448.398
-0.966163 -0.157061 -0.2046 75.0302
0.218801 -0.921009 -0.322287 123.936
-0.139044 -0.356348 0.92395 448.399
-0.965812 -0.157349 -0.20603 75.016
0.218801 -0.921009 -0.322287 123.936
-0.139044 -0.356348 0.92395 448.399
-0.965812 -0.157349 -0.20603 75.016
0.218697 -0.921052 -0.322233 124.039
-0.139914 -0.356414 0.923793 448.303
-0.96571 -0.156946 -0.206815 75.0332
0.218697 -0.921052 -0.322233 124.039
-0.139914 -0.356414 0.923793 448.303
-0.96571 -0.156946 -0.206815 75.0332
0.218701 -0.920696 -0.323248 124.08
-0.139015 -0.357286 0.923592 448.278
-0.965839 -0.157054 -0.20613 75.3273
0.218701 -0.920696 -0.323248 124.08
-0.139015 -0.357286 0.923592 448.278
-0.965839 -0.157054 -0.20613 75.3273
0.218822 -0.920441 -0.32389 124.047
-0.137985 -0.357789 0.923552 448.351
-0.965959 -0.157402 -0.205299 75.2991
0.218822 -0.920441 -0.32389 124.047
-0.137985 -0.357789 0.923552 448.351
-0.965959 -0.157402 -0.205299 75.2991
0.216184 -0.921081 -0.323844 124.21
-0.140053 -0.357512 0.923347 448.178
-0.966255 -0.154258 -0.206289 74.9682
0.216184 -0.921081 -0.323844 124.21
-0.140053 -0.357512 0.923347 448.178
-0.966255 -0.154258 -0.206289 74.9682
0.215879 -0.921043 -0.324156 124.229
-0.14004 -0.357758 0.923254 448.096
-0.966326 -0.153916 -0.206215 74.7807
0.215879 -0.921043 -0.324156 124.229
-0.14004 -0.357758 0.923254 448.096
-0.966326 -0.153916 -0.206215 74.7807
0.215959 -0.9212 -0.323656 124.319
-0.140446 -0.357338 0.923355 447.919
-0.966249 -0.153951 -0.206549 74.7098
0.215959 -0.9212 -0.323656 124.319
-0.140446 -0.357338 0.923355 447.919
-0.966249 -0.153951 -0.206549 74.7098
0.214228 -0.921377 -0.324299 124.335
-0.140395 -0.357605 0.92326 447.919
-0.966641 -0.152258 -0.205965 74.6045
0.214228 -0.921377 -0.324299 124.335
-0.140395 -0.357605 0.92326 447.919
-0.966641 -0.152258 -0.205965 74.6045
0.215524 -0.921582 -0.322856 124.533
-0.141404 -0.356596 0.923496 447.72
-0.966206 -0.153382 -0.207171 74.683
0.215524 -0.921582 -0.322856 124.533
-0.141404 -0.356596 0.923496 447.72
-0.966206 -0.153382 -0.207171 74.683
0.214427 -0.92181 -0.322936 124.547
-0.144048 -0.356855 0.922987 447.644
-0.96606 -0.151395 -0.209304 74.0671
0.214427 -0.92181 -0.322936 124.547
-0.144048 -0.356855 0.922987 447.644
-0.96606 -0.151395 -0.209304 74.0671
0.214545 -0.921813 -0.32285 124.643
-0.141404 -0.35638 0.923579 447.571
-0.966424 -0.152497 -0.206807 74.6127
0.214545 -0.921813 -0.32285 124.643
-0.141404 -0.35638 0.923579 447.571
-0.966424 -0.152497 -0.206807 74.6127
0.214684 -0.921779 -0.322853 124.739
-0.144116 -0.356839 0.922982 447.517
-0.965992 -0.151621 -0.209451 73.9982
0.214684 -0.921779 -0.322853 124.739
-0.144116 -0.356839 0.922982 447.517
-0.965992 -0.151621 -0.209451 73.9982
0.214313 -0.921674 -0.323397 124.69
-0.142315 -0.357022 0.923191 447.507
-0.966342 -0.151828 -0.207683 74.1994
0.214313 -0.921674 -0.323397 124.69
-0.142315 -0.357022 0.923191 447.507
-0.966342 -0.151828 -0.207683 74.1994
0.211404 -0.922234 -0.323718 124.808
-0.144211 -0.357009 0.922902 447.301
-0.966701 -0.148421 -0.208469 74.0763
0.211404 -0.922234 -0.323718 124.808
-0.144211 -0.357009 0.922902 447.301
-0.966701 -0.148421 -0.208469 74.0763
0.214156 -0.922113 -0.322248 125.067
-0.145458 -0.356329 0.922969 447.204
-0.965908 -0.150786 -0.210439 73.798
0.214156 -0.922113 -0.322248 125.067
-0.145458 -0.356329 0.922969 447.204
-0.965908 -0.150786 -0.210439 73.798
0.212988 -0.922304 -0.322478 125.02
-0.146264 -0.356429 0.922803 447.194
-0.966045 -0.149379 -0.210815 73.6732
0.212988 -0.922304 -0.322478 125.02
-0.146264 -0.356429 0.922803 447.194
-0.966045 -0.149379 -0.210815 73.6732
0.213647 -0.922271 -0.322135 124.98
-0.146768 -0.356308 0.92277 447.113
-0.965823 -0.149868 -0.211484 73.7557
0.213647 -0.922271 -0.322135 124.98
-0.146768 -0.356308 0.92277 447.113
-0.965823 -0.149868 -0.211484 73.7557
0.211736 -0.922497 -0.322749 124.91
-0.147569 -0.356627 0.922519 447.145
-0.966122 -0.147703 -0.211643 73.483
0.211736 -0.922497 -0.322749 124.91
-0.147569 -0.356627 0.922519 447.145
-0.966122 -0.147703 -0.211643 73.483
0.213454 -0.922434 -0.321797 124.958
-0.148788 -0.35624 0.922472 447.061
-0.965557 -0.149026 -0.213288 73.4298
0.213454 -0.922434 -0.321797 124.958
-0.148788 -0.35624 0.922472 447.061
-0.965557 -0.149026 -0.213288 73.4298
0.212326 -0.923145 -0.320501 125.056
-0.14966 -0.35483 0.922875 446.891
-0.965671 -0.147984 -0.213497 73.4146
0.212326 -0.923145 -0.320501 125.056
-0.14966 -0.35483 0.922875 446.891
-0.965671 -0.147984 -0.213497 73.4146
0.213236 -0.923113 -0.319988 125.11
-0.1499 -0.354555 0.922941 446.901
-0.965433 -0.148838 -0.213979 73.3566
0.213236 -0.923113 -0.319988 125.11
-0.1499 -0.354555 0.922941 446.901
-0.965433 -0.148838 -0.213979 73.3566
0.213587 -0.92327 -0.319302 125.135
-0.149433 -0.353874 0.923278 446.815
-0.965428 -0.149486 -0.21355 73.643
0.213587 -0.92327 -0.319302 125.135
-0.149433 -0.353874 0.923278 446.815
-0.965428 -0.149486 -0.21355 73.643
0.213706 -0.923302 -0.31913 125.108
-0.153963 -0.354427 0.922322 446.716
-0.964689 -0.147971 -0.217897 72.6686
0.213706 -0.923302 -0.31913 125.108
-0.153963 -0.354427 0.922322 446.716
-0.964689 -0.147971 -0.217897 72.6686
0.213301 -0.923481 -0.318881 125.207
-0.153646 -0.354038 0.922524 446.604
-0.964829 -0.14778 -0.217406 72.8155
0.213301 -0.923481 -0.318881 125.207
-0.153646 -0.354038 0.922524 446.604
-0.964829 -0.14778 -0.217406 72.8155
0.211278 -0.923402 -0.320453 125.141
-0.151155 -0.354778 0.922651 446.646
-0.965667 -0.146498 -0.214534 73.1128
0.211278 -0.923402 -0.320453 125.141
-0.151155 -0.354778 0.922651 446.646
-0.965667 -0.146498 -0.214534 73.1128
0.212527 -0.923444 -0.319503 125.153
-0.151697 -0.354189 0.922788 446.614
-0.965308 -0.14765 -0.215359 73.0462
0.212527 -0.923444 -0.319503 125.153
-0.151697 -0.354189 0.922788 446.614
-0.965308 -0.14765 -0.215359 73.0462
0.212041 -0.923524 -0.319597 125.119
-0.15247 -0.354292 0.922621 446.566
-0.965294 -0.146904 -0.215934 72.9426
0.212041 -0.923524 -0.319597 125.119
-0.15247 -0.354292 0.922621 446.566
-0.965294 -0.146904 -0.215934 72.9426
0.211835 -0.923571 -0.319598 125.082
-0.151993 -0.354175 0.922745 446.488
-0.965414 -0.146893 -0.215403 73.0849
0.211835 -0.923571 -0.319598 125.082
-0.151993 -0.354175 0.922745 446.488
-0.965414 -0.146893 -0.215403 73.0849
0.213042 -0.923196 -0.319877 125.118
-0.153372 -0.354934 0.922225 446.472
-0.96493 -0.147412 -0.217208 72.7955
0.213042 -0.923196 -0.319877 125.118
-0.153372 -0.354934 0.922225 446.472
-0.96493 -0.147412 -0.217208 72.7955
0.2133 -0.923401 -0.319115 125.303
-0.153636 -0.354271 0.922436 446.393
-0.964831 -0.147728 -0.217433 72.8799
0.2133 -0.923401 -0.319115 125.303
-0.153636 -0.354271 0.922436 446.393
-0.964831 -0.147728 -0.217433 72.8799
0.211964 -0.923435 -0.319906 125.067
-0.153691 -0.354768 0.922236 446.39
-0.965117 -0.146314 -0.217121 72.9187
0.211964 -0.923435 -0.319906 125.067
-0.153691 -0.354768 0.922236 446.39
-0.965117 -0.146314 -0.217121 72.9187
0.213068 -0.923378 -0.319336 125.192
-0.154426 -0.35456 0.922193 446.356
-0.964756 -0.147176 -0.218138 72.6404
0.213068 -0.923378 -0.319336 125.192
-0.154426 -0.35456 0.922193 446.356
-0.964756 -0.147176 -0.218138 72.6404
0.212378 -0.923417 -0.319683 125.208
-0.153675 -0.354636 0.922289 446.35
-0.965028 -0.146746 -0.217223 72.8243
0.212378 -0.923417 -0.319683 125.208
-0.153675 -0.354636 0.922289 446.35
-0.965028 -0.146746 -0.217223 72.8243
0.212202 -0.923427 -0.319771 125.15
-0.156124 -0.355056 0.921716 446.207
-0.964674 -0.145666 -0.219513 72.5501
0.212202 -0.923427 -0.319771 125.15
-0.156124 -0.355056 0.921716 446.207
-0.964674 -0.145666 -0.219513 72.5501
0.212307 -0.923664 -0.319014 125.189
-0.156106 -0.354321 0.922002 446.112
-0.964654 -0.145947 -0.219415 72.6968
0.212307 -0.923664 -0.319014 125.189
-0.156106 -0.354321 0.922002 446.112
-0.964654 -0.145947 -0.219415 72.6968
0.213749 -0.923298 -0.319112 125.18
-0.156599 -0.354822 0.921726 446.125
-0.964255 -0.147046 -0.22043 72.5927
0.213749 -0.923298 -0.319112 125.18
-0.156599 -0.354822 0.921726 446.125
-0.964255 -0.147046 -0.22043 72.5927
0.212832 -0.923229 -0.319921 125.179
-0.154753 -0.355141 0.921915 446.154
-0.964756 -0.146704 -0.218458 72.6207
0.212832 -0.923229 -0.319921 125.179
-0.154753 -0.355141 0.921915 446.154
-0.964756 -0.146704 -0.218458 72.6207
0.212832 -0.923229 -0.319921 125.179
-0.154753 -0.355141 0.921915 446.154
-0.964756 -0.146704 -0.218458 72.6207
0.211471 -0.923657 -0.319589 125.178
-0.157992 -0.354988 0.921424 446.032
-0.96453 -0.144362 -0.221 72.3087
0.211471 -0.923657 -0.319589 125.178
-0.157992 -0.354988 0.921424 446.032
-0.96453 -0.144362 -0.221 72.3087
0.212433 -0.923766 -0.318636 125.368
-0.157673 -0.354209 0.921778 445.912
-0.964371 -0.145576 -0.220899 72.3472
0.212433 -0.923766 -0.318636 125.368
-0.157673 -0.354209 0.921778 445.912
-0.964371 -0.145576 -0.220899 72.3472
0.212777 -0.923468 -0.319269 125.254
-0.15917 -0.355145 0.921161 445.913
-0.964049 -0.145184 -0.222555 72.12
0.212777 -0.923468 -0.319269 125.254
-0.15917 -0.355145 0.921161 445.913
-0.964049 -0.145184 -0.222555 72.12
0.213175 -0.923583 -0.318671 125.351
-0.159498 -0.35469 0.921279 445.838
-0.963907 -0.145566 -0.222921 72.1797
0.213175 -0.923583 -0.318671 125.351
-0.159498 -0.35469 0.921279 445.838
-0.963907 -0.145566 -0.222921 72.1797
0.212815 -0.923335 -0.319627 125.43
-0.159824 -0.35561 0.920868 445.792
-0.963933 -0.144891 -0.22325 71.9636
0.212815 -0.923335 -0.319627 125.43
-0.159824 -0.35561 0.920868 445.792
-0.963933 -0.144891 -0.22325 71.9636
0.213793 -0.922831 -0.32043 125.393
-0.161819 -0.356938 0.920005 445.623
-0.963383 -0.144839 -0.225642 71.8784
0.213793 -0.922831 -0.32043 125.393
-0.161819 -0.356938 0.920005 445.623
-0.963383 -0.144839 -0.225642 71.8784
0.215218 -0.922479 -0.32049 125.346
-0.162877 -0.357491 0.919604 445.558
-0.962888 -0.145714 -0.227189 71.8798
0.215218 -0.922479 -0.32049 125.346
-0.162877 -0.357491 0.919604 445.558
-0.962888 -0.145714 -0.227189 71.8798
0.216091 -0.921852 -0.321704 125.278
-0.163382 -0.358983 0.918933 445.691
-0.962606 -0.146012 -0.228187 71.7366
0.216091 -0.921852 -0.321704 125.278
-0.163382 -0.358983 0.918933 445.691
-0.962606 -0.146012 -0.228187 71.7366
0.216749 -0.921068 -0.323502 125.356
-0.16552 -0.361256 0.917659 445.55
-0.962093 -0.145356 -0.230757 71.6087
0.216749 -0.921068 -0.323502 125.356
-0.16552 -0.361256 0.917659 445.55
-0.962093 -0.145356 -0.230757 71.6087
0.217814 -0.920634 -0.324021 125.301
-0.164078 -0.361808 0.9177 445.638
-0.9621 -0.146723 -0.229862 71.7965
0.217814 -0.920634 -0.324021 125.301
-0.164078 -0.361808 0.9177 445.638
-0.9621 -0.146723 -0.229862 71.7965
0.217789 -0.920742 -0.32373 125.264
-0.166044 -0.361811 0.917345 445.534
-0.961768 -0.146035 -0.231682 71.7592
0.217789 -0.920742 -0.32373 125.264
-0.166044 -0.361811 0.917345 445.534
-0.961768 -0.146035 -0.231682 71.7592
0.218308 -0.919896 -0.32578 125.397
-0.168774 -0.364391 0.915825 445.57
-0.961175 -0.144949 -0.234804 71.4592
0.218308 -0.919896 -0.32578 125.397
-0.168774 -0.364391 0.915825 445.57
-0.961175 -0.144949 -0.234804 71.4592
0.218308 -0.919896 -0.32578 125.397
-0.168774 -0.364391 0.915825 445.57
-0.961175 -0.144949 -0.234804 71.4592
0.220496 -0.919294 -0.326005 125.405
-0.169847 -0.365313 0.915259 445.511
-0.960486 -0.14644 -0.23669 71.6628
0.220496 -0.919294 -0.326005 125.405
-0.169847 -0.365313 0.915259 445.511
-0.960486 -0.14644 -0.23669 71.6628
0.222336 -0.918679 -0.326491 125.483
-0.170843 -0.366402 0.914638 445.472
-0.959885 -0.147578 -0.238414 71.5772
0.222336 -0.918679 -0.326491 125.483
-0.170843 -0.366402 0.914638 445.472
-0.959885 -0.147578 -0.238414 71.5772
0.22446 -0.918659 -0.325089 125.487
-0.172345 -0.365766 0.914611 445.377
-0.959122 -0.149267 -0.240426 71.393
0.22446 -0.918659 -0.325089 125.487
-0.172345 -0.365766 0.914611 445.377
-0.959122 -0.149267 -0.240426 71.393
0.225297 -0.919044 -0.323418 125.528
-0.173977 -0.364567 0.91478 445.287
-0.958631 -0.14983 -0.242028 71.3442
0.225297 -0.919044 -0.323418 125.528
-0.173977 -0.364567 0.91478 445.287
-0.958631 -0.14983 -0.242028 71.3442
0.228583 -0.918687 -0.322125 125.54
-0.175022 -0.364275 0.914697 445.265
-0.957662 -0.152706 -0.244057 71.2065
0.228583 -0.918687 -0.322125 125.54
-0.175022 -0.364275 0.914697 445.265
-0.957662 -0.152706 -0.244057 71.2065
0.230287 -0.919 -0.320011 125.662
-0.177926 -0.36307 0.914616 445.139
-0.956718 -0.153686 -0.247125 71.0632
0.230287 -0.919 -0.320011 125.662
-0.177926 -0.36307 0.914616 445.139
-0.956718 -0.153686 -0.247125 71.0632
0.230939 -0.918971 -0.319624 125.631
-0.179173 -0.363053 0.914379 445.132
-0.956329 -0.153898 -0.248498 70.8039
0.230939 -0.918971 -0.319624 125.631
-0.179173 -0.363053 0.914379 445.132
-0.956329 -0.153898 -0.248498 70.8039
0.231671 -0.919387 -0.317893 125.83
-0.181066 -0.361826 0.914493 445.059
-0.955795 -0.154302 -0.250295 70.7207
0.231671 -0.919387 -0.317893 125.83
-0.181066 -0.361826 0.914493 445.059
-0.955795 -0.154302 -0.250295 70.7207
0.232029 -0.920023 -0.315784 126.07
-0.183693 -0.360247 0.914592 444.848
-0.955207 -0.154205 -0.252589 70.5525
0.232029 -0.920023 -0.315784 126.07
-0.183693 -0.360247 0.914592 444.848
-0.955207 -0.154205 -0.252589 70.5525
0.231669 -0.920476 -0.314727 126.072
-0.183418 -0.359057 0.915115 444.761
-0.955347 -0.154278 -0.252014 70.725
0.231669 -0.920476 -0.314727 126.072
-0.183418 -0.359057 0.915115 444.761
-0.955347 -0.154278 -0.252014 70.725
0.231334 -0.920822 -0.313961 126.225
-0.185464 -0.358537 0.914907 444.727
-0.955033 -0.153421 -0.253721 70.3311
0.231334 -0.920822 -0.313961 126.225
-0.185464 -0.358537 0.914907 444.727
-0.955033 -0.153421 -0.253721 70.3311
0.230295 -0.921627 -0.312358 126.293
-0.188399 -0.35714 0.914854 444.542
-0.954709 -0.151838 -0.255882 70.1554
0.230295 -0.921627 -0.312358 126.293
-0.188399 -0.35714 0.914854 444.542
-0.954709 -0.151838 -0.255882 70.1554
0.230295 -0.921627 -0.312358 126.293
-0.188399 -0.35714 0.914854 444.542
-0.954709 -0.151838 -0.255882 70.1554
0.230526 -0.921861 -0.311497 126.407
-0.188947 -0.356434 0.915016 444.402
-0.954545 -0.152078 -0.25635 70.3213
0.230526 -0.921861 -0.311497 126.407
-0.188947 -0.356434 0.915016 444.402
-0.954545 -0.152078 -0.25635 70.3213
0.23077 -0.921802 -0.31149 126.511
-0.188828 -0.356472 0.915025 444.409
-0.95451 -0.152342 -0.256325 69.8747
0.23077 -0.921802 -0.31149 126.511
-0.188828 -0.356472 0.915025 444.409
-0.95451 -0.152342 -0.256325 69.8747
0.230842 -0.922289 -0.309993 126.599
-0.189765 -0.355156 0.915343 444.179
-0.954307 -0.152473 -0.257003 69.782
0.230842 -0.922289 -0.309993 126.599
-0.189765 -0.355156 0.915343 444.179
-0.954307 -0.152473 -0.257003 69.782
0.229426 -0.922569 -0.31021 126.603
-0.191005 -0.355189 0.915073 444.098
-0.954401 -0.15069 -0.257704 69.4615
0.229426 -0.922569 -0.31021 126.603
-0.191005 -0.355189 0.915073 444.098
-0.954401 -0.15069 -0.257704 69.4615
0.231153 -0.922782 -0.308289 126.768
-0.191387 -0.353807 0.915528 443.94
-0.953907 -0.152625 -0.258392 69.5301
0.231153 -0.922782 -0.308289 126.768
-0.191387 -0.353807 0.915528 443.94
-0.953907 -0.152625 -0.258392 69.5301
0.232606 -0.922692 -0.307465 126.759
-0.191285 -0.353364 0.91572 443.866
-0.953575 -0.154188 -0.258692 69.4368
0.232606 -0.922692 -0.307465 126.759
-0.191285 -0.353364 0.91572 443.866
-0.953575 -0.154188 -0.258692 69.4368
0.230542 -0.923252 -0.307338 126.872
-0.191059 -0.352647 0.916044 443.766
-0.954121 -0.152467 -0.257695 69.4052
0.230542 -0.923252 -0.307338 126.872
-0.191059 -0.352647 0.916044 443.766
-0.954121 -0.152467 -0.257695 69.4052
0.23097 -0.92283 -0.308281 126.629
-0.189843 -0.353503 0.915967 443.818
-0.95426 -0.153035 -0.256842 69.4353
0.23097 -0.92283 -0.308281 126.629
-0.189843 -0.353503 0.915967 443.818
-0.95426 -0.153035 -0.256842 69.4353
0.231558 -0.922799 -0.307934 126.872
-0.191242 -0.353541 0.915661 443.611
-0.953838 -0.153139 -0.258343 69.2644
0.231558 -0.922799 -0.307934 126.872
-0.191242 -0.353541 0.915661 443.611
-0.953838 -0.153139 -0.258343 69.2644
0.231851 -0.922973 -0.307189 126.912
-0.191024 -0.352845 0.915975 443.567
-0.953811 -0.15369 -0.258117 69.4195
0.231851 -0.922973 -0.307189 126.912
-0.191024 -0.352845 0.915975 443.567
-0.953811 -0.15369 -0.258117 69.4195
0.232819 -0.92261 -0.307549 126.771
-0.191482 -0.353537 0.915612 443.607
-0.953483 -0.154282 -0.258974 69.3282
0.232819 -0.92261 -0.307549 126.771
-0.191482 -0.353537 0.915612 443.607
-0.953483 -0.154282 -0.258974 69.3282
0.233597 -0.92273 -0.306597 126.902
-0.193683 -0.353159 0.915295 443.507
-0.952848 -0.154427 -0.261214 68.9727
0.233597 -0.92273 -0.306597 126.902
-0.193683 -0.353159 0.915295 443.507
-0.952848 -0.154427 -0.261214 68.9727
0.232531 -0.922713 -0.307459 126.935
-0.193619 -0.353714 0.915094 443.464
-0.953122 -0.153258 -0.260904 69.0176
0.232531 -0.922713 -0.307459 126.935
-0.193619 -0.353714 0.915094 443.464
-0.953122 -0.153258 -0.260904 69.0176
0.232997 -0.922875 -0.306616 127
-0.194479 -0.353144 0.915132 443.396
-0.952833 -0.153593 -0.261761 68.8664
0.232997 -0.922875 -0.306616 127
-0.194479 -0.353144 0.915132 443.396
-0.952833 -0.153593 -0.261761 68.8664
0.231647 -0.922952 -0.307407 126.881
-0.194161 -0.35351 0.915059 443.382
-0.953227 -0.152284 -0.261091 68.9496
0.231647 -0.922952 -0.307407 126.881
-0.194161 -0.35351 0.915059 443.382
-0.953227 -0.152284 -0.261091 68.9496
0.23288 -0.922601 -0.30753 126.951
-0.194964 -0.354095 0.914661 443.258
-0.952762 -0.153049 -0.262336 68.9314
0.23288 -0.922601 -0.30753 126.951
-0.194964 -0.354095 0.914661 443.258
-0.952762 -0.153049 -0.262336 68.9314
0.232525 -0.922483 -0.308152 126.886
-0.194874 -0.354601 0.914485 443.362
-0.952867 -0.152589 -0.262221 68.6586
0.232525 -0.922483 -0.308152 126.886
-0.194874 -0.354601 0.914485 443.362
-0.952867 -0.152589 -0.262221 68.6586
0.231812 -0.922968 -0.307233 126.935
-0.194424 -0.353424 0.915036 443.243
-0.953133 -0.152383 -0.261376 69.0181
0.231812 -0.922968 -0.307233 126.935
-0.194424 -0.353424 0.915036 443.243
-0.953133 -0.152383 -0.261376 69.0181
0.232586 -0.922694 -0.307474 127.038
-0.194352 -0.353862 0.914882 443.269
-0.952959 -0.153031 -0.26163 68.8148
0.232586 -0.922694 -0.307474 127.038
-0.194352 -0.353862 0.914882 443.269
-0.952959 -0.153031 -0.26163 68.8148
0.233697 -0.922753 -0.306452 127.043
-0.195656 -0.353362 0.914797 443.167
-0.95242 -0.153826 -0.263122 68.6495
0.233697 -0.922753 -0.306452 127.043
-0.195656 -0.353362 0.914797 443.167
-0.95242 -0.153826 -0.263122 68.6495
0.232687 -0.922694 -0.307396 126.941
-0.195633 -0.354018 0.914549 443.206
-0.952672 -0.152666 -0.262885 68.5677
0.232687 -0.922694 -0.307396 126.941
-0.195633 -0.354018 0.914549 443.206
-0.952672 -0.152666 -0.262885 68.5677
0.233927 -0.922573 -0.306819 127.118
-0.194831 -0.353655 0.91486 443.14
-0.952533 -0.154233 -0.262475 68.6297
0.233927 -0.922573 -0.306819 127.118
-0.194831 -0.353655 0.91486 443.14
-0.952533 -0.154233 -0.262475 68.6297
0.231767 -0.922894 -0.307491 126.975
-0.195308 -0.353809 0.914699 443.174
-0.952963 -0.151942 -0.26225 68.6206
0.231767 -0.922894 -0.307491 126.975
-0.195308 -0.353809 0.914699 443.174
-0.952963 -0.151942 -0.26225 68.6206
0.232735 -0.922672 -0.307427 126.884
-0.194609 -0.353897 0.914814 443.136
-0.95287 -0.153081 -0.261925 68.7899
0.232735 -0.922672 -0.307427 126.884
-0.194609 -0.353897 0.914814 443.136
-0.95287 -0.153081 -0.261925 68.7899
0.232005 -0.922804 -0.307583 127.058
-0.196294 -0.354121 0.914367 443.063
-0.952703 -0.151761 -0.263299 68.3811
0.232005 -0.922804 -0.307583 127.058
-0.196294 -0.354121 0.914367 443.063
-0.952703 -0.151761 -0.263299 68.3811
0.231725 -0.922721 -0.308042 127.013
-0.195203 -0.354327 0.914521 443.067
-0.952995 -0.151787 -0.262225 68.4718
0.231725 -0.922721 -0.308042 127.013
-0.195203 -0.354327 0.914521 443.067
-0.952995 -0.151787 -0.262225 68.4718
0.231725 -0.922721 -0.308042 127.013
-0.195203 -0.354327 0.914521 443.067
-0.952995 -0.151787 -0.262225 68.4718
0.231246 -0.922928 -0.307781 127.046
-0.195329 -0.353957 0.914637 442.99
-0.953085 -0.151388 -0.262126 68.4808
0.231246 -0.922928 -0.307781 127.046
-0.195329 -0.353957 0.914637 442.99
-0.953085 -0.151388 -0.262126 68.4808
0.231364 -0.922921 -0.307714 127.077
-0.19492 -0.353858 0.914763 442.956
-0.953141 -0.151663 -0.261766 68.4923
0.231364 -0.922921 -0.307714 127.077
-0.19492 -0.353858 0.914763 442.956
-0.953141 -0.151663 -0.261766 68.4923
0.228666 -0.924114 -0.306147 127.272
-0.197368 -0.351956 0.914972 442.654
-0.953288 -0.148799 -0.262871 68.3886
0.228666 -0.924114 -0.306147 127.272
-0.197368 -0.351956 0.914972 442.654
-0.953288 -0.148799 -0.262871 68.3886
0.226252 -0.924404 -0.307061 127.178
-0.197035 -0.352152 0.914968 442.718
-0.953933 -0.146511 -0.261815 68.2169
0.226252 -0.924404 -0.307061 127.178
-0.197035 -0.352152 0.914968 442.718
-0.953933 -0.146511 -0.261815 68.2169
0.228955 -0.924196 -0.305682 127.419
-0.197308 -0.351565 0.915135 442.593
-0.953231 -0.149211 -0.262844 68.1747
0.228955 -0.924196 -0.305682 127.419
-0.197308 -0.351565 0.915135 442.593
-0.953231 -0.149211 -0.262844 68.1747
0.227577 -0.924574 -0.305568 127.548
-0.197871 -0.351163 0.915168 442.495
-0.953444 -0.147809 -0.262863 68.0511
0.227577 -0.924574 -0.305568 127.548
-0.197871 -0.351163 0.915168 442.495
-0.953444 -0.147809 -0.262863 68.0511
0.228014 -0.924472 -0.305551 127.517
-0.197992 -0.351285 0.915095 442.469
-0.953315 -0.148158 -0.263136 67.9707
0.228014 -0.924472 -0.305551 127.517
-0.197992 -0.351285 0.915095 442.469
-0.953315 -0.148158 -0.263136 67.9707
0.227709 -0.924566 -0.305494 127.555
-0.19763 -0.351089 0.915248 442.519
-0.953463 -0.148035 -0.262668 67.8598
0.227709 -0.924566 -0.305494 127.555
-0.19763 -0.351089 0.915248 442.519
-0.953463 -0.148035 -0.262668 67.8598
0.227062 -0.924722 -0.305502 127.459
-0.196668 -0.350772 0.915577 442.541
-0.953816 -0.14781 -0.26151 67.8638
0.227062 -0.924722 -0.305502 127.459
-0.196668 -0.350772 0.915577 442.541
-0.953816 -0.14781 -0.26151 67.8638
0.225752 -0.925403 -0.304411 127.486
-0.19786 -0.34952 0.915799 442.399
-0.95388 -0.146512 -0.262005 67.7078
0.225752 -0.925403 -0.304411 127.486
-0.19786 -0.34952 0.915799 442.399
-0.95388 -0.146512 -0.262005 67.7078
0.223678 -0.925682 -0.305092 127.497
-0.196116 -0.349366 0.916232 442.383
-0.954729 -0.145108 -0.259686 67.9094
0.223678 -0.925682 -0.305092 127.497
-0.196116 -0.349366 0.916232 442.383
-0.954729 -0.145108 -0.259686 67.9094
0.223719 -0.925577 -0.305381 127.535
-0.192718 -0.349145 0.917038 442.442
-0.955411 -0.146307 -0.256485 68.0998
0.223719 -0.925577 -0.305381 127.535
-0.192718 -0.349145 0.917038 442.442
-0.955411 -0.146307 -0.256485 68.0998
0.223719 -0.925577 -0.305381 127.535
-0.192718 -0.349145 0.917038 442.442
-0.955411 -0.146307 -0.256485 68.0998
0.22051 -0.926346 -0.305382 127.571
-0.195688 -0.34874 0.916563 442.268
-0.955553 -0.142352 -0.258176 67.6611
0.22051 -0.926346 -0.305382 127.571
-0.195688 -0.34874 0.916563 442.268
-0.955553 -0.142352 -0.258176 67.6611
0.218749 -0.92704 -0.304541 127.603
-0.195669 -0.347435 0.917062 442.085
-0.955962 -0.141017 -0.257393 67.9046
0.218749 -0.92704 -0.304541 127.603
-0.195669 -0.347435 0.917062 442.085
-0.955962 -0.141017 -0.257393 67.9046
0.217344 -0.927478 -0.304214 127.632
-0.195629 -0.346731 0.917337 442.07
-0.95629 -0.139864 -0.256802 67.617
0.217344 -0.927478 -0.304214 127.632
-0.195629 -0.346731 0.917337 442.07
-0.95629 -0.139864 -0.256802 67.617
0.216263 -0.92789 -0.303727 127.609
-0.197701 -0.346263 0.917069 441.955
-0.956109 -0.138281 -0.258329 67.3693
0.216263 -0.92789 -0.303727 127.609
-0.197701 -0.346263 0.917069 441.955
-0.956109 -0.138281 -0.258329 67.3693
0.21507 -0.927884 -0.304591 127.761
-0.196584 -0.346638 0.917168 441.922
-0.956608 -0.137378 -0.256959 67.2979
0.21507 -0.927884 -0.304591 127.761
-0.196584 -0.346638 0.917168 441.922
-0.956608 -0.137378 -0.256959 67.2979
0.21333 -0.927984 -0.305511 127.645
-0.197083 -0.347157 0.916865 441.841
-0.956895 -0.135384 -0.256949 67.2341
0.21333 -0.927984 -0.305511 127.645
-0.197083 -0.347157 0.916865 441.841
-0.956895 -0.135384 -0.256949 67.2341
0.213789 -0.928048 -0.304994 127.668
-0.195926 -0.346603 0.917322 441.776
-0.957031 -0.136357 -0.255928 67.4829
0.213789 -0.928048 -0.304994 127.668
-0.195926 -0.346603 0.917322 441.776
-0.957031 -0.136357 -0.255928 67.4829
0.211962 -0.928307 -0.305481 127.641
-0.19677 -0.346721 0.917096 441.721
-0.957263 -0.13428 -0.256155 67.2817
0.211962 -0.928307 -0.305481 127.641
-0.19677 -0.346721 0.917096 441.721
-0.957263 -0.13428 -0.256155 67.2817
0.211787 -0.928977 -0.303559 127.787
-0.199949 -0.345222 0.916975 441.528
-0.956643 -0.133507 -0.258861 67.1717
0.211787 -0.928977 -0.303559 127.787
-0.199949 -0.345222 0.916975 441.528
-0.956643 -0.133507 -0.258861 67.1717
0.211446 -0.929041 -0.3036 127.831
-0.201597 -0.3454 0.916547 441.6
-0.956373 -0.132595 -0.260325 66.6624
0.211446 -0.929041 -0.3036 127.831
-0.201597 -0.3454 0.916547 441.6
-0.956373 -0.132595 -0.260325 66.6624
0.210705 -0.929303 -0.303313 127.775
-0.200644 -0.344786 0.916987 441.486
-0.956737 -0.132356 -0.259107 67.1126
0.210705 -0.929303 -0.303313 127.775
-0.200644 -0.344786 0.916987 441.486
-0.956737 -0.132356 -0.259107 67.1126
0.211544 -0.929727 -0.301424 127.959
-0.201546 -0.343272 0.917357 441.449
-0.956362 -0.133311 -0.26 67.1243
0.211544 -0.929727 -0.301424 127.959
-0.201546 -0.343272 0.917357 441.449
-0.956362 -0.133311 -0.26 67.1243
0.211544 -0.929727 -0.301424 127.959
-0.201546 -0.343272 0.917357 441.449
-0.956362 -0.133311 -0.26 67.1243
0.211544 -0.929727 -0.301424 127.959
-0.201546 -0.343272 0.917357 441.449
-0.956362 -0.133311 -0.26 67.1243
0.211705 -0.93 -0.300469 127.905
-0.204726 -0.342815 0.916823 441.387
-0.955651 -0.132582 -0.262971 66.629
0.211705 -0.93 -0.300469 127.905
-0.204726 -0.342815 0.916823 441.387
-0.955651 -0.132582 -0.262971 66.629
0.212004 -0.930024 -0.300182 127.974
-0.203751 -0.342478 0.917166 441.307
-0.955793 -0.13328 -0.2621 66.8987
0.212004 -0.930024 -0.300182 127.974
-0.203751 -0.342478 0.917166 441.307
-0.955793 -0.13328 -0.2621 66.8987
0.212013 -0.929806 -0.300849 127.989
-0.204189 -0.3432 0.916799 441.338
-0.955697 -0.132943 -0.262619 66.6084
0.212013 -0.929806 -0.300849 127.989
-0.204189 -0.3432 0.916799 441.338
-0.955697 -0.132943 -0.262619 66.6084
0.211004 -0.930195 -0.300356 128.044
-0.20544 -0.342613 0.916739 441.257
-0.955653 -0.13173 -0.263392 66.5052
0.211004 -0.930195 -0.300356 128.044
-0.20544 -0.342613 0.916739 441.257
-0.955653 -0.13173 -0.263392 66.5052
0.211119 -0.93003 -0.300789 127.992
-0.204796 -0.342982 0.916745 441.281
-0.955765 -0.131942 -0.262877 66.6073
0.211119 -0.93003 -0.300789 127.992
-0.204796 -0.342982 0.916745 441.281
-0.955765 -0.131942 -0.262877 66.6073
0.210011 -0.930285 -0.300774 127.97
-0.204688 -0.342652 0.916893 441.281
-0.956032 -0.130993 -0.262379 66.6112
0.210011 -0.930285 -0.300774 127.97
-0.204688 -0.342652 0.916893 441.281
-0.956032 -0.130993 -0.262379 66.6112
0.210726 -0.930164 -0.300648 127.996
-0.203745 -0.342591 0.917125 441.389
-0.956077 -0.132007 -0.26171 66.6797
0.210726 -0.930164 -0.300648 127.996
-0.203745 -0.342591 0.917125 441.389
-0.956077 -0.132007 -0.26171 66.6797
0.209144 -0.930375 -0.3011 128.054
-0.203912 -0.342634 0.917072 441.337
-0.956388 -0.130402 -0.261375 66.7816
0.209144 -0.930375 -0.3011 128.054
-0.203912 -0.342634 0.917072 441.337
-0.956388 -0.130402 -0.261375 66.7816
0.209927 -0.930386 -0.300519 128.096
-0.205468 -0.342485 0.916781 441.256
-0.955884 -0.13071 -0.263062 66.5618
0.209927 -0.930386 -0.300519 128.096
-0.205468 -0.342485 0.916781 441.256
-0.955884 -0.13071 -0.263062 66.5618
0.210461 -0.929763 -0.302071 128.069
-0.2031 -0.343835 0.916803 441.449
-0.956272 -0.131601 -0.261198 66.4874
0.210461 -0.929763 -0.302071 128.069
-0.2031 -0.343835 0.916803 441.449
-0.956272 -0.131601 -0.261198 66.4874
0.210629 -0.930112 -0.300877 128.119
-0.204209 -0.342855 0.916924 441.328
-0.955999 -0.131689 -0.262153 66.6559
