0.93697 -0.30463 -0.17114 105.777
0.327746 0.936021 0.128246 443.119
0.121123 -0.176253 0.976865 74.6729
0.93697 -0.30463 -0.17114 105.777
0.327746 0.936021 0.128246 443.119
0.121123 -0.176253 0.976865 74.6729
0.93697 -0.30463 -0.17114 105.777
0.327746 0.936021 0.128246 443.119
0.121123 -0.176253 0.976865 74.6729
0.936984 -0.30462 -0.171078 105.779
0.327707 0.936055 0.1281 443.112
0.121117 -0.176091 0.976894 74.69
0.937044 -0.304579 -0.170825 105.786
0.327546 0.936193 0.127498 443.085
0.121092 -0.175424 0.977017 74.7603
0.937018 -0.304799 -0.170571 105.754
0.327809 0.936003 0.128215 443.115
0.120575 -0.176054 0.976968 74.6482
0.936904 -0.304514 -0.171706 105.743
0.327632 0.936171 0.12744 443.121
0.12194 -0.175655 0.976871 74.7135
0.935823 -0.306074 -0.174799 105.664
0.329463 0.93583 0.125207 443.126
0.125259 -0.174761 0.976611 74.5243
0.93564 -0.305687 -0.176449 105.827
0.329494 0.935693 0.126147 443.02
0.12654 -0.176167 0.976193 74.2056
0.935856 -0.306483 -0.173901 105.765
0.329898 0.935479 0.126672 442.961
0.123858 -0.175916 0.976582 74.2031
0.935632 -0.307441 -0.173416 105.72
0.3305 0.935551 0.124553 443.06
0.123947 -0.17385 0.976941 74.2105
0.935638 -0.307327 -0.173588 105.852
0.330405 0.935597 0.124465 443.018
0.124157 -0.173809 0.976922 74.1811
0.935482 -0.307461 -0.174187 105.897
0.330607 0.935565 0.124164 442.945
0.124788 -0.17374 0.976853 74.1581
0.934999 -0.308347 -0.175211 105.748
0.331509 0.935418 0.122861 442.886
0.126011 -0.172959 0.976835 74.2872
0.93483 -0.308785 -0.175343 105.797
0.331789 0.935502 0.121462 442.925
0.126528 -0.171723 0.976986 74.3464
0.93465 -0.309363 -0.175281 105.77
0.33237 0.935282 0.121566 442.974
0.126329 -0.171879 0.976984 74.1289
0.934185 -0.31027 -0.176156 105.864
0.33317 0.935256 0.119555 442.895
0.127656 -0.170376 0.977075 74.3333
0.933941 -0.311378 -0.175493 105.87
0.334281 0.934744 0.120458 442.742
0.126533 -0.171165 0.977083 74.1038
0.93364 -0.311684 -0.176551 105.813
0.334516 0.93491 0.118497 442.781
0.128126 -0.169692 0.977133 74.2193
0.93334 -0.312183 -0.17725 105.809
0.335229 0.934566 0.119196 442.72
0.128441 -0.17067 0.976921 74.0135
0.932749 -0.312748 -0.179357 105.889
0.336127 0.934279 0.118913 442.54
0.130379 -0.171203 0.976571 73.9964
0.932566 -0.313718 -0.178612 106.026
0.337015 0.933914 0.119271 442.454
0.12939 -0.171423 0.976664 73.7353
0.932185 -0.314303 -0.179568 106.034
0.337638 0.933814 0.118289 442.466
0.130505 -0.170896 0.976608 73.6302
0.931713 -0.315136 -0.180556 105.879
0.338568 0.933551 0.117704 442.411
0.131466 -0.170796 0.976496 73.6503
0.931468 -0.315566 -0.181067 105.929
0.339034 0.933432 0.117306 442.368
0.131996 -0.170655 0.97645 73.5799
0.930871 -0.317331 -0.181053 105.857
0.340653 0.932979 0.116214 442.323
0.13204 -0.169857 0.976583 73.5239
0.929784 -0.319958 -0.182012 105.83
0.343032 0.932487 0.113121 442.325
0.13353 -0.167614 0.976768 73.638
0.929396 -0.321034 -0.1821 105.869
0.344002 0.93224 0.112212 442.234
0.133737 -0.166932 0.976856 73.7554
0.928615 -0.321741 -0.184817 105.877
0.345135 0.931859 0.111898 442.31
0.136221 -0.167697 0.976382 73.3533
0.928879 -0.320909 -0.184933 105.888
0.344367 0.932103 0.112228 442.147
0.136362 -0.167931 0.976322 73.6028
0.929089 -0.32076 -0.184138 105.923
0.344213 0.932044 0.113185 442.225
0.13532 -0.168542 0.976362 73.5156
0.928755 -0.320794 -0.185757 105.922
0.344513 0.931946 0.11308 442.298
0.13684 -0.169019 0.976067 73.412
0.928661 -0.320413 -0.18688 105.941
0.344597 0.93168 0.115003 442.293
0.137264 -0.171197 0.975628 73.248
0.928223 -0.320208 -0.189391 105.915
0.344966 0.93143 0.115919 442.278
0.139287 -0.172932 0.975035 73.3797
0.928014 -0.319996 -0.190767 105.878
0.34518 0.931193 0.117178 442.25
0.140144 -0.174592 0.974616 73.2906
0.927783 -0.320081 -0.191745 105.938
0.345484 0.931042 0.117477 442.229
0.14092 -0.175238 0.974389 73.3152
0.926977 -0.320072 -0.195622 105.963
0.346574 0.930296 0.120151 442.195
0.143529 -0.179175 0.973291 73.1244
0.926587 -0.320036 -0.197517 106.027
0.347332 0.929623 0.123133 442.117
0.144209 -0.182698 0.972535 72.9901
0.925652 -0.320625 -0.200919 105.956
0.348864 0.928787 0.125094 442.14
0.146503 -0.185887 0.971588 73.032
0.925014 -0.320611 -0.203857 106.03
0.349591 0.928359 0.126234 442.199
0.14878 -0.188035 0.970828 72.8556
0.924774 -0.320724 -0.204767 106.044
0.349949 0.928165 0.126672 442.192
0.149431 -0.188801 0.970579 72.8914
0.924795 -0.319979 -0.205836 106.103
0.349826 0.927839 0.129367 442.007
0.149588 -0.191644 0.969998 72.828
0.924468 -0.320493 -0.206503 106.096
0.350517 0.92754 0.129645 442.073
0.149989 -0.192236 0.969819 72.7175
0.924474 -0.31957 -0.207901 106.135
0.350234 0.927316 0.131985 442.025
0.150612 -0.194831 0.969204 72.6958
0.924252 -0.318871 -0.209951 106.091
0.350141 0.927176 0.133214 441.995
0.152183 -0.196636 0.968594 72.7261
0.92422 -0.318265 -0.211008 106.162
0.349867 0.92717 0.133969 441.989
0.153002 -0.197642 0.96826 72.7006
0.923995 -0.318 -0.21239 106.169
0.34983 0.927235 0.133623 441.979
0.154443 -0.197768 0.968006 72.7838
0.923809 -0.318192 -0.212911 106.138
0.350174 0.927064 0.133907 441.923
0.154774 -0.19826 0.967852 72.7699
0.923525 -0.318756 -0.213298 106.175
0.350901 0.926715 0.134413 441.914
0.154821 -0.19898 0.967697 72.5046
0.923226 -0.31935 -0.213705 106.18
0.351679 0.926332 0.135024 441.793
0.154842 -0.199813 0.967522 72.5965
0.922834 -0.31989 -0.214586 106.232
0.352511 0.925918 0.13569 441.776
0.155284 -0.200863 0.967234 72.2835
0.923015 -0.319648 -0.21417 106.254
0.352329 0.925852 0.13661 441.747
0.154623 -0.201551 0.967196 72.1793
0.922614 -0.320357 -0.214836 106.149
0.35332 0.925345 0.137485 441.673
0.154754 -0.202751 0.966925 72.2038
0.921474 -0.321553 -0.21792 106.376
0.355266 0.924512 0.138074 441.577
0.157071 -0.204651 0.96615 72.0139
0.92103 -0.322261 -0.218751 106.301
0.356379 0.923875 0.139458 441.511
0.157157 -0.206404 0.965764 72.0068
0.920932 -0.322576 -0.218699 106.371
0.356708 0.923725 0.13961 441.446
0.156982 -0.206583 0.965753 72.1184
0.920626 -0.323425 -0.218734 106.395
0.357424 0.923581 0.138732 441.435
0.15715 -0.205901 0.965872 72.3022
0.920813 -0.323863 -0.217292 106.462
0.357629 0.923433 0.139185 441.384
0.155578 -0.205873 0.966132 72.12
0.921061 -0.324002 -0.21603 106.535
0.357636 0.9233 0.140047 441.27
0.154085 -0.206251 0.966291 71.9149
0.921165 -0.323767 -0.215941 106.613
0.357431 0.923333 0.140356 441.096
0.153943 -0.206475 0.966266 71.7698
0.921324 -0.324105 -0.214752 106.641
0.357524 0.923289 0.14041 441.055
0.152771 -0.206142 0.966523 71.7032
0.921519 -0.323303 -0.215123 106.778
0.356908 0.923423 0.141092 440.929
0.153034 -0.206798 0.966341 71.7205
0.921777 -0.322924 -0.214585 106.847
0.356818 0.923061 0.143666 440.804
0.151682 -0.208996 0.966081 71.2438
0.921813 -0.32285 -0.214545 106.944
0.35638 0.923579 0.141404 440.729
0.152497 -0.206807 0.966424 71.6848
0.921758 -0.322963 -0.214609 107.031
0.356876 0.923025 0.143754 440.663
0.151662 -0.209095 0.966063 71.1268
0.921721 -0.323424 -0.214076 107.002
0.357021 0.923168 0.14247 440.635
0.15155 -0.207747 0.966371 71.2796
0.922221 -0.323561 -0.211698 107.129
0.356937 0.922909 0.144344 440.438
0.148673 -0.20868 0.966617 71.1921
0.9222 -0.322353 -0.213624 107.34
0.356375 0.922893 0.145825 440.357
0.150145 -0.21061 0.965971 70.8583
0.92229 -0.322334 -0.213265 107.295
0.356378 0.922789 0.146476 440.317
0.149585 -0.211096 0.965952 70.8358
0.922377 -0.32242 -0.212759 107.237
0.356457 0.922653 0.14714 440.284
0.148861 -0.211558 0.965962 70.7708
0.922454 -0.322099 -0.21291 107.232
0.356363 0.922487 0.148402 440.246
0.148607 -0.212767 0.965736 70.5934
0.922825 -0.321084 -0.212834 107.294
0.355465 0.922694 0.149267 440.142
0.148453 -0.213403 0.96562 70.5711
0.923124 -0.320163 -0.212926 107.368
0.354649 0.922919 0.149818 440.088
0.148548 -0.213815 0.965514 70.5243
0.923259 -0.319347 -0.213564 107.406
0.353919 0.923256 0.149463 440.026
0.149443 -0.213578 0.965428 70.7549
0.923295 -0.319164 -0.213682 107.386
0.354317 0.922514 0.153057 439.933
0.148274 -0.217028 0.964839 70.0166
0.92347 -0.319107 -0.213011 107.467
0.354144 0.922542 0.153289 439.81
0.147596 -0.216994 0.96495 70.0243
0.92341 -0.320268 -0.211523 107.414
0.354663 0.922678 0.151261 439.83
0.146723 -0.214696 0.965597 70.2827
0.923449 -0.319509 -0.212501 107.421
0.354195 0.922779 0.151739 439.811
0.147609 -0.21539 0.965308 70.2065
0.923545 -0.319598 -0.211946 107.37
0.354238 0.922678 0.15225 439.729
0.146899 -0.215689 0.965349 70.1878
0.923432 -0.319702 -0.212283 107.365
0.354457 0.922552 0.152506 439.677
0.147086 -0.216074 0.965235 70.1534
0.923276 -0.31958 -0.213142 107.463
0.354675 0.922307 0.153475 439.632
0.147535 -0.217296 0.964892 69.9958
0.923425 -0.319671 -0.21236 107.407
0.354621 0.922295 0.153674 439.582
0.146734 -0.217214 0.965032 70.0899
0.923393 -0.319485 -0.21278 107.43
0.354614 0.922204 0.154234 439.556
0.146951 -0.217874 0.96485 69.8914
0.923399 -0.319527 -0.212688 107.471
0.354602 0.922246 0.154012 439.544
0.146939 -0.217634 0.964906 69.9205
0.923425 -0.319759 -0.212226 107.428
0.354998 0.921796 0.155786 439.411
0.145815 -0.219196 0.964723 69.7884
0.92362 -0.319156 -0.212287 107.449
0.354459 0.921948 0.15611 439.324
0.145894 -0.219433 0.964657 69.8681
0.923346 -0.319099 -0.213561 107.453
0.354756 0.921762 0.156535 439.312
0.146902 -0.220298 0.964307 69.7858
0.923229 -0.319921 -0.212832 107.453
0.355141 0.921915 0.154753 439.336
0.146704 -0.218458 0.964756 69.804
0.92362 -0.319618 -0.21159 107.445
0.355002 0.921467 0.157709 439.226
0.144566 -0.220778 0.964551 69.5603
0.923755 -0.318732 -0.212336 107.613
0.354288 0.921742 0.157705 439.122
0.145453 -0.220909 0.964387 69.5506
0.923468 -0.319269 -0.212777 107.523
0.355145 0.921161 0.15917 439.094
0.145184 -0.222555 0.964049 69.3325
0.923583 -0.318671 -0.213175 107.619
0.35469 0.921279 0.159498 439.028
0.145566 -0.222921 0.963907 69.3848
0.923334 -0.319629 -0.212818 107.702
0.355613 0.920866 0.159829 438.964
0.144891 -0.223257 0.963931 69.1815
0.922823 -0.320431 -0.213826 107.673
0.35695 0.919996 0.161843 438.768
0.144859 -0.225677 0.963372 69.0971
0.922479 -0.32049 -0.215218 107.634
0.357491 0.919604 0.162877 438.694
0.145714 -0.227189 0.962888 69.082
0.921613 -0.322254 -0.216292 107.607
0.359679 0.918544 0.164036 438.742
0.145812 -0.228973 0.96245 68.8979
0.920943 -0.323652 -0.217057 107.658
0.361416 0.917671 0.165103 438.636
0.145751 -0.230498 0.962095 68.8646
0.920669 -0.323927 -0.217806 107.612
0.361809 0.917586 0.164713 438.658
0.146501 -0.230451 0.961993 68.9716
0.920362 -0.324654 -0.218022 107.653
0.362974 0.916662 0.167274 438.581
0.145547 -0.233089 0.961502 68.8295
0.919896 -0.32578 -0.21831 107.735
0.364392 0.915824 0.168775 438.574
0.14495 -0.234805 0.961174 68.6763
0.918995 -0.326242 -0.221391 107.798
0.365842 0.914957 0.170332 438.467
0.146994 -0.237528 0.960194 68.7988
0.918673 -0.326022 -0.223047 107.846
0.366189 0.914629 0.171346 438.409
0.148143 -0.239088 0.95963 68.6712
0.918771 -0.324605 -0.224703 107.858
0.365418 0.91466 0.172817 438.335
0.14943 -0.24089 0.95898 68.5098
0.918773 -0.322434 -0.2278 107.897
0.364344 0.914717 0.174773 438.275
0.15202 -0.243574 0.957894 68.3206
0.918877 -0.320844 -0.229617 107.972
0.363544 0.914649 0.176783 438.209
0.1533 -0.245918 0.957091 68.1763
0.918975 -0.319674 -0.230854 107.991
0.363055 0.91441 0.17901 438.162
0.153871 -0.248319 0.956379 67.8833
0.919321 -0.318169 -0.231555 108.147
0.362022 0.914475 0.180764 438.12
0.154237 -0.250008 0.95588 67.7726
0.919844 -0.31638 -0.231928 108.341
0.360693 0.914565 0.18295 437.982
0.154232 -0.251941 0.955373 67.6388
0.920434 -0.314825 -0.231703 108.4
0.359168 0.915067 0.183443 437.873
0.154271 -0.252068 0.955334 67.747
0.92078 -0.314054 -0.231375 108.527
0.358601 0.914932 0.185214 437.846
0.153526 -0.253512 0.955071 67.4315
0.921627 -0.312358 -0.230295 108.598
0.35714 0.914854 0.188399 437.685
0.151838 -0.255882 0.954709 67.2401
0.921846 -0.311552 -0.230511 108.7
0.356478 0.915006 0.188912 437.566
0.152063 -0.25632 0.954556 67.3912
0.921802 -0.31149 -0.23077 108.812
0.356472 0.915025 0.188828 437.565
0.152342 -0.256325 0.95451 66.9497
0.922289 -0.309993 -0.230842 108.891
0.355156 0.915343 0.189765 437.36
0.152473 -0.257003 0.954307 66.8545
0.922569 -0.31021 -0.229426 108.889
0.355189 0.915073 0.191005 437.278
0.15069 -0.257704 0.954401 66.5682
0.922782 -0.308289 -0.231153 109.05
0.353807 0.915528 0.191387 437.147
0.152625 -0.258392 0.953907 66.5997
0.922809 -0.307439 -0.232175 109.065
0.353215 0.915788 0.191238 437.064
0.153829 -0.258484 0.953689 66.4767
0.923194 -0.307467 -0.2306 109.113
0.352764 0.916034 0.190893 437
0.152545 -0.257579 0.95414 66.4805
0.922818 -0.308145 -0.2312 109.006
0.353518 0.915847 0.190391 436.949
0.153076 -0.25743 0.954095 66.4293
0.922861 -0.307668 -0.231663 109.167
0.353292 0.915773 0.191164 436.812
0.153336 -0.258262 0.953828 66.3757
0.922874 -0.307288 -0.232117 109.154
0.353035 0.915876 0.191149 436.799
0.153852 -0.258352 0.953721 66.4405
0.922676 -0.307029 -0.233245 109.127
0.353331 0.91544 0.192686 436.768
0.154361 -0.260199 0.953136 66.17
0.922722 -0.306997 -0.233102 109.201
0.353417 0.915202 0.193653 436.701
0.153885 -0.26107 0.952975 66.039
0.922875 -0.306616 -0.232997 109.281
0.353144 0.915132 0.194479 436.616
0.153593 -0.261761 0.952833 65.9174
0.922952 -0.307407 -0.231647 109.16
0.35351 0.915059 0.194161 436.594
0.152284 -0.261091 0.953227 66.0258
0.922601 -0.30753 -0.23288 109.237
0.354095 0.914661 0.194964 436.46
0.153049 -0.262336 0.952762 65.9928
0.922483 -0.308152 -0.232525 109.175
0.354601 0.914485 0.194874 436.554
0.152589 -0.262221 0.952867 65.7288
0.922968 -0.307233 -0.231812 109.214
0.353424 0.915036 0.194424 436.457
0.152383 -0.261376 0.953133 66.0924
0.922702 -0.307336 -0.232736 109.323
0.353794 0.914871 0.194528 436.463
0.153138 -0.261832 0.952887 65.8523
0.92275 -0.306502 -0.233644 109.321
0.353397 0.914784 0.195655 436.384
0.153765 -0.26311 0.952434 65.6929
0.92265 -0.307185 -0.233141 109.291
0.353885 0.914663 0.195339 436.387
0.15324 -0.262735 0.952622 65.6482
0.922655 -0.30699 -0.233378 109.366
0.353694 0.914819 0.194952 436.358
0.15365 -0.262418 0.952643 65.6773
0.922774 -0.307457 -0.23229 109.208
0.353857 0.914761 0.194931 436.359
0.152557 -0.262074 0.952913 65.7829
0.922738 -0.307505 -0.232371 109.254
0.354009 0.914591 0.19545 436.303
0.152423 -0.26261 0.952787 65.6595
0.922765 -0.307796 -0.231875 109.32
0.354217 0.914438 0.195789 436.264
0.151773 -0.262801 0.952838 65.5091
0.922801 -0.307941 -0.23154 109.308
0.354184 0.914566 0.195252 436.237
0.151633 -0.262187 0.95303 65.5639
0.922927 -0.307769 -0.231266 109.331
0.35394 0.914659 0.195259 436.188
0.151435 -0.262064 0.953095 65.5752
0.923526 -0.306921 -0.229999 109.444
0.352897 0.914869 0.19616 436.028
0.150214 -0.262325 0.953217 65.5557
0.924283 -0.306676 -0.227269 109.471
0.352069 0.914969 0.197175 435.931
0.147475 -0.26226 0.953662 65.4577
0.924242 -0.305983 -0.228366 109.621
0.351693 0.915098 0.197249 435.867
0.148622 -0.26262 0.953385 65.3303
0.924448 -0.305606 -0.228037 109.755
0.351297 0.915157 0.197683 435.783
0.148277 -0.262856 0.953373 65.2454
0.924475 -0.305551 -0.227999 109.768
0.351281 0.915097 0.197988 435.725
0.148146 -0.263127 0.953319 65.1291
0.924561 -0.305497 -0.227725 109.801
0.3511 0.91524 0.197649 435.776
0.148041 -0.262693 0.953455 65.0231
0.924694 -0.305501 -0.227179 109.722
0.350829 0.915517 0.196842 435.801
0.147851 -0.261719 0.953752 65.0243
0.925404 -0.304414 -0.225744 109.718
0.349519 0.9158 0.197854 435.688
0.146507 -0.261997 0.953883 64.8956
0.925682 -0.305092 -0.223678 109.724
0.349366 0.916232 0.196116 435.675
0.145108 -0.259686 0.954729 65.1233
0.925577 -0.305381 -0.223719 109.764
0.349145 0.917038 0.192718 435.738
0.146307 -0.256485 0.955411 65.2907
0.926346 -0.305382 -0.22051 109.785
0.34874 0.916563 0.195688 435.572
0.142352 -0.258176 0.955553 64.928
0.92704 -0.304541 -0.218749 109.804
0.347435 0.917062 0.195669 435.414
0.141017 -0.257393 0.955962 65.1971
0.927478 -0.304214 -0.217344 109.825
0.346731 0.917337 0.195629 435.413
0.139864 -0.256802 0.95629 64.9316
0.92789 -0.303727 -0.216263 109.794
0.346263 0.917069 0.197701 435.307
0.138281 -0.258329 0.956109 64.7143
0.927898 -0.304716 -0.214834 109.929
0.346709 0.917127 0.196652 435.254
0.137107 -0.256957 0.956648 64.6568
0.927987 -0.305484 -0.213354 109.829
0.347128 0.916888 0.197023 435.173
0.135435 -0.256895 0.956902 64.6468
0.928176 -0.305233 -0.212891 109.834
0.346661 0.917211 0.196341 435.093
0.135337 -0.25604 0.957146 64.7856
0.928539 -0.304814 -0.211902 109.864
0.346201 0.917055 0.197873 435.007
0.134011 -0.257094 0.957049 64.6705
0.928997 -0.303572 -0.211681 109.964
0.345277 0.916841 0.200463 434.921
0.133222 -0.259318 0.956559 64.4548
0.929197 -0.30343 -0.211006 109.957
0.345035 0.916808 0.201031 434.908
0.132453 -0.259602 0.956589 64.3866
0.929514 -0.302375 -0.211122 110.02
0.344034 0.917171 0.201092 434.863
0.13283 -0.259551 0.956551 64.5681
0.929727 -0.301424 -0.211544 110.108
0.343272 0.917357 0.201546 434.859
0.133311 -0.26 0.956362 64.5647
0.93 -0.300469 -0.211705 110.049
0.342815 0.916823 0.204726 434.805
0.132582 -0.262971 0.955651 64.0835
0.930024 -0.300182 -0.212004 110.118
0.342478 0.917166 0.203751 434.731
0.13328 -0.2621 0.955793 64.3397
0.929806 -0.300849 -0.212013 110.137
0.3432 0.916799 0.204189 434.748
0.132943 -0.262619 0.955697 64.0559
0.930167 -0.30043 -0.211024 110.176
0.342676 0.91674 0.20533 434.682
0.131766 -0.263304 0.955672 63.9927
0.930049 -0.300788 -0.211034 110.134
0.342956 0.916757 0.204788 434.696
0.131869 -0.262839 0.955786 64.0757
0.930239 -0.300726 -0.210283 110.119
0.342629 0.916981 0.20433 434.744
0.131378 -0.262125 0.956049 64.1147
0.930239 -0.300808 -0.210166 110.156
0.342606 0.917107 0.203805 434.793
0.131438 -0.261591 0.956187 64.1922
0.930378 -0.300957 -0.209338 110.201
0.342597 0.917001 0.204297 434.739
0.130478 -0.261792 0.956264 64.2221
0.930042 -0.301378 -0.210223 110.224
0.343232 0.916794 0.204158 434.773
0.131203 -0.262031 0.956099 64.0015
0.929942 -0.30146 -0.210547 110.24
0.343333 0.916865 0.203667 434.795
0.131646 -0.261687 0.956133 64.046
0.930099 -0.301109 -0.210355 110.168
0.343044 0.916797 0.204458 434.748
0.131289 -0.262327 0.956006 64.0415
0.930239 -0.300495 -0.210615 110.173
0.342554 0.916908 0.204784 434.717
0.131578 -0.262645 0.955879 64.184
0.930114 -0.301039 -0.210387 110.17
0.342942 0.916904 0.204153 434.712
0.131446 -0.262036 0.956064 64.1808
0.930433 -0.300259 -0.210092 110.137
0.342436 0.916532 0.206655 434.65
0.130506 -0.264222 0.955591 63.9332
