0.927776 -0.138327 -0.34655 106.379
0.325754 0.753209 0.571455 437.54
0.181977 -0.643072 0.74387 65.3645
0.927776 -0.138327 -0.34655 106.379
0.325754 0.753209 0.571455 437.54
0.181977 -0.643072 0.74387 65.3645
0.927776 -0.138327 -0.34655 106.379
0.325754 0.753209 0.571455 437.54
0.181977 -0.643072 0.74387 65.3645
0.927944 -0.139173 -0.345761 106.549
0.325749 0.753643 0.570886 437.533
0.181128 -0.642381 0.744674 65.5026
0.928209 -0.139248 -0.34502 106.473
0.325335 0.753683 0.571068 437.559
0.180516 -0.642318 0.744877 65.3968
0.928662 -0.140653 -0.343224 106.411
0.325253 0.753611 0.57121 437.535
0.178315 -0.642096 0.745598 65.2311
0.92879 -0.140311 -0.343018 106.535
0.324767 0.754026 0.570939 437.548
0.178535 -0.641684 0.7459 65.2925
0.928817 -0.14004 -0.343057 106.47
0.324525 0.754286 0.570733 437.536
0.178838 -0.641437 0.74604 65.3767
0.928586 -0.140424 -0.343525 106.468
0.32484 0.755169 0.569385 437.494
0.179465 -0.640313 0.746855 65.388
0.928245 -0.14085 -0.34427 106.519
0.325393 0.755907 0.568087 437.535
0.180221 -0.639348 0.747499 65.3491
0.927879 -0.14027 -0.345493 106.49
0.325601 0.756351 0.567378 437.538
0.181728 -0.63895 0.747474 65.4422
0.928205 -0.14036 -0.344578 106.426
0.325233 0.755899 0.56819 437.51
0.180715 -0.639465 0.747279 65.2938
0.928427 -0.140652 -0.343861 106.429
0.325083 0.755616 0.568652 437.505
0.179845 -0.639735 0.747258 65.1896
0.927339 -0.138893 -0.347493 106.25
0.325852 0.756309 0.567289 437.58
0.184019 -0.6393 0.746614 65.4862
0.927351 -0.138853 -0.347477 106.301
0.325923 0.755927 0.567757 437.541
0.183832 -0.639761 0.746265 65.299
0.927114 -0.138964 -0.348065 106.191
0.326401 0.755793 0.567661 437.513
0.184181 -0.639895 0.746064 65.4287
0.927399 -0.137627 -0.347837 106.176
0.325698 0.754433 0.56987 437.53
0.18399 -0.641787 0.744485 65.1768
0.92701 -0.137919 -0.348757 106.147
0.326447 0.754519 0.569327 437.588
0.184623 -0.641622 0.74447 65.2608
0.926343 -0.136297 -0.351157 106.247
0.326786 0.754454 0.569219 437.612
0.187349 -0.642046 0.743423 65.4019
0.926096 -0.136362 -0.351782 106.183
0.327181 0.754574 0.568833 437.622
0.187878 -0.641891 0.743423 65.428
0.925639 -0.135523 -0.353306 106.244
0.327616 0.754248 0.569015 437.54
0.189366 -0.642451 0.742561 65.3367
0.925259 -0.134656 -0.354631 106.124
0.327974 0.753713 0.569517 437.522
0.190601 -0.64326 0.741544 65.3503
0.925 -0.13347 -0.355754 106.117
0.327993 0.753144 0.570258 437.515
0.191822 -0.644174 0.740436 65.3694
0.924808 -0.132669 -0.356551 106.097
0.328035 0.752752 0.570752 437.479
0.192673 -0.644798 0.739671 65.3701
0.92464 -0.132469 -0.35706 106.17
0.328304 0.75243 0.571022 437.583
0.19302 -0.645214 0.739217 65.24
0.924703 -0.132523 -0.356877 106.068
0.3282 0.752527 0.570953 437.57
0.192895 -0.645089 0.739359 65.3458
0.924031 -0.131581 -0.358962 106.133
0.328952 0.752094 0.571092 437.529
0.194828 -0.645787 0.738242 65.2636
0.923553 -0.131384 -0.360262 106.109
0.329726 0.751728 0.571126 437.582
0.195782 -0.646253 0.737581 65.3002
0.923308 -0.131804 -0.360736 106.076
0.330287 0.751826 0.570673 437.615
0.195994 -0.646053 0.7377 65.2437
0.922996 -0.131631 -0.361596 106.001
0.330983 0.750883 0.571512 437.639
0.196288 -0.647185 0.736629 65.1068
0.922908 -0.131829 -0.361748 105.984
0.331099 0.751269 0.570937 437.602
0.196503 -0.646697 0.737001 65.3726
0.922643 -0.132629 -0.362132 105.974
0.331746 0.751778 0.56989 437.595
0.196659 -0.645941 0.737622 65.5492
0.922059 -0.133082 -0.363451 105.897
0.332619 0.752629 0.568255 437.648
0.19792 -0.644855 0.738234 65.7663
0.922003 -0.133219 -0.363542 105.871
0.332801 0.752533 0.568276 437.66
0.197872 -0.644939 0.738173 65.6739
0.9221 -0.133208 -0.363301 105.745
0.332677 0.752427 0.568489 437.661
0.19763 -0.645065 0.738128 65.704
0.921577 -0.133059 -0.364681 105.776
0.333496 0.75219 0.568322 437.708
0.198689 -0.645372 0.737576 65.6503
0.921783 -0.134072 -0.363786 105.658
0.333662 0.752178 0.568241 437.766
0.197447 -0.645176 0.73808 65.5067
0.921611 -0.133628 -0.364385 105.681
0.333573 0.752652 0.567666 437.75
0.198399 -0.644716 0.738227 65.7566
0.92159 -0.134512 -0.364114 105.597
0.333952 0.752903 0.56711 437.754
0.197859 -0.644239 0.738788 66.0455
0.921474 -0.135037 -0.364212 105.679
0.334507 0.752498 0.567319 437.803
0.19746 -0.644602 0.738578 65.7578
0.921408 -0.134883 -0.364437 105.578
0.334452 0.752775 0.566984 437.86
0.197862 -0.644311 0.738725 65.8366
0.921245 -0.134952 -0.364822 105.466
0.334701 0.752895 0.566679 437.833
0.198198 -0.644157 0.738769 65.916
0.921164 -0.135876 -0.364685 105.406
0.335317 0.752736 0.566525 437.918
0.197535 -0.644147 0.738955 65.9053
0.921031 -0.135821 -0.365041 105.319
0.335509 0.752699 0.566461 437.945
0.197828 -0.644203 0.738828 66.0537
0.920892 -0.135381 -0.365554 105.338
0.33556 0.75255 0.566629 437.97
0.198387 -0.644469 0.738446 66.1679
0.920946 -0.135911 -0.36522 105.352
0.335738 0.752517 0.566566 438.06
0.197832 -0.644396 0.738659 66.1608
0.920694 -0.136571 -0.36561 105.306
0.336522 0.752262 0.566441 438.063
0.197675 -0.644554 0.738562 66.1452
0.920558 -0.136778 -0.365876 105.241
0.336873 0.752124 0.566415 438.131
0.197711 -0.644671 0.738451 66.0799
0.920691 -0.136097 -0.365794 105.265
0.336393 0.751961 0.566916 438.077
0.197907 -0.645005 0.738106 66.2258
0.920426 -0.136139 -0.366445 105.155
0.336589 0.752724 0.565787 438.207
0.198806 -0.644106 0.73865 66.3324
0.920554 -0.137506 -0.365613 105.113
0.336772 0.753599 0.564511 438.289
0.197902 -0.642791 0.740037 66.5571
0.920663 -0.137983 -0.365157 104.988
0.336899 0.753373 0.564737 438.3
0.197175 -0.642954 0.740089 66.5067
0.920337 -0.138422 -0.365812 104.988
0.337202 0.754699 0.562782 438.457
0.198177 -0.641303 0.741254 66.5519
0.920783 -0.14065 -0.363837 104.923
0.337508 0.754902 0.562327 438.392
0.19557 -0.640579 0.742571 66.5781
0.920483 -0.140388 -0.364695 104.853
0.337416 0.756306 0.560492 438.42
0.197135 -0.638977 0.743536 66.771
0.920622 -0.142714 -0.363438 104.812
0.337994 0.757306 0.558792 438.566
0.195486 -0.637276 0.745429 66.5864
0.921292 -0.144962 -0.360843 104.567
0.337278 0.759737 0.555917 438.523
0.193559 -0.633866 0.748832 66.9959
0.921759 -0.146787 -0.358908 104.455
0.336744 0.761942 0.553217 438.483
0.192262 -0.630792 0.751756 67.3373
0.921687 -0.147142 -0.358946 104.364
0.336614 0.763274 0.551457 438.505
0.192832 -0.629097 0.753029 67.4977
0.92186 -0.148263 -0.358039 104.354
0.336322 0.765082 0.549124 438.632
0.192514 -0.626631 0.755163 67.3205
0.922284 -0.149281 -0.35652 104.418
0.335632 0.766768 0.547191 438.694
0.191683 -0.624325 0.757282 67.3565
0.922471 -0.149354 -0.356007 104.46
0.335335 0.766918 0.547163 438.738
0.191307 -0.624124 0.757543 67.1974
0.922744 -0.149558 -0.355212 104.406
0.334932 0.767171 0.547055 438.579
0.190692 -0.623764 0.757995 67.2355
0.923125 -0.151363 -0.353452 104.362
0.334533 0.769335 0.544252 438.768
0.189544 -0.620655 0.760829 67.227
0.923545 -0.150954 -0.352532 104.385
0.333453 0.770125 0.543798 438.622
0.189405 -0.619774 0.761581 67.4396
0.923114 -0.150968 -0.353651 104.359
0.334069 0.770299 0.543174 438.708
0.190415 -0.619555 0.761507 67.4017
0.923031 -0.152422 -0.353245 104.358
0.334445 0.771726 0.540913 438.816
0.190162 -0.61742 0.763303 67.4632
0.922964 -0.153187 -0.353088 104.225
0.334908 0.771723 0.54063 438.882
0.189668 -0.617234 0.763576 67.2907
0.922869 -0.151586 -0.354027 104.288
0.334263 0.771836 0.540866 438.868
0.191263 -0.617487 0.762973 67.4634
0.922874 -0.152583 -0.353584 104.285
0.334417 0.772835 0.539343 438.863
0.190967 -0.615991 0.764256 67.5958
0.922847 -0.152506 -0.353687 104.223
0.334427 0.772816 0.539364 438.896
0.191079 -0.616033 0.764194 67.5692
0.923123 -0.151926 -0.353217 104.24
0.333958 0.772085 0.540701 438.859
0.190567 -0.617093 0.763466 67.3515
0.923402 -0.153309 -0.351889 104.267
0.334131 0.772253 0.540353 438.815
0.188906 -0.61654 0.764325 67.3087
0.922972 -0.152617 -0.353314 104.246
0.334207 0.773082 0.539119 438.907
0.190862 -0.615672 0.764539 67.5157
0.922881 -0.152333 -0.353673 104.209
0.334294 0.772815 0.539448 438.923
0.191148 -0.616077 0.764141 67.4053
0.922899 -0.152827 -0.353414 104.255
0.334282 0.773521 0.538443 438.886
0.191085 -0.615069 0.764969 67.5627
0.922989 -0.152809 -0.353187 104.171
0.334104 0.773625 0.538403 438.852
0.190962 -0.614941 0.765102 67.6827
0.922999 -0.154928 -0.352237 104.28
0.335064 0.773706 0.537691 438.898
0.189224 -0.61431 0.76604 67.4192
0.922694 -0.153381 -0.35371 104.38
0.334747 0.773873 0.537647 438.891
0.191262 -0.614487 0.765392 67.6097
0.92284 -0.154404 -0.352883 104.261
0.335017 0.773842 0.537524 438.983
0.19008 -0.61427 0.76586 67.4282
0.922683 -0.153645 -0.353622 104.065
0.334652 0.774629 0.536618 438.985
0.191477 -0.613468 0.766155 67.903
0.922382 -0.154695 -0.353951 104.098
0.335642 0.774512 0.536168 439.076
0.191197 -0.613352 0.766318 67.6316
0.922452 -0.153718 -0.354193 104.168
0.335091 0.774457 0.536591 439.021
0.191824 -0.613666 0.765909 67.7432
0.922322 -0.153871 -0.354466 104.136
0.335331 0.774548 0.536309 439.017
0.192028 -0.613513 0.765981 67.8435
0.922346 -0.15399 -0.354352 104.06
0.335471 0.774166 0.536773 438.987
0.19167 -0.613966 0.765708 67.8517
0.921834 -0.153159 -0.356041 104.09
0.335797 0.774339 0.53632 439.034
0.193555 -0.613955 0.765242 67.926
0.921905 -0.153682 -0.355632 104.119
0.335941 0.774331 0.536242 439.12
0.192966 -0.613835 0.765487 67.7046
0.922234 -0.153693 -0.354771 104.093
0.335338 0.774683 0.536111 439.026
0.192439 -0.613388 0.765978 67.864
0.922141 -0.154359 -0.354724 104.121
0.335752 0.774818 0.535656 439.081
0.192164 -0.613049 0.766318 67.8219
0.922629 -0.155978 -0.352742 103.888
0.335372 0.776121 0.534005 439.1
0.190477 -0.610988 0.768382 67.9157
0.922427 -0.15522 -0.353603 104
0.335198 0.776506 0.533554 439.059
0.191757 -0.610692 0.7683 67.9496
0.922038 -0.156416 -0.354089 104.003
0.336023 0.777545 0.53152 439.136
0.192182 -0.609064 0.769485 67.9643
0.922153 -0.156894 -0.35358 103.889
0.335666 0.778849 0.529833 439.149
0.192257 -0.607272 0.770881 68.1893
0.921798 -0.15753 -0.354221 103.837
0.336488 0.778879 0.529267 439.193
0.19252 -0.607068 0.770976 67.9347
0.921934 -0.157988 -0.353664 103.805
0.336341 0.779388 0.528611 439.226
0.192127 -0.606296 0.771681 68.0519
0.922185 -0.159684 -0.352243 103.752
0.336571 0.780005 0.527553 439.241
0.19051 -0.605057 0.773054 68.1895
0.922258 -0.159873 -0.351968 103.765
0.336597 0.779864 0.527746 439.278
0.190115 -0.605189 0.773048 68.1257
0.922585 -0.16086 -0.350658 103.842
0.336367 0.780508 0.526938 439.233
0.188928 -0.604095 0.774193 68.2804
0.922957 -0.162364 -0.348981 103.76
0.336085 0.78188 0.52508 439.326
0.187608 -0.601914 0.77621 68.4278
0.923101 -0.163544 -0.34805 103.602
0.336029 0.783147 0.523227 439.467
0.187003 -0.599946 0.777878 68.4858
0.923294 -0.16337 -0.347619 103.588
0.335666 0.783118 0.523503 439.395
0.186702 -0.600031 0.777885 68.567
0.923242 -0.163498 -0.347696 103.621
0.335698 0.783455 0.522977 439.438
0.186899 -0.599556 0.778204 68.5922
0.92345 -0.163741 -0.347029 103.641
0.33521 0.784382 0.5219 439.416
0.186746 -0.598276 0.779225 68.676
0.923898 -0.16393 -0.345745 103.53
0.334296 0.785435 0.520901 439.462
0.186169 -0.59684 0.780463 68.6456
0.923735 -0.163713 -0.346284 103.574
0.33416 0.786327 0.519641 439.548
0.18722 -0.595724 0.781064 68.6441
0.923632 -0.163859 -0.346488 103.56
0.334279 0.786658 0.519064 439.562
0.187514 -0.595248 0.781357 68.6082
0.923678 -0.164418 -0.346101 103.458
0.334265 0.78732 0.518067 439.594
0.187312 -0.594217 0.78219 68.6842
0.923997 -0.163601 -0.345635 103.454
0.333444 0.787181 0.518807 439.536
0.1872 -0.594627 0.781905 68.7535
0.923898 -0.164399 -0.345523 103.465
0.333872 0.787494 0.518056 439.607
0.18693 -0.593991 0.782452 68.7434
0.924126 -0.163757 -0.345218 103.431
0.333279 0.787325 0.518694 439.494
0.186859 -0.594393 0.782164 68.7906
0.923944 -0.164185 -0.3455 103.341
0.333704 0.787483 0.518181 439.628
0.186998 -0.594065 0.78238 68.6991
0.924274 -0.164385 -0.344522 103.482
0.333074 0.788214 0.517475 439.553
0.186492 -0.59304 0.783278 68.7611
0.924717 -0.166961 -0.342086 103.208
0.332865 0.79063 0.513911 439.789
0.18466 -0.589091 0.786684 68.9884
0.924505 -0.166706 -0.342782 103.214
0.333197 0.790202 0.514355 439.694
0.185121 -0.589737 0.786092 68.9095
0.92455 -0.166824 -0.342603 103.143
0.333146 0.790328 0.514194 439.706
0.184989 -0.589535 0.786274 68.8904
0.924564 -0.166847 -0.342555 103.112
0.332693 0.791736 0.512318 439.766
0.185734 -0.587636 0.787519 69.0447
0.924568 -0.166399 -0.342761 103.127
0.332327 0.792199 0.511839 439.744
0.186365 -0.587139 0.787741 69.159
0.924568 -0.166577 -0.342675 103.1
0.332444 0.792101 0.511915 439.784
0.18616 -0.58722 0.787729 69.0939
0.924298 -0.166961 -0.343215 103.037
0.332934 0.792395 0.511141 439.815
0.186621 -0.586715 0.787996 69.1379
0.923807 -0.165484 -0.345248 103.146
0.332897 0.792599 0.510848 439.842
0.189106 -0.586857 0.787298 69.2462
0.92371 -0.165185 -0.345651 103.09
0.333155 0.7918 0.511918 439.87
0.189125 -0.588019 0.786426 68.9819
0.92363 -0.164932 -0.345985 102.965
0.332948 0.792434 0.511071 439.919
0.189879 -0.587235 0.78683 69.2832
0.923438 -0.166105 -0.345935 102.818
0.333608 0.792999 0.509763 439.979
0.189651 -0.586141 0.7877 69.2406
0.923449 -0.166195 -0.345863 102.793
0.333434 0.793619 0.508912 439.908
0.189905 -0.585276 0.788281 69.4494
0.923825 -0.168145 -0.343912 102.809
0.333763 0.793759 0.508478 439.982
0.187485 -0.584529 0.789414 69.3394
0.923285 -0.167567 -0.34564 102.698
0.334229 0.793929 0.507905 440.02
0.189306 -0.584463 0.789028 69.4535
0.92312 -0.167186 -0.346263 102.628
0.334327 0.793813 0.508022 440.063
0.189934 -0.584731 0.78868 69.3647
0.923021 -0.167474 -0.346389 102.567
0.334378 0.794526 0.506873 440.082
0.190327 -0.583679 0.789363 69.6622
0.922881 -0.167937 -0.346536 102.516
0.334886 0.794269 0.50694 440.043
0.190109 -0.583896 0.789256 69.5854
0.922732 -0.167819 -0.346991 102.525
0.335046 0.794276 0.506824 440.055
0.190552 -0.58392 0.789131 69.6577
0.922615 -0.167574 -0.347421 102.593
0.335082 0.794333 0.50671 440.047
0.191056 -0.583912 0.789015 69.5878
0.922619 -0.167894 -0.347256 102.611
0.335247 0.794276 0.50669 440.048
0.190747 -0.583898 0.7891 69.5111
0.922395 -0.16776 -0.347914 102.636
0.3355 0.794303 0.50648 440.109
0.191382 -0.5839 0.788945 69.4995
0.922222 -0.168062 -0.348226 102.619
0.335968 0.794081 0.506518 440.157
0.191393 -0.584115 0.788783 69.3909
0.922052 -0.167657 -0.348871 102.539
0.336117 0.793792 0.506872 440.045
0.19195 -0.584624 0.78827 69.5106
0.922034 -0.167672 -0.348913 102.547
0.336141 0.793822 0.506809 440.016
0.191997 -0.584579 0.788292 69.5459
0.921598 -0.168647 -0.349593 102.466
0.337182 0.793992 0.505852 440.056
0.192263 -0.584068 0.788606 69.7653
0.921607 -0.169006 -0.349395 102.431
0.337375 0.793881 0.505896 440.154
0.191879 -0.584114 0.788665 69.7039
0.921586 -0.168379 -0.349755 102.342
0.337286 0.793341 0.506801 440.174
0.19214 -0.585028 0.787924 69.5485
0.921464 -0.168813 -0.349866 102.448
0.337717 0.793193 0.506746 440.156
0.191966 -0.585104 0.78791 69.6156
0.921606 -0.168327 -0.349726 102.405
0.337267 0.793235 0.506981 440.09
0.192076 -0.585188 0.787821 69.68
0.921515 -0.169147 -0.349571 102.407
0.337665 0.793612 0.506124 440.188
0.191815 -0.584439 0.78844 69.8049
0.921981 -0.168952 -0.348433 102.384
0.336947 0.793454 0.506851 440.156
0.190832 -0.584711 0.788477 69.8745
0.921509 -0.169663 -0.349336 102.37
0.337803 0.793966 0.505478 440.184
0.191599 -0.583809 0.788959 69.8371
0.921791 -0.168783 -0.349019 102.396
0.337341 0.792852 0.507531 440.156
0.191058 -0.585576 0.78778 69.6874
0.921349 -0.168934 -0.35011 102.262
0.337913 0.793279 0.506482 440.181
0.192173 -0.584954 0.787971 69.8368
0.920883 -0.169567 -0.35103 102.342
0.338672 0.793932 0.504949 440.249
0.193071 -0.583883 0.788546 69.883
0.920601 -0.169735 -0.351687 102.173
0.339113 0.794061 0.50445 440.254
0.193638 -0.583659 0.788573 69.9601
0.921192 -0.171081 -0.349481 102.232
0.339054 0.793596 0.50522 440.23
0.190913 -0.583897 0.78906 69.8302
0.920851 -0.170282 -0.350766 102.201
0.339005 0.79409 0.504478 440.237
0.192636 -0.58346 0.788965 70.0284
0.920396 -0.171873 -0.351184 102.155
0.340481 0.793878 0.503816 440.246
0.192205 -0.583282 0.789202 69.9165
0.919927 -0.173197 -0.351763 102.098
0.341587 0.79446 0.502147 440.285
0.192491 -0.582096 0.790007 70.0389
0.919664 -0.173625 -0.352239 102.143
0.34215 0.794503 0.501695 440.354
0.192748 -0.58191 0.790082 70.0406
0.919479 -0.173542 -0.352763 102.065
0.342366 0.794526 0.501512 440.329
0.193246 -0.581903 0.789965 70.2435
0.919435 -0.17319 -0.353049 102.006
0.342308 0.794387 0.501772 440.317
0.193555 -0.582198 0.789672 70.3556
0.919392 -0.172311 -0.353592 102.03
0.342039 0.794131 0.502359 440.338
0.194237 -0.582808 0.789055 70.3154
0.92003 -0.175089 -0.350554 101.943
0.341907 0.795744 0.49989 440.355
0.191426 -0.579771 0.791973 70.2815
0.920645 -0.176048 -0.348453 101.943
0.341181 0.796651 0.498942 440.408
0.189757 -0.578234 0.793497 70.3027
0.920735 -0.177218 -0.347622 101.836
0.341328 0.797485 0.497507 440.532
0.189057 -0.576725 0.794761 70.3933
0.920972 -0.179069 -0.346042 101.707
0.341439 0.798761 0.495379 440.69
0.187698 -0.574382 0.796778 70.5557
0.921079 -0.180105 -0.345219 101.674
0.341625 0.799205 0.494534 440.735
0.186833 -0.57344 0.797659 70.6074
0.921248 -0.179438 -0.345114 101.621
0.341071 0.799202 0.49492 440.638
0.187008 -0.573653 0.797465 70.7756
0.92103 -0.177946 -0.346467 101.562
0.340774 0.798929 0.495565 440.682
0.188619 -0.574497 0.796477 70.719
0.921367 -0.179006 -0.34502 101.539
0.340636 0.799393 0.494912 440.688
0.187214 -0.573522 0.79751 70.8305
0.921073 -0.178132 -0.346256 101.523
0.340662 0.79935 0.494964 440.715
0.188611 -0.573854 0.796942 70.7719
0.92151 -0.179094 -0.344594 101.534
0.34032 0.799861 0.494374 440.772
0.187088 -0.572842 0.798029 70.7357
0.921613 -0.178838 -0.344452 101.352
0.339846 0.80049 0.49368 440.724
0.187442 -0.572043 0.798519 70.9545
0.921673 -0.179436 -0.343978 101.341
0.340083 0.800359 0.49373 440.71
0.186713 -0.572039 0.798693 70.7982
0.921575 -0.179107 -0.344412 101.367
0.339957 0.800703 0.493258 440.735
0.187426 -0.57166 0.798797 70.8877
0.921828 -0.178426 -0.344089 101.351
0.339341 0.800503 0.494007 440.755
0.187301 -0.572153 0.798473 70.8292
0.922104 -0.178574 -0.343271 101.437
0.338868 0.800943 0.493617 440.779
0.186793 -0.57149 0.799066 70.9087
0.922289 -0.178629 -0.342746 101.391
0.338529 0.801247 0.493356 440.767
0.186496 -0.571047 0.799453 71.0184
0.922239 -0.178589 -0.3429 101.455
0.338475 0.801574 0.492862 440.757
0.18684 -0.5706 0.799691 70.981
0.922159 -0.178177 -0.343331 101.312
0.338298 0.801875 0.492495 440.855
0.187557 -0.570307 0.799733 70.9335
0.922189 -0.179852 -0.342375 101.214
0.338907 0.802289 0.4914 440.846
0.186304 -0.569197 0.800815 70.9488
0.922064 -0.179538 -0.342877 101.269
0.338883 0.802461 0.491136 440.85
0.186968 -0.569054 0.800762 70.8616
0.922259 -0.178866 -0.342703 101.416
0.33795 0.803482 0.490108 440.878
0.187692 -0.567823 0.801467 71.3159
0.922127 -0.178156 -0.343426 101.334
0.338041 0.80276 0.491228 440.833
0.188173 -0.569067 0.800471 71.0009
0.921985 -0.178202 -0.343786 101.173
0.338022 0.803499 0.490032 441.001
0.188907 -0.568009 0.801049 71.1635
0.922173 -0.17932 -0.342698 101.151
0.338398 0.80315 0.490345 440.996
0.18731 -0.568151 0.801324 70.9773
0.922051 -0.178657 -0.34337 101.164
0.337748 0.804683 0.488274 441.109
0.18907 -0.566187 0.8023 71.2424
0.921966 -0.179584 -0.343117 101.078
0.338287 0.804749 0.487791 441.147
0.188523 -0.565799 0.802702 71.2419
0.92219 -0.179108 -0.342763 101.145
0.33786 0.804398 0.488665 441.094
0.188194 -0.566448 0.802321 71.2505
0.921989 -0.180114 -0.342777 101.022
0.338665 0.804268 0.488322 441.092
0.187731 -0.566314 0.802525 71.3272
0.921759 -0.179592 -0.343667 101.042
0.338781 0.80416 0.48842 441.116
0.188647 -0.566634 0.802084 71.22
0.921681 -0.17945 -0.34395 100.995
0.338609 0.804805 0.487477 441.12
0.189335 -0.565763 0.802537 71.4494
0.921895 -0.179414 -0.343395 100.978
0.338255 0.804904 0.487558 441.105
0.188925 -0.565632 0.802725 71.5037
0.922164 -0.17937 -0.342695 100.939
0.338027 0.804378 0.488584 441.104
0.188019 -0.566395 0.8024 71.3259
0.922247 -0.179846 -0.342221 100.845
0.337996 0.804792 0.487922 441.088
0.187666 -0.565654 0.803005 71.5299
0.922171 -0.180214 -0.342232 100.79
0.338203 0.80502 0.487403 441.169
0.187667 -0.565213 0.803315 71.4767
0.922188 -0.180246 -0.342171 100.758
0.338105 0.805291 0.487023 441.233
0.187764 -0.564816 0.803572 71.4975
0.922206 -0.180563 -0.341955 100.721
0.338196 0.805391 0.486795 441.256
0.18751 -0.564573 0.803802 71.4903
0.922219 -0.181993 -0.341161 100.738
0.338468 0.806549 0.484684 441.34
0.186954 -0.562456 0.805413 71.6578
0.922548 -0.18302 -0.339719 100.76
0.33845 0.80665 0.484528 441.264
0.185356 -0.561978 0.806117 71.754
0.922009 -0.184715 -0.340265 100.588
0.339624 0.807829 0.481735 441.423
0.185892 -0.559726 0.807558 71.7569
0.922624 -0.184994 -0.338441 100.462
0.338793 0.808094 0.481875 441.383
0.184348 -0.55925 0.808242 71.8598
0.922131 -0.185343 -0.33959 100.411
0.339519 0.808507 0.480668 441.449
0.185473 -0.558537 0.808478 71.9344
0.922631 -0.185074 -0.338379 100.42
0.338768 0.808254 0.481624 441.422
0.18436 -0.558993 0.808417 71.8366
0.922236 -0.185749 -0.339084 100.363
0.339376 0.809069 0.479825 441.512
0.185215 -0.557589 0.809191 71.9319
0.922861 -0.185546 -0.337492 100.307
0.338348 0.809207 0.480317 441.442
0.183979 -0.557456 0.809564 72.1469
0.922479 -0.18616 -0.338197 100.29
0.338921 0.809983 0.478602 441.63
0.184837 -0.556122 0.810286 72.0527
0.923111 -0.185528 -0.336816 100.344
0.337506 0.810649 0.478474 441.581
0.184269 -0.555362 0.810936 72.1443
0.923158 -0.184061 -0.337493 100.32
0.336822 0.810424 0.479337 441.572
0.185285 -0.556179 0.810145 72.0353
0.92313 -0.184004 -0.337598 100.294
0.336819 0.81047 0.479261 441.573
0.185427 -0.556129 0.810146 71.8761
0.922992 -0.183952 -0.338005 100.158
0.33663 0.811545 0.477573 441.689
0.186456 -0.554578 0.810973 72.2084
0.923362 -0.184722 -0.336571 100.207
0.336602 0.811153 0.478258 441.638
0.184666 -0.554896 0.811165 72.1359
0.923332 -0.184607 -0.336718 100.15
0.336212 0.812287 0.476604 441.694
0.185527 -0.553272 0.812077 72.294
0.923686 -0.185366 -0.335327 99.9963
0.335805 0.813079 0.47554 441.703
0.184498 -0.551854 0.813276 72.2358
0.923625 -0.186036 -0.335122 99.9585
0.335949 0.813853 0.474111 441.772
0.184539 -0.550485 0.814194 72.3407
0.92403 -0.187132 -0.333391 99.8511
0.335533 0.814935 0.472545 441.811
0.183264 -0.54851 0.815813 72.5524
0.924351 -0.187569 -0.332254 99.7425
0.335099 0.815489 0.471896 441.84
0.182437 -0.547535 0.816653 72.6053
0.924222 -0.187493 -0.332655 99.7627
0.335295 0.815345 0.472006 441.836
0.182731 -0.547776 0.816426 72.496
0.924094 -0.187035 -0.333269 99.7931
0.335093 0.815844 0.471287 441.824
0.183748 -0.54719 0.816591 72.6725
0.924085 -0.186984 -0.333323 99.7928
0.335044 0.815954 0.471131 441.824
0.183882 -0.547043 0.816658 72.7135
0.923473 -0.186212 -0.335445 99.702
0.335283 0.816705 0.469658 441.986
0.186504 -0.546185 0.816638 72.7618
0.923709 -0.186963 -0.334375 99.5586
0.335282 0.81679 0.469511 442.042
0.185333 -0.545801 0.817161 72.7119
0.923181 -0.187083 -0.335762 99.581
0.335987 0.817055 0.468544 442.065
0.18668 -0.545363 0.817148 72.8352
0.922854 -0.187548 -0.336401 99.4722
0.336729 0.816866 0.468341 442.028
0.186958 -0.545486 0.817001 72.8655
0.922707 -0.186925 -0.337151 99.4997
0.336654 0.816814 0.468485 442.01
0.187818 -0.545778 0.816609 72.8214
0.922305 -0.188025 -0.337639 99.4475
0.337562 0.817323 0.466943 442.107
0.188163 -0.544638 0.817291 72.8391
0.922249 -0.188936 -0.337284 99.3812
0.337825 0.818044 0.465487 442.071
0.187965 -0.543238 0.818267 73.0756
0.922349 -0.188816 -0.337076 99.3693
0.337546 0.818286 0.465265 442.042
0.187975 -0.542915 0.81848 73.1866
0.922251 -0.188599 -0.337466 99.2776
0.337577 0.818287 0.46524 442.099
0.1884 -0.542989 0.818333 73.1727
0.922315 -0.189171 -0.336972 99.2678
0.33788 0.817949 0.465614 441.992
0.187545 -0.543299 0.818323 73.1864
0.921926 -0.189127 -0.338059 99.2714
0.338309 0.818195 0.46487 442.147
0.188678 -0.542944 0.818298 73.0893
0.922216 -0.188301 -0.337727 99.1823
0.337801 0.817367 0.466692 442.002
0.188168 -0.544475 0.817398 73.1165
0.921966 -0.189892 -0.33752 99.1459
0.338535 0.818438 0.464277 442.197
0.188076 -0.54231 0.818857 73.3179
0.92164 -0.189594 -0.338577 99.0872
0.338872 0.818348 0.46419 442.263
0.189067 -0.54255 0.81847 73.2435
0.921902 -0.189416 -0.337963 98.9824
0.338341 0.818597 0.464138 442.239
0.18874 -0.542237 0.818753 73.3351
0.921871 -0.189364 -0.338075 99.1745
0.338277 0.818828 0.463777 442.17
0.189003 -0.541906 0.818911 73.4743
0.922114 -0.188579 -0.337852 99.0233
0.337628 0.818657 0.464551 442.223
0.188981 -0.542438 0.818564 73.4226
0.922124 -0.188579 -0.337824 98.9899
0.337639 0.818585 0.464671 442.258
0.188911 -0.542546 0.818509 73.3308
0.922081 -0.18842 -0.33803 99.098
0.337565 0.818749 0.464435 442.227
0.189253 -0.542353 0.818557 73.5081
0.922159 -0.188073 -0.33801 99.0983
0.337308 0.818698 0.464711 442.219
0.189328 -0.542552 0.818409 73.5318
0.922365 -0.188561 -0.337175 99.1386
0.337311 0.818547 0.464976 442.264
0.188317 -0.542611 0.818603 73.4049
0.922673 -0.188538 -0.336344 99.1737
0.337052 0.818035 0.466064 442.237
0.18727 -0.54339 0.818326 73.327
0.922591 -0.18834 -0.336681 99.1816
0.337071 0.818035 0.466049 442.281
0.187641 -0.543458 0.818196 73.1996
0.922953 -0.189259 -0.33517 99.258
0.336704 0.818918 0.464762 442.283
0.186516 -0.541807 0.819547 73.5211
0.922992 -0.18948 -0.334937 99.1565
0.33701 0.818172 0.465853 442.416
0.185766 -0.542856 0.819023 73.1336
0.923036 -0.188202 -0.335537 99.2183
0.336117 0.818823 0.465354 442.41
0.187165 -0.542318 0.819061 73.513
0.92281 -0.18754 -0.336526 99.2624
0.336028 0.819062 0.464998 442.485
0.18843 -0.542187 0.818857 73.5077
0.922622 -0.187597 -0.337011 99.2945
0.336354 0.818955 0.46495 442.489
0.188774 -0.542328 0.818685 73.4027
0.9229 -0.188859 -0.335542 99.1948
0.336572 0.81896 0.464784 442.584
0.187017 -0.541883 0.819382 73.3114
0.922898 -0.188542 -0.335724 99.1796
0.336459 0.818855 0.46505 442.571
0.187228 -0.542152 0.819156 73.4617
0.922809 -0.187245 -0.336694 99.2124
0.33596 0.818855 0.46541 442.55
0.188558 -0.5426 0.818554 73.5832
0.923018 -0.187198 -0.336146 99.2717
0.335572 0.819075 0.465304 442.603
0.188224 -0.542286 0.818839 73.7444
0.922522 -0.186996 -0.337619 99.1878
0.336088 0.819283 0.464565 442.725
0.189734 -0.542041 0.818653 73.8721
0.922528 -0.186542 -0.337851 99.1328
0.335835 0.819354 0.464622 442.795
0.190148 -0.542089 0.818525 73.8648
0.92247 -0.186524 -0.338021 99.1603
0.335881 0.819425 0.464464 442.779
0.190349 -0.541989 0.818545 74.0165
0.92219 -0.186336 -0.338887 99.1833
0.336049 0.819782 0.463712 442.805
0.191407 -0.541513 0.818613 74.1488
0.92196 -0.186361 -0.339499 99.1954
0.33633 0.819911 0.463279 442.921
0.192022 -0.541308 0.818604 74.055
0.921829 -0.187065 -0.339467 99.0971
0.33668 0.820385 0.462185 442.98
0.192035 -0.540348 0.819236 74.0505
0.921803 -0.187252 -0.339435 99.0191
0.336573 0.821042 0.461095 443.062
0.19235 -0.539283 0.819863 74.0865
0.921649 -0.188162 -0.339349 98.9898
0.336973 0.82174 0.459558 443.103
0.192386 -0.537903 0.820761 74.3628
0.921152 -0.186717 -0.341492 99.0171
0.337103 0.821297 0.460253 443.034
0.194529 -0.53908 0.819482 74.3357
0.921019 -0.188454 -0.340895 98.7851
0.337796 0.822209 0.458112 443.236
0.193954 -0.537083 0.820929 74.374
0.921515 -0.187681 -0.33998 98.8565
0.336841 0.821964 0.459253 443.159
0.193259 -0.537728 0.820671 74.4556
0.92178 -0.189703 -0.338134 98.8028
0.337317 0.822367 0.458181 443.212
0.191152 -0.5364 0.822032 74.319
0.921672 -0.190891 -0.337758 98.729
0.337664 0.823408 0.45605 443.325
0.191057 -0.534378 0.82337 74.707
0.921931 -0.191664 -0.336613 98.5878
0.337457 0.824054 0.455036 443.441
0.190173 -0.533104 0.824399 74.6498
0.922282 -0.192591 -0.33512 98.5806
0.337057 0.8251 0.453434 443.503
0.18918 -0.531149 0.825889 74.8417
0.922666 -0.193352 -0.333621 98.5924
0.336469 0.826321 0.451643 443.501
0.188352 -0.528969 0.827475 75.0375
0.922981 -0.194999 -0.331785 98.6072
0.336575 0.827051 0.450227 443.571
0.186609 -0.527222 0.828984 74.9973
0.922665 -0.195124 -0.332589 98.4543
0.336671 0.828152 0.448126 443.734
0.187994 -0.525443 0.8298 75.3576
0.922403 -0.195224 -0.333256 98.359
0.336951 0.828488 0.447294 443.785
0.188776 -0.524876 0.829981 75.3493
0.922623 -0.194812 -0.332887 98.3204
0.336368 0.828734 0.447278 443.802
0.18874 -0.524642 0.830138 75.4012
0.922933 -0.196029 -0.331311 98.1778
0.336371 0.829199 0.446412 443.855
0.187214 -0.523452 0.831234 75.533
0.923201 -0.197119 -0.329916 97.9877
0.336371 0.829659 0.445557 443.922
0.18589 -0.522313 0.832247 75.5846
0.923428 -0.199226 -0.328009 97.8836
0.336769 0.830518 0.443652 444.014
0.18403 -0.520144 0.834016 75.7176
0.923418 -0.19989 -0.327633 97.8962
0.336986 0.830841 0.442881 444.05
0.183683 -0.519372 0.834573 75.8105
0.923032 -0.20009 -0.328598 97.9655
0.337695 0.83058 0.44283 444.053
0.184321 -0.519712 0.834221 75.7399
0.923229 -0.20144 -0.327215 97.8338
0.337787 0.83139 0.441238 444.133
0.18316 -0.517892 0.835608 76.0109
0.922957 -0.201852 -0.327727 97.8465
0.338444 0.831123 0.441236 444.173
0.183317 -0.51816 0.835407 75.7977
0.923192 -0.2016 -0.327221 97.7968
0.337986 0.831182 0.441477 444.028
0.182979 -0.518164 0.835479 76.1468
0.92299 -0.202363 -0.327319 97.7926
0.338663 0.831066 0.441177 444.158
0.182746 -0.518053 0.835598 75.9493
0.923138 -0.202626 -0.326739 97.8047
0.338465 0.831417 0.440668 444.218
0.182365 -0.517387 0.836094 76.015
0.923715 -0.205005 -0.32361 97.6114
0.338508 0.832283 0.438996 444.288
0.179339 -0.515052 0.838188 76.2348
0.923701 -0.205346 -0.323435 97.5502
0.33867 0.832339 0.438766 444.353
0.179109 -0.514826 0.838376 76.2939
0.923649 -0.205343 -0.323584 97.4932
0.338799 0.832165 0.438995 444.389
0.179131 -0.515107 0.838199 76.3837
0.924022 -0.206293 -0.321912 97.4096
0.338676 0.832348 0.438744 444.419
0.177433 -0.514432 0.838974 76.3411
0.924185 -0.207242 -0.320833 97.3761
0.338745 0.832795 0.43784 444.457
0.176449 -0.513325 0.839859 76.4205
0.924874 -0.207955 -0.318376 97.2404
0.337867 0.833583 0.43702 444.473
0.174513 -0.511757 0.84122 76.6526
0.924907 -0.209797 -0.317068 97.1665
0.338436 0.834306 0.435195 444.6
0.173229 -0.509822 0.842658 76.7655
0.925559 -0.210913 -0.314415 97.1255
0.337609 0.835635 0.433284 444.689
0.171351 -0.507179 0.844635 76.7587
0.926088 -0.210192 -0.313336 97.2329
0.33646 0.835877 0.43371 444.662
0.170749 -0.507079 0.844817 76.9844
0.925951 -0.210308 -0.313665 97.1463
0.336818 0.835539 0.434082 444.786
0.170788 -0.507587 0.844504 76.9057
0.92592 -0.210614 -0.313551 97.0726
0.336984 0.835596 0.433844 444.799
0.170628 -0.507367 0.844669 76.9143
0.925862 -0.210461 -0.313825 97.177
0.336918 0.83582 0.433464 444.83
0.171074 -0.507061 0.844762 76.9694
0.925806 -0.212262 -0.312775 96.9962
0.337534 0.836708 0.431266 444.945
0.17016 -0.504841 0.846275 77.1838
0.926238 -0.216646 -0.30846 96.7071
0.338251 0.838839 0.426538 445.07
0.166341 -0.499413 0.850245 77.6444
0.926459 -0.217368 -0.307286 96.71
0.337986 0.839715 0.425023 445.172
0.165646 -0.497625 0.851429 77.5419
0.926311 -0.216613 -0.308264 96.6518
0.33777 0.839932 0.424765 445.158
0.166912 -0.497587 0.851203 77.7541
0.925995 -0.215573 -0.309939 96.6438
0.337829 0.839619 0.425337 445.133
0.168539 -0.498566 0.85031 77.9047
0.926058 -0.215769 -0.309613 96.6086
0.337876 0.83949 0.425554 445.177
0.168096 -0.498699 0.850319 77.8736
0.92571 -0.216304 -0.310281 96.6361
0.338734 0.839098 0.425644 445.209
0.168288 -0.499126 0.850031 77.6824
0.926096 -0.215216 -0.309885 96.6081
0.33779 0.83883 0.426921 445.222
0.168061 -0.500046 0.849535 77.5954
0.925907 -0.215758 -0.310072 96.6233
0.338241 0.839007 0.426217 445.255
0.168192 -0.499516 0.84982 77.5867
0.925712 -0.215427 -0.310882 96.6027
0.33829 0.839199 0.425799 445.341
0.169163 -0.499336 0.849734 77.6152
0.926187 -0.21579 -0.309214 96.4725
0.337661 0.839632 0.425445 445.387
0.167819 -0.498451 0.85052 77.7706
0.926438 -0.215525 -0.308644 96.4509
0.337215 0.839563 0.425935 445.402
0.167327 -0.498682 0.850481 77.8741
0.926248 -0.21494 -0.309621 96.4925
0.337184 0.839626 0.425833 445.421
0.168438 -0.498827 0.850177 77.9212
0.926602 -0.214578 -0.308811 96.553
0.336235 0.840496 0.424867 445.513
0.168387 -0.497516 0.850955 78.1738
0.927006 -0.216084 -0.306541 96.4051
0.33615 0.841172 0.423594 445.589
0.166321 -0.495718 0.852409 78.2735
0.926486 -0.218199 -0.306615 96.338
0.337536 0.842093 0.420652 445.662
0.166413 -0.493222 0.853838 78.4907
0.927217 -0.218987 -0.303833 96.2215
0.336753 0.84251 0.420445 445.763
0.16391 -0.49216 0.854934 78.6257
0.928297 -0.220505 -0.299402 96.1455
0.335733 0.843152 0.419974 445.832
0.159835 -0.49038 0.856726 78.7919
0.927797 -0.220339 -0.301071 96.2131
0.336132 0.843833 0.418284 445.889
0.161889 -0.489282 0.856968 78.8706
0.928553 -0.221056 -0.298202 96.0849
0.335428 0.843762 0.418991 445.906
0.158991 -0.489081 0.857626 78.9766
0.928667 -0.221192 -0.297744 96.095
0.335159 0.844287 0.418149 446.087
0.15889 -0.488113 0.858196 79.04
0.928681 -0.222 -0.297097 96.0741
0.335132 0.84544 0.415833 446.201
0.158863 -0.485743 0.859544 79.1659
0.929011 -0.223812 -0.294698 95.9533
0.335278 0.846113 0.414345 446.331
0.156612 -0.483737 0.861087 79.1199
0.929114 -0.223631 -0.294512 96.1136
0.334979 0.846335 0.414132 446.195
0.156643 -0.483431 0.861253 79.3994
0.928633 -0.22459 -0.295295 95.9354
0.336018 0.846555 0.41284 446.402
0.157264 -0.482602 0.861605 79.2495
0.929402 -0.22504 -0.292522 95.9871
0.334794 0.847637 0.411613 446.329
0.155323 -0.480488 0.863137 79.6332
0.929546 -0.225239 -0.291909 95.9679
0.334785 0.847314 0.412284 446.339
0.154476 -0.480964 0.863024 79.4477
0.929752 -0.224988 -0.291449 95.9086
0.334228 0.847788 0.41176 446.405
0.154446 -0.480245 0.86343 79.572
0.930077 -0.226149 -0.289504 95.8361
0.333983 0.848757 0.409959 446.517
0.153007 -0.477983 0.86494 79.7686
0.93006 -0.227275 -0.288679 95.7973
0.334476 0.848889 0.409284 446.55
0.152036 -0.477215 0.865535 79.7825
0.930089 -0.227771 -0.288193 95.7215
0.334511 0.849354 0.40829 446.609
0.151782 -0.47615 0.866166 79.8979
0.93022 -0.228847 -0.286915 95.6739
0.334671 0.849789 0.407251 446.742
0.150619 -0.474855 0.867079 79.8454
0.929914 -0.227909 -0.288649 95.6234
0.334595 0.850058 0.406753 446.775
0.152665 -0.474825 0.866738 80.0383
0.929972 -0.2282 -0.288232 95.7156
0.334642 0.850066 0.406696 446.724
0.152208 -0.47467 0.866903 80.0592
0.92998 -0.227326 -0.288895 95.5578
0.334292 0.849888 0.407356 446.71
0.152926 -0.475408 0.866372 80.1452
0.930219 -0.228648 -0.287075 95.5287
0.334274 0.850756 0.405555 446.862
0.151502 -0.473217 0.867821 80.1113
0.930386 -0.230769 -0.284828 95.5001
0.334794 0.851386 0.403801 446.967
0.149314 -0.471049 0.869378 80.1361
0.930404 -0.230527 -0.284966 95.4957
0.334581 0.851634 0.403455 446.907
0.149679 -0.47072 0.869494 80.3336
0.929615 -0.232856 -0.285646 95.4194
0.336579 0.852138 0.400719 446.989
0.1501 -0.468656 0.870535 80.3936
0.929274 -0.232539 -0.287012 95.4768
0.336877 0.852251 0.400226 446.984
0.151538 -0.468608 0.870312 80.443
0.929623 -0.233567 -0.285039 95.4297
0.336979 0.851849 0.400998 446.967
0.14915 -0.468829 0.870605 80.3828
0.93016 -0.234065 -0.282872 95.4652
0.33628 0.852367 0.400481 447.019
0.147372 -0.467636 0.871549 80.5854
0.92992 -0.234258 -0.283501 95.45
0.336531 0.852918 0.399096 447.051
0.148312 -0.466535 0.87198 80.7356
0.930011 -0.234535 -0.28297 95.428
0.336532 0.852898 0.399138 447.06
0.147733 -0.466431 0.872133 80.7067
0.930226 -0.233537 -0.283091 95.3676
0.335804 0.852831 0.399893 446.967
0.148039 -0.467054 0.871748 80.7547
0.930786 -0.23457 -0.280384 95.2453
0.335492 0.852759 0.400308 446.979
0.1452 -0.466668 0.872432 80.7152
0.930454 -0.234929 -0.281181 95.3091
0.336133 0.85273 0.399832 447.002
0.14584 -0.46654 0.872394 80.5758
0.930487 -0.23509 -0.280939 95.3006
0.336084 0.852966 0.399369 446.977
0.145744 -0.466027 0.872684 80.7127
0.930311 -0.235241 -0.281396 95.3315
0.336332 0.853189 0.398684 447.117
0.146297 -0.465542 0.87285 80.4771
