0.927776 -0.138327 -0.34655 106.379
0.325754 0.753209 0.571455 437.54
0.181977 -0.643072 0.74387 65.3645
0.927776 -0.138327 -0.34655 106.379
0.325754 0.753209 0.571455 437.54
0.181977 -0.643072 0.74387 65.3645
0.927776 -0.138327 -0.34655 106.379
0.325754 0.753209 0.571455 437.54
0.181977 -0.643072 0.74387 65.3645
0.927961 -0.139165 -0.34572 106.544
0.325717 0.753647 0.570899 437.535
0.181101 -0.642378 0.744683 65.4958
0.928243 -0.139357 -0.344882 106.468
0.32533 0.753677 0.57108 437.557
0.180346 -0.642301 0.744932 65.3839
0.92867 -0.140634 -0.34321 106.421
0.325227 0.753629 0.571201 437.535
0.178323 -0.642079 0.745611 65.2334
0.928792 -0.140296 -0.34302 106.525
0.324747 0.754063 0.570902 437.552
0.178563 -0.641644 0.745928 65.2996
0.928819 -0.140013 -0.343061 106.47
0.324507 0.75429 0.570738 437.529
0.178857 -0.641438 0.746034 65.3828
0.928564 -0.14048 -0.34356 106.468
0.324882 0.755238 0.569269 437.497
0.179499 -0.640219 0.746927 65.3835
0.928227 -0.140854 -0.344318 106.524
0.325419 0.755933 0.568039 437.537
0.180271 -0.639317 0.747514 65.3484
0.927859 -0.140209 -0.345571 106.483
0.325599 0.756373 0.56735 437.537
0.181833 -0.638938 0.747459 65.4521
0.928251 -0.14042 -0.344429 106.427
0.325202 0.75584 0.568286 437.509
0.180535 -0.639521 0.747275 65.2722
0.928427 -0.140652 -0.343861 106.429
0.325083 0.755616 0.568652 437.505
0.179845 -0.639735 0.747258 65.1896
0.927339 -0.138893 -0.347493 106.25
0.325852 0.756309 0.567289 437.58
0.184019 -0.6393 0.746614 65.4862
0.927351 -0.138853 -0.347477 106.301
0.325923 0.755927 0.567757 437.541
0.183832 -0.639761 0.746265 65.299
0.927114 -0.138964 -0.348065 106.191
0.326401 0.755793 0.567661 437.513
0.184181 -0.639895 0.746064 65.4287
0.92738 -0.137648 -0.347878 106.174
0.325737 0.754438 0.569841 437.533
0.184015 -0.641776 0.744488 65.1807
0.926976 -0.137797 -0.348895 106.16
0.326449 0.754504 0.569346 437.586
0.184789 -0.641666 0.744391 65.2685
0.926316 -0.136324 -0.351219 106.231
0.326836 0.754478 0.569158 437.621
0.187397 -0.642011 0.743441 65.4064
0.926078 -0.136329 -0.351844 106.196
0.327199 0.754561 0.56884 437.608
0.187938 -0.641913 0.743389 65.4269
0.925612 -0.135473 -0.353396 106.241
0.327641 0.754228 0.569026 437.541
0.189454 -0.642485 0.74251 65.3298
0.925239 -0.134603 -0.354705 106.114
0.327993 0.753674 0.569558 437.519
0.190668 -0.643318 0.741477 65.3557
0.924994 -0.133405 -0.355795 106.126
0.327978 0.753126 0.570291 437.517
0.191878 -0.644208 0.740391 65.3663
0.924796 -0.132654 -0.356587 106.088
0.328052 0.752732 0.570767 437.474
0.1927 -0.644823 0.739642 65.3729
0.92464 -0.132469 -0.35706 106.17
0.328304 0.75243 0.571022 437.583
0.19302 -0.645214 0.739217 65.24
0.924703 -0.132523 -0.356877 106.068
0.3282 0.752527 0.570953 437.57
0.192895 -0.645089 0.739359 65.3458
0.924031 -0.131581 -0.358962 106.133
0.328952 0.752094 0.571092 437.529
0.194828 -0.645787 0.738242 65.2636
0.923521 -0.131446 -0.360319 106.105
0.329796 0.751763 0.57104 437.586
0.195814 -0.6462 0.73762 65.2974
0.923288 -0.1318 -0.360787 106.071
0.330341 0.75174 0.570755 437.619
0.195993 -0.646155 0.737612 65.2205
0.922988 -0.131608 -0.361624 105.998
0.330969 0.750935 0.571451 437.634
0.196349 -0.647129 0.736662 65.143
0.922903 -0.131888 -0.361741 105.985
0.331134 0.751274 0.570909 437.601
0.196471 -0.646678 0.737026 65.3762
0.9226 -0.132666 -0.362229 105.97
0.331803 0.751872 0.569732 437.596
0.196765 -0.645823 0.737696 65.5783
0.92204 -0.133093 -0.363495 105.893
0.332654 0.75263 0.568234 437.652
0.19795 -0.644852 0.738229 65.762
0.922015 -0.133224 -0.363511 105.873
0.332789 0.752522 0.568298 437.657
0.197839 -0.644952 0.738171 65.6674
0.922098 -0.133203 -0.363308 105.734
0.332678 0.752428 0.568487 437.664
0.19764 -0.645065 0.738126 65.7123
0.921529 -0.133047 -0.364805 105.783
0.333571 0.752168 0.568308 437.711
0.198783 -0.6454 0.737525 65.6423
0.921783 -0.134072 -0.363786 105.658
0.333662 0.752178 0.568241 437.766
0.197447 -0.645176 0.73808 65.5067
0.921611 -0.133628 -0.364385 105.681
0.333573 0.752652 0.567666 437.75
0.198399 -0.644716 0.738227 65.7566
0.92159 -0.134512 -0.364114 105.597
0.333952 0.752903 0.56711 437.754
0.197859 -0.644239 0.738788 66.0455
0.92147 -0.135027 -0.364226 105.671
0.334501 0.752522 0.567291 437.809
0.197488 -0.644576 0.738593 65.7642
0.921394 -0.134857 -0.364482 105.571
0.33446 0.752779 0.566974 437.856
0.197914 -0.644312 0.73871 65.8406
0.921249 -0.135014 -0.364789 105.463
0.334721 0.752904 0.566654 437.837
0.198145 -0.644132 0.738804 65.9198
0.921149 -0.135915 -0.364707 105.402
0.335368 0.752706 0.566536 437.923
0.197516 -0.644175 0.738936 65.8996
0.92103 -0.135764 -0.365065 105.312
0.335474 0.752731 0.566439 437.942
0.197894 -0.644177 0.738833 66.0821
0.920881 -0.135361 -0.365591 105.342
0.335575 0.752527 0.56665 437.972
0.198415 -0.6445 0.738411 66.169
0.920962 -0.135987 -0.365152 105.35
0.335745 0.752533 0.566541 438.067
0.197747 -0.644361 0.738711 66.1591
0.920672 -0.136586 -0.36566 105.304
0.33657 0.75224 0.566442 438.061
0.197696 -0.644577 0.738537 66.1448
0.920555 -0.136793 -0.365878 105.235
0.336886 0.752121 0.566411 438.141
0.197703 -0.644672 0.738452 66.0725
0.920702 -0.136044 -0.365787 105.268
0.336355 0.751951 0.566953 438.07
0.197924 -0.645028 0.738082 66.2384
0.920392 -0.136161 -0.366522 105.141
0.336623 0.752815 0.565645 438.225
0.198904 -0.643995 0.73872 66.3406
0.920554 -0.137506 -0.365613 105.113
0.336772 0.753599 0.564511 438.289
0.197902 -0.642791 0.740037 66.5571
0.920663 -0.137983 -0.365157 104.988
0.336899 0.753373 0.564737 438.3
0.197175 -0.642954 0.740089 66.5067
0.92029 -0.138486 -0.365907 104.988
0.337246 0.75489 0.5625 438.48
0.198321 -0.641064 0.741422 66.5584
0.920783 -0.14065 -0.363837 104.923
0.337508 0.754902 0.562327 438.392
0.19557 -0.640579 0.742571 66.5781
0.920482 -0.140387 -0.364698 104.853
0.337415 0.756311 0.560486 438.42
0.197141 -0.638971 0.74354 66.7717
0.920658 -0.142835 -0.3633 104.798
0.337955 0.757436 0.558639 438.564
0.195383 -0.637094 0.745611 66.6085
0.92132 -0.14506 -0.360731 104.564
0.337251 0.759834 0.555801 438.522
0.193471 -0.633728 0.748971 67.0084
0.921754 -0.146791 -0.358918 104.45
0.33674 0.761982 0.553163 438.482
0.192289 -0.630743 0.75179 67.3477
0.92169 -0.147195 -0.358917 104.364
0.336601 0.763382 0.551314 438.512
0.19284 -0.628953 0.753148 67.4909
0.921885 -0.148315 -0.357953 104.352
0.336305 0.765091 0.549121 438.635
0.192424 -0.626608 0.755206 67.3075
0.922286 -0.149299 -0.35651 104.429
0.335585 0.766943 0.546975 438.694
0.19176 -0.624106 0.757443 67.3852
0.922492 -0.149361 -0.35595 104.463
0.335306 0.766915 0.547185 438.743
0.191255 -0.624126 0.757554 67.176
0.922765 -0.149576 -0.355151 104.4
0.334902 0.767195 0.54704 438.563
0.190646 -0.62373 0.758034 67.244
0.923125 -0.151363 -0.353452 104.362
0.334533 0.769335 0.544252 438.768
0.189544 -0.620655 0.760829 67.227
0.923545 -0.150954 -0.352532 104.385
0.333453 0.770125 0.543798 438.622
0.189405 -0.619774 0.761581 67.4396
0.923114 -0.150968 -0.353651 104.359
0.334069 0.770299 0.543174 438.708
0.190415 -0.619555 0.761507 67.4017
0.92303 -0.152431 -0.353243 104.356
0.334451 0.771725 0.540909 438.817
0.190155 -0.617418 0.763306 67.4611
0.922964 -0.153187 -0.353088 104.225
0.334908 0.771723 0.54063 438.882
0.189668 -0.617234 0.763576 67.2907
0.92287 -0.151675 -0.353985 104.288
0.334276 0.771923 0.540735 438.867
0.191233 -0.617357 0.763086 67.4748
0.922871 -0.152581 -0.353594 104.285
0.334419 0.772842 0.539331 438.863
0.190981 -0.615982 0.76426 67.597
0.922856 -0.152503 -0.353666 104.216
0.334421 0.772791 0.539404 438.898
0.191049 -0.616066 0.764175 67.5624
0.923148 -0.151847 -0.353186 104.253
0.333901 0.772024 0.540822 438.851
0.190546 -0.617188 0.763395 67.3321
0.923402 -0.153309 -0.351889 104.267
0.334131 0.772253 0.540353 438.815
0.188906 -0.61654 0.764325 67.3087
0.922972 -0.152617 -0.353314 104.246
0.334207 0.773082 0.539119 438.907
0.190862 -0.615672 0.764539 67.5157
0.922873 -0.152305 -0.353708 104.205
0.334302 0.77279 0.53948 438.925
0.191176 -0.616116 0.764102 67.3947
0.922899 -0.152827 -0.353414 104.255
0.334282 0.773521 0.538443 438.886
0.191085 -0.615069 0.764969 67.5627
0.922994 -0.152808 -0.353174 104.166
0.334094 0.773632 0.538401 438.85
0.190954 -0.614934 0.76511 67.6897
0.922986 -0.154864 -0.352298 104.284
0.335051 0.773713 0.537689 438.898
0.189309 -0.614317 0.766014 67.4271
0.922698 -0.153409 -0.353687 104.377
0.334754 0.773872 0.537644 438.894
0.191229 -0.614481 0.765405 67.6047
0.922839 -0.154392 -0.352889 104.259
0.33501 0.773851 0.537516 438.983
0.190096 -0.614262 0.765863 67.4342
0.922653 -0.153754 -0.353653 104.067
0.334753 0.774617 0.536572 438.994
0.191445 -0.613456 0.766172 67.8755
0.922397 -0.154613 -0.353946 104.101
0.335578 0.77452 0.536196 439.071
0.191235 -0.613363 0.7663 67.6484
0.922444 -0.153709 -0.354218 104.171
0.335102 0.774445 0.536601 439.021
0.191842 -0.613684 0.765891 67.7375
0.922327 -0.153927 -0.354429 104.122
0.335334 0.774602 0.536231 439.016
0.192001 -0.613432 0.766053 67.878
0.922346 -0.15399 -0.354352 104.06
0.335471 0.774166 0.536773 438.987
0.19167 -0.613966 0.765708 67.8517
0.921775 -0.153065 -0.356232 104.094
0.335833 0.774359 0.536268 439.039
0.193768 -0.613954 0.765189 67.9344
0.921905 -0.153682 -0.355632 104.119
0.335941 0.774331 0.536242 439.12
0.192966 -0.613835 0.765487 67.7046
0.922234 -0.153693 -0.354771 104.093
0.335338 0.774683 0.536111 439.026
0.192439 -0.613388 0.765978 67.864
0.922141 -0.154359 -0.354724 104.121
0.335752 0.774818 0.535656 439.081
0.192164 -0.613049 0.766318 67.8219
0.922629 -0.155978 -0.352742 103.888
0.335372 0.776121 0.534005 439.1
0.190477 -0.610988 0.768382 67.9157
0.922427 -0.15522 -0.353603 104
0.335198 0.776506 0.533554 439.059
0.191757 -0.610692 0.7683 67.9496
0.922049 -0.156437 -0.354052 103.996
0.33599 0.777627 0.53142 439.137
0.192186 -0.608953 0.769572 67.9812
0.922124 -0.156959 -0.353627 103.885
0.335743 0.77884 0.529797 439.151
0.192262 -0.607266 0.770885 68.1669
0.921801 -0.157498 -0.354228 103.836
0.336462 0.778903 0.529249 439.196
0.192553 -0.607046 0.770985 67.9402
0.92195 -0.158097 -0.353573 103.802
0.336356 0.779429 0.52854 439.227
0.192024 -0.606214 0.771772 68.0615
0.922192 -0.159703 -0.352216 103.753
0.336574 0.77999 0.527573 439.245
0.190471 -0.60507 0.773053 68.1827
0.92226 -0.159875 -0.351961 103.773
0.336592 0.779868 0.527742 439.273
0.19011 -0.605183 0.773053 68.1327
0.922632 -0.161014 -0.350463 103.841
0.336339 0.780603 0.526816 439.234
0.188748 -0.603932 0.774365 68.292
0.92296 -0.162435 -0.348941 103.743
0.336071 0.782021 0.524881 439.344
0.18762 -0.601713 0.776363 68.4405
0.923118 -0.16362 -0.347968 103.601
0.336041 0.783135 0.523237 439.463
0.186894 -0.599941 0.777909 68.4761
0.923314 -0.163324 -0.347588 103.586
0.335614 0.783118 0.523536 439.387
0.186696 -0.600044 0.777877 68.5808
0.923225 -0.163539 -0.347723 103.626
0.335731 0.783494 0.522898 439.448
0.186924 -0.599494 0.778246 68.5873
0.923473 -0.163735 -0.346969 103.64
0.335159 0.784422 0.521872 439.41
0.186722 -0.598225 0.77927 68.6842
0.923937 -0.16395 -0.345632 103.52
0.334218 0.78553 0.520809 439.468
0.186118 -0.596711 0.780575 68.6405
0.923713 -0.163694 -0.34635 103.58
0.334174 0.786358 0.519585 439.552
0.187303 -0.595689 0.781071 68.6454
0.923632 -0.163864 -0.346487 103.56
0.33428 0.786662 0.519056 439.562
0.187513 -0.59524 0.781363 68.6072
0.92368 -0.164448 -0.34608 103.452
0.334264 0.787356 0.518014 439.596
0.187301 -0.594161 0.782234 68.6884
0.923997 -0.163601 -0.345635 103.454
0.333444 0.787181 0.518807 439.536
0.1872 -0.594627 0.781905 68.7535
0.923894 -0.164425 -0.345519 103.465
0.333886 0.787505 0.518031 439.609
0.186921 -0.59397 0.78247 68.7431
0.924145 -0.163702 -0.345193 103.428
0.33323 0.787311 0.518748 439.485
0.186854 -0.594427 0.782139 68.7945
0.923944 -0.164185 -0.3455 103.341
0.333704 0.787483 0.518181 439.628
0.186998 -0.594065 0.78238 68.6991
0.924274 -0.164385 -0.344522 103.482
0.333074 0.788214 0.517475 439.553
0.186492 -0.59304 0.783278 68.7611
0.924693 -0.166932 -0.342164 103.208
0.332902 0.790582 0.513961 439.778
0.184712 -0.589163 0.786618 68.9796
0.924505 -0.166706 -0.342781 103.214
0.333198 0.790201 0.514356 439.693
0.18512 -0.589738 0.786091 68.9094
0.924551 -0.166829 -0.342599 103.142
0.333128 0.790389 0.514111 439.709
0.185018 -0.589451 0.78633 68.8959
0.924564 -0.166818 -0.342568 103.112
0.332666 0.791777 0.512272 439.762
0.185782 -0.587589 0.787543 69.0581
0.924568 -0.1664 -0.34276 103.128
0.332333 0.792183 0.511859 439.747
0.186355 -0.58716 0.787728 69.1512
0.924568 -0.166611 -0.342657 103.089
0.332447 0.792139 0.511854 439.783
0.186152 -0.587159 0.787776 69.1094
0.924271 -0.16697 -0.343285 103.039
0.332981 0.792392 0.511116 439.819
0.186675 -0.586717 0.787982 69.129
0.923807 -0.165484 -0.345248 103.146
0.332897 0.792599 0.510848 439.842
0.189106 -0.586857 0.787298 69.2462
0.923706 -0.165173 -0.345666 103.087
0.333165 0.79177 0.511959 439.871
0.189126 -0.588064 0.786392 68.9719
0.92363 -0.164932 -0.345985 102.965
0.332948 0.792434 0.511071 439.919
0.189879 -0.587235 0.78683 69.2832
0.923438 -0.166105 -0.345935 102.818
0.333608 0.792999 0.509763 439.979
0.189651 -0.586141 0.7877 69.2406
0.923465 -0.16628 -0.345779 102.793
0.333448 0.793625 0.508893 439.911
0.1898 -0.585244 0.788331 69.4446
0.923809 -0.168132 -0.343959 102.806
0.333776 0.793768 0.508455 439.982
0.187536 -0.58452 0.789409 69.3451
0.923273 -0.167533 -0.345687 102.693
0.334239 0.7939 0.507944 440.023
0.189343 -0.584513 0.788983 69.4379
0.923114 -0.1672 -0.346273 102.624
0.334317 0.79389 0.507908 440.067
0.189981 -0.584622 0.788749 69.398
0.923015 -0.167498 -0.346392 102.564
0.334403 0.79451 0.506881 440.079
0.19031 -0.583694 0.789356 69.6538
0.922871 -0.167958 -0.346553 102.515
0.334913 0.794263 0.506932 440.045
0.190111 -0.583898 0.789254 69.5922
0.92272 -0.167758 -0.347052 102.529
0.33503 0.794288 0.506815 440.054
0.190637 -0.583921 0.78911 69.6601
0.922615 -0.167607 -0.347403 102.595
0.335098 0.794328 0.506708 440.047
0.191024 -0.583911 0.789023 69.58
0.9226 -0.167836 -0.347334 102.613
0.335242 0.794289 0.506672 440.048
0.190845 -0.583897 0.789077 69.5222
0.92238 -0.16783 -0.34792 102.639
0.335561 0.794287 0.506465 440.121
0.191348 -0.583902 0.788952 69.4784
0.92221 -0.167995 -0.34829 102.611
0.335961 0.79406 0.506556 440.145
0.191464 -0.584163 0.78873 69.4064
0.922048 -0.167689 -0.348868 102.54
0.336141 0.793786 0.506866 440.047
0.19193 -0.584624 0.788275 69.506
0.922034 -0.167655 -0.348919 102.547
0.33613 0.793829 0.506806 440.011
0.192014 -0.584574 0.788292 69.5524
0.921569 -0.168717 -0.349635 102.46
0.337254 0.794 0.50579 440.06
0.192274 -0.584037 0.788627 69.7771
0.921612 -0.169023 -0.349375 102.43
0.337381 0.793872 0.505906 440.16
0.191849 -0.584122 0.788667 69.6979
0.921583 -0.16833 -0.349785 102.336
0.337279 0.793305 0.506864 440.174
0.192166 -0.585092 0.78787 69.5388
0.921454 -0.168868 -0.349865 102.459
0.337758 0.793193 0.506719 440.154
0.191942 -0.585089 0.787928 69.625
0.921612 -0.168307 -0.349721 102.403
0.337248 0.793236 0.506991 440.087
0.192081 -0.585192 0.787817 69.682
0.921547 -0.169133 -0.349493 102.405
0.337616 0.793601 0.506175 440.186
0.191747 -0.584458 0.788443 69.8097
0.922002 -0.168943 -0.348384 102.383
0.336916 0.793447 0.506883 440.155
0.190789 -0.584723 0.788479 69.8776
0.921509 -0.169663 -0.349336 102.37
0.337803 0.793966 0.505478 440.184
0.191599 -0.583809 0.788959 69.8371
0.921791 -0.168783 -0.349019 102.396
0.337341 0.792852 0.507531 440.156
0.191058 -0.585576 0.78778 69.6874
0.921324 -0.168968 -0.35016 102.267
0.337954 0.793314 0.506399 440.185
0.192222 -0.584895 0.788003 69.8393
0.920883 -0.169567 -0.35103 102.342
0.338672 0.793932 0.504949 440.249
0.193071 -0.583883 0.788546 69.883
0.920609 -0.169754 -0.351656 102.174
0.339113 0.794053 0.504462 440.254
0.1936 -0.583663 0.788579 69.9578
0.921159 -0.170993 -0.349609 102.229
0.339041 0.793652 0.505141 440.23
0.191093 -0.583847 0.789054 69.8525
0.920844 -0.17033 -0.350762 102.201
0.33905 0.794052 0.504506 440.237
0.192591 -0.583497 0.788948 70.0147
0.920356 -0.171975 -0.351241 102.151
0.340573 0.793924 0.503682 440.247
0.192238 -0.583189 0.789262 69.929
0.919924 -0.173222 -0.351757 102.097
0.341599 0.794471 0.502122 440.288
0.192482 -0.582074 0.790026 70.0369
0.919641 -0.173615 -0.352304 102.15
0.342183 0.794484 0.501703 440.355
0.192797 -0.581939 0.790048 70.0452
0.919473 -0.17354 -0.35278 102.05
0.342368 0.794542 0.501484 440.325
0.193271 -0.581882 0.789975 70.2648
0.919437 -0.173128 -0.353077 102.018
0.342294 0.794336 0.501862 440.321
0.193575 -0.582287 0.789602 70.3441
0.919382 -0.172205 -0.35367 102.022
0.342001 0.794137 0.502376 440.338
0.194351 -0.582831 0.78901 70.3202
0.92012 -0.175542 -0.350092 101.939
0.341926 0.795945 0.499558 440.357
0.19096 -0.579359 0.792387 70.2726
0.920684 -0.176023 -0.348363 101.944
0.341101 0.79669 0.498935 440.413
0.189713 -0.578188 0.793541 70.3073
0.920726 -0.177369 -0.347568 101.822
0.341386 0.797565 0.49734 440.544
0.188996 -0.576568 0.79489 70.4018
0.920995 -0.179137 -0.345945 101.704
0.341418 0.79882 0.495298 440.696
0.187622 -0.574279 0.79687 70.5641
0.921081 -0.180198 -0.345166 101.672
0.341657 0.79923 0.494471 440.737
0.186764 -0.573376 0.797722 70.6096
0.921248 -0.179438 -0.345114 101.621
0.341071 0.799202 0.49492 440.638
0.187008 -0.573653 0.797465 70.7756
0.921013 -0.17783 -0.346572 101.557
0.340751 0.798908 0.495616 440.686
0.188744 -0.574563 0.7964 70.7146
0.921346 -0.178943 -0.34511 101.537
0.340638 0.799389 0.494917 440.69
0.187315 -0.573547 0.797469 70.8263
0.9211 -0.178194 -0.346152 101.524
0.340643 0.799379 0.49493 440.718
0.188513 -0.573795 0.797009 70.7684
0.921514 -0.179069 -0.344596 101.525
0.340291 0.799897 0.494335 440.77
0.187122 -0.572799 0.798052 70.7502
0.921621 -0.178909 -0.344393 101.349
0.339877 0.800462 0.493705 440.723
0.187345 -0.57206 0.798529 70.9332
0.92167 -0.179431 -0.343989 101.346
0.340074 0.800392 0.493682 440.71
0.186744 -0.571994 0.798718 70.8063
0.921568 -0.179075 -0.344448 101.361
0.339958 0.800683 0.49329 440.738
0.187458 -0.571698 0.798762 70.8836
0.921874 -0.178348 -0.344008 101.353
0.339243 0.800489 0.494098 440.756
0.187253 -0.572197 0.798453 70.8235
0.922094 -0.178646 -0.34326 101.443
0.3389 0.800992 0.493516 440.781
0.186785 -0.571399 0.799134 70.9199
0.922309 -0.178611 -0.3427 101.385
0.338487 0.80126 0.493366 440.765
0.186472 -0.571035 0.799467 71.0249
0.92223 -0.178592 -0.342925 101.461
0.338485 0.801591 0.492829 440.756
0.18687 -0.570576 0.799702 70.9766
0.922154 -0.178151 -0.343356 101.302
0.338286 0.801893 0.492474 440.862
0.1876 -0.57029 0.799735 70.9308
0.92218 -0.179829 -0.342411 101.218
0.338906 0.802302 0.491381 440.846
0.186352 -0.569187 0.800812 70.9425
0.922063 -0.179538 -0.342878 101.269
0.338883 0.802461 0.491136 440.85
0.186969 -0.569054 0.800762 70.8615
0.922248 -0.178792 -0.342772 101.41
0.337959 0.803397 0.490242 440.871
0.18773 -0.567968 0.801355 71.2808
0.92212 -0.178159 -0.343444 101.326
0.33804 0.802797 0.491167 440.842
0.18821 -0.569013 0.8005 71.0092
0.921985 -0.178202 -0.343786 101.173
0.338022 0.803499 0.490032 441.001
0.188907 -0.568009 0.801049 71.1635
0.922173 -0.17932 -0.342698 101.151
0.338398 0.80315 0.490345 440.996
0.18731 -0.568151 0.801324 70.9773
0.922051 -0.178657 -0.34337 101.164
0.337748 0.804683 0.488274 441.109
0.18907 -0.566187 0.8023 71.2424
0.921984 -0.179545 -0.343088 101.084
0.338252 0.804721 0.487863 441.143
0.188497 -0.565852 0.802671 71.2426
0.922183 -0.179159 -0.342753 101.139
0.337893 0.804395 0.488647 441.094
0.188164 -0.566436 0.802337 71.2557
0.921974 -0.180084 -0.342832 101.024
0.338676 0.804254 0.488338 441.093
0.187782 -0.566344 0.802491 71.3179
0.921745 -0.179551 -0.343726 101.041
0.338774 0.804182 0.488389 441.12
0.188728 -0.566616 0.802078 71.2228
0.921692 -0.179491 -0.343898 100.993
0.338602 0.804837 0.487428 441.115
0.189293 -0.565703 0.802588 71.4676
0.921912 -0.179367 -0.343374 100.977
0.338216 0.804883 0.487619 441.108
0.188913 -0.565677 0.802697 71.4919
0.922169 -0.179407 -0.342663 100.936
0.338045 0.804358 0.488604 441.102
0.187965 -0.566411 0.802401 71.3234
0.922252 -0.179866 -0.342199 100.84
0.337985 0.804832 0.487863 441.088
0.187663 -0.565591 0.80305 71.5465
0.922162 -0.180232 -0.342247 100.789
0.338226 0.805013 0.487398 441.175
0.187669 -0.565217 0.803312 71.4618
0.922202 -0.180227 -0.342143 100.755
0.33806 0.805337 0.486978 441.233
0.187774 -0.564757 0.803611 71.5201
0.922199 -0.180642 -0.341932 100.716
0.338247 0.805377 0.486782 441.261
0.187451 -0.564568 0.803819 71.4721
0.922227 -0.182096 -0.341083 100.746
0.338452 0.806708 0.48443 441.347
0.186942 -0.562195 0.805599 71.6966
0.922569 -0.183073 -0.339632 100.76
0.338451 0.80663 0.48456 441.258
0.185248 -0.561989 0.806133 71.754
0.921947 -0.184834 -0.340367 100.573
0.339727 0.807946 0.481466 441.441
0.186007 -0.559518 0.807676 71.7572
0.922691 -0.18501 -0.338248 100.451
0.338699 0.808109 0.481915 441.377
0.184183 -0.559224 0.808298 71.8701
0.922131 -0.185343 -0.33959 100.411
0.339519 0.808507 0.480668 441.449
0.185473 -0.558537 0.808478 71.9344
0.922661 -0.185057 -0.338304 100.42
0.338722 0.808239 0.481682 441.42
0.184292 -0.559021 0.808414 71.8306
0.922288 -0.185727 -0.338954 100.359
0.33929 0.809072 0.47988 441.505
0.185111 -0.557592 0.809213 71.9494
0.922838 -0.185582 -0.337534 100.306
0.338384 0.809248 0.480224 441.453
0.184028 -0.557385 0.809602 72.1415
0.92252 -0.186119 -0.338108 100.293
0.33883 0.810026 0.478594 441.627
0.184801 -0.556074 0.810328 72.0586
0.923111 -0.185528 -0.336816 100.344
0.337506 0.810649 0.478474 441.581
0.184269 -0.555362 0.810936 72.1443
0.923158 -0.184061 -0.337493 100.32
0.336822 0.810424 0.479337 441.572
0.185285 -0.556179 0.810145 72.0353
0.92313 -0.184004 -0.337598 100.294
0.336819 0.81047 0.479261 441.573
0.185427 -0.556129 0.810146 71.8761
0.923022 -0.184013 -0.33789 100.162
0.336629 0.811509 0.477634 441.685
0.18631 -0.55461 0.810985 72.2019
0.923353 -0.184701 -0.336607 100.206
0.33658 0.811227 0.478147 441.643
0.18475 -0.554794 0.811216 72.149
0.923358 -0.184654 -0.33662 100.141
0.336188 0.812314 0.476575 441.691
0.185439 -0.553217 0.812135 72.2872
0.923689 -0.185387 -0.335307 99.9917
0.33579 0.813138 0.475448 441.709
0.184509 -0.551759 0.813338 72.2394
0.923613 -0.186105 -0.335119 99.959
0.335988 0.813888 0.474024 441.774
0.184531 -0.55041 0.814246 72.3511
0.924092 -0.187173 -0.333198 99.8381
0.335438 0.815016 0.472472 441.813
0.183127 -0.548374 0.815935 72.5641
0.92435 -0.187589 -0.332246 99.7389
0.335107 0.8155 0.471872 441.841
0.182429 -0.547513 0.81667 72.6044
0.924209 -0.187467 -0.332706 99.7682
0.335309 0.81532 0.472039 441.834
0.18277 -0.547822 0.816386 72.4852
0.92409 -0.187013 -0.333292 99.7929
0.335072 0.815891 0.471221 441.824
0.183805 -0.547128 0.816619 72.6899
0.924085 -0.186984 -0.333323 99.7928
0.335044 0.815954 0.471131 441.824
0.183882 -0.547043 0.816658 72.7135
0.923473 -0.186212 -0.335445 99.702
0.335283 0.816705 0.469658 441.986
0.186504 -0.546185 0.816638 72.7618
0.923709 -0.186963 -0.334375 99.5586
0.335282 0.81679 0.469511 442.042
0.185333 -0.545801 0.817161 72.7119
0.923151 -0.187148 -0.335811 99.5696
0.336066 0.817038 0.468517 442.062
0.186688 -0.545366 0.817143 72.8387
0.92285 -0.187505 -0.336437 99.4738
0.336716 0.816862 0.468358 442.026
0.187003 -0.545508 0.816977 72.8644
0.92269 -0.186963 -0.337176 99.4995
0.336693 0.81682 0.468447 442.015
0.18783 -0.545757 0.816621 72.8158
0.922289 -0.188102 -0.33764 99.4373
0.337592 0.817408 0.466773 442.107
0.188189 -0.544484 0.817388 72.8658
0.922263 -0.188989 -0.337215 99.3846
0.337829 0.818048 0.465477 442.063
0.187888 -0.543213 0.818301 73.0787
0.922348 -0.188749 -0.337118 99.3645
0.337507 0.818312 0.465247 442.046
0.188053 -0.542899 0.818472 73.1974
0.922245 -0.188611 -0.337475 99.2734
0.337594 0.818277 0.465245 442.101
0.188398 -0.543 0.818326 73.1675
0.922326 -0.189201 -0.336924 99.2718
0.337883 0.817935 0.465637 441.982
0.187483 -0.54331 0.81833 73.1933
0.921892 -0.189119 -0.338155 99.271
0.338344 0.818217 0.464806 442.161
0.18878 -0.542913 0.818295 73.0804
0.922216 -0.188301 -0.337727 99.1823
0.337801 0.817367 0.466692 442.002
0.188168 -0.544475 0.817398 73.1165
0.921966 -0.189892 -0.33752 99.1459
0.338535 0.818438 0.464277 442.197
0.188076 -0.54231 0.818857 73.3179
0.921665 -0.189577 -0.338517 99.0749
0.338822 0.818369 0.464189 442.261
0.189032 -0.542524 0.818495 73.2507
0.921898 -0.189416 -0.337973 98.9979
0.338339 0.818616 0.464107 442.233
0.188761 -0.542208 0.818767 73.3459
0.921894 -0.189287 -0.338055 99.1655
0.338213 0.818816 0.463846 442.172
0.189005 -0.541952 0.818881 73.4762
0.922112 -0.188588 -0.337853 99.0157
0.337637 0.818652 0.464553 442.228
0.188975 -0.542442 0.818563 73.412
0.922128 -0.188568 -0.33782 98.9942
0.33763 0.818582 0.464683 442.258
0.188909 -0.542555 0.818503 73.3314
0.922073 -0.188422 -0.338052 99.1009
0.337571 0.818767 0.464398 442.225
0.189283 -0.542326 0.818569 73.5218
0.922177 -0.188023 -0.337988 99.0959
0.337267 0.818676 0.46478 442.219
0.189313 -0.542602 0.818378 73.5236
0.922373 -0.188603 -0.337129 99.1416
0.337321 0.818543 0.464975 442.266
0.188259 -0.542602 0.818622 73.3992
0.922686 -0.188503 -0.336328 99.1734
0.337027 0.818005 0.466134 442.234
0.187251 -0.543447 0.818292 73.3267
0.922573 -0.188339 -0.33673 99.1827
0.337088 0.818053 0.466005 442.289
0.187696 -0.543431 0.818201 73.185
0.922953 -0.189259 -0.33517 99.258
0.336704 0.818918 0.464762 442.283
0.186516 -0.541807 0.819547 73.5211
0.922992 -0.18948 -0.334937 99.1565
0.33701 0.818172 0.465853 442.416
0.185766 -0.542856 0.819023 73.1336
0.92302 -0.188131 -0.335619 99.2211
0.336093 0.818857 0.465312 442.419
0.187284 -0.542292 0.819051 73.5159
0.922781 -0.187522 -0.336617 99.2689
0.336066 0.819045 0.464999 442.483
0.188507 -0.542218 0.818819 73.4979
0.922642 -0.187692 -0.336903 99.2857
0.336368 0.818965 0.464923 442.497
0.188649 -0.542281 0.818745 73.3892
0.922911 -0.188906 -0.335485 99.1927
0.336583 0.818948 0.464797 442.588
0.186942 -0.541884 0.819399 73.3164
0.922885 -0.188451 -0.335812 99.1802
0.336433 0.818856 0.465068 442.566
0.187339 -0.542183 0.819111 73.4741
0.922826 -0.187277 -0.336631 99.2153
0.335953 0.818854 0.465418 442.559
0.18849 -0.542592 0.818576 73.5723
0.923036 -0.187168 -0.336115 99.278
0.335523 0.819106 0.465284 442.604
0.188228 -0.542248 0.818863 73.775
0.922486 -0.186991 -0.33772 99.1808
0.336134 0.819287 0.464525 442.733
0.189827 -0.542036 0.818634 73.8716
0.922534 -0.186524 -0.337845 99.1315
0.335817 0.819356 0.464631 442.797
0.190151 -0.542092 0.818522 73.8646
0.922465 -0.18653 -0.338031 99.1621
0.33589 0.819427 0.464453 442.777
0.190358 -0.541983 0.818547 74.024
0.922155 -0.186312 -0.338995 99.1859
0.336069 0.819826 0.463619 442.809
0.191539 -0.541454 0.818621 74.1642
0.921934 -0.186368 -0.339565 99.1966
0.336364 0.819923 0.463235 442.936
0.192085 -0.541289 0.818602 74.0409
0.921829 -0.187108 -0.339444 99.0904
0.336692 0.820412 0.462128 442.979
0.192016 -0.540291 0.819277 74.0548
0.921801 -0.187264 -0.339435 99.0134
0.336563 0.821093 0.461012 443.069
0.192376 -0.539202 0.81991 74.089
0.921649 -0.188162 -0.339349 98.9898
0.336973 0.82174 0.459558 443.103
0.192386 -0.537903 0.820761 74.3628
0.921152 -0.186717 -0.341492 99.0171
0.337103 0.821297 0.460253 443.034
0.194529 -0.53908 0.819482 74.3357
0.921019 -0.188454 -0.340895 98.7851
0.337796 0.822209 0.458112 443.236
0.193954 -0.537083 0.820929 74.374
0.921529 -0.187793 -0.339878 98.8535
0.336868 0.821986 0.459193 443.162
0.193142 -0.537654 0.820746 74.4481
0.921772 -0.189751 -0.338127 98.8016
0.337335 0.822411 0.458089 443.216
0.191157 -0.536316 0.822086 74.3392
0.921682 -0.190922 -0.337714 98.7197
0.337659 0.823429 0.456017 443.332
0.19102 -0.534335 0.823406 74.6991
0.921945 -0.1917 -0.336555 98.5874
0.337442 0.824094 0.454974 443.443
0.190134 -0.533029 0.824457 74.6573
0.922331 -0.19269 -0.334926 98.5821
0.336981 0.825258 0.453203 443.502
0.189073 -0.530867 0.826094 74.867
0.922666 -0.193352 -0.333621 98.5924
0.336469 0.826321 0.451643 443.501
0.188352 -0.528969 0.827475 75.0375
0.922981 -0.194999 -0.331785 98.6072
0.336575 0.827051 0.450227 443.571
0.186609 -0.527222 0.828984 74.9973
0.922629 -0.195179 -0.332658 98.4415
0.336729 0.8282 0.447994 443.741
0.188068 -0.525347 0.829844 75.3579
0.922407 -0.195091 -0.333325 98.359
0.336885 0.828479 0.44736 443.785
0.188877 -0.52494 0.829918 75.3448
0.92265 -0.194921 -0.332749 98.3149
0.336368 0.828779 0.447193 443.805
0.188608 -0.524529 0.830239 75.4142
0.922942 -0.196059 -0.331269 98.1647
0.336371 0.829205 0.4464 443.859
0.187169 -0.52343 0.831257 75.5347
0.923217 -0.197191 -0.329827 97.9817
0.33637 0.829695 0.44549 443.924
0.185809 -0.522228 0.832318 75.5878
0.923442 -0.199421 -0.32785 97.8758
0.336817 0.830592 0.443476 444.024
0.183871 -0.519949 0.834173 75.731
0.923412 -0.199863 -0.327665 97.8996
0.336983 0.830834 0.442896 444.049
0.183717 -0.519393 0.834553 75.8113
0.922983 -0.200122 -0.328715 97.9737
0.337788 0.830548 0.44282 444.053
0.184396 -0.519751 0.83418 75.7307
0.92322 -0.201454 -0.327231 97.8343
0.337808 0.831381 0.441237 444.135
0.183165 -0.517901 0.835601 76.0039
0.922944 -0.201873 -0.327753 97.8472
0.338476 0.83111 0.441236 444.175
0.183325 -0.518173 0.835397 75.7872
0.923192 -0.2016 -0.327221 97.7968
0.337986 0.831182 0.441477 444.028
0.182979 -0.518164 0.835479 76.1468
0.922982 -0.202282 -0.327394 97.8021
0.338631 0.831081 0.441172 444.164
0.18285 -0.51806 0.835572 75.9521
0.923195 -0.202846 -0.326443 97.7906
0.33847 0.831484 0.440538 444.224
0.182071 -0.517193 0.836279 76.0279
0.923711 -0.205001 -0.323625 97.6062
0.338507 0.8323 0.438964 444.288
0.179365 -0.515025 0.838199 76.2452
0.923703 -0.20539 -0.323401 97.5474
0.338691 0.83233 0.438766 444.361
0.179059 -0.514822 0.838389 76.292
0.923641 -0.205307 -0.323629 97.4893
0.338796 0.832153 0.439019 444.386
0.179175 -0.515141 0.838168 76.3952
0.924063 -0.206407 -0.321719 97.4024
0.338665 0.832371 0.438707 444.423
0.177237 -0.514348 0.839067 76.332
0.924186 -0.207302 -0.32079 97.3753
0.338758 0.832836 0.437752 444.46
0.176418 -0.513234 0.839921 76.4333
0.924913 -0.207978 -0.318246 97.2328
0.337812 0.833616 0.436998 444.473
0.174409 -0.511692 0.84128 76.6623
0.924901 -0.209938 -0.316993 97.1624
0.338493 0.834355 0.435056 444.61
0.17315 -0.509683 0.842759 76.7722
0.925615 -0.210867 -0.314281 97.1338
0.337497 0.835676 0.433291 444.688
0.171271 -0.50713 0.844681 76.777
0.926088 -0.210192 -0.313336 97.2329
0.33646 0.835877 0.43371 444.662
0.170749 -0.507079 0.844817 76.9844
0.925949 -0.210345 -0.313645 97.137
0.336838 0.835537 0.434071 444.787
0.170758 -0.507575 0.844517 76.9021
0.925918 -0.210582 -0.313577 97.0819
0.336966 0.835612 0.433827 444.798
0.170673 -0.507354 0.844667 76.9248
0.925856 -0.21052 -0.313804 97.1714
0.336954 0.835819 0.433438 444.839
0.171036 -0.507039 0.844783 76.9509
0.925806 -0.212429 -0.312662 96.9791
0.337572 0.836826 0.431008 444.95
0.170085 -0.504576 0.846448 77.2339
0.926275 -0.216907 -0.308166 96.694
0.338287 0.838941 0.426309 445.077
0.166064 -0.499128 0.850467 77.6499
0.926465 -0.217333 -0.307293 96.7151
0.33795 0.839752 0.424977 445.179
0.165689 -0.497576 0.851449 77.531
0.926295 -0.21656 -0.30835 96.6441
0.337767 0.839934 0.424764 445.153
0.167006 -0.497607 0.851173 77.7786
0.925981 -0.215527 -0.310012 96.6471
0.337834 0.839596 0.425377 445.134
0.168605 -0.498624 0.850263 77.9028
0.926066 -0.215793 -0.309574 96.6055
0.337878 0.839488 0.425557 445.179
0.168051 -0.498692 0.850332 77.8722
0.925744 -0.216206 -0.310246 96.6336
0.33865 0.839075 0.425758 445.21
0.168268 -0.499208 0.849987 77.6746
0.926116 -0.215157 -0.309864 96.6066
0.337739 0.838816 0.426989 445.222
0.168049 -0.500095 0.849508 77.5907
0.925876 -0.215706 -0.310202 96.6233
0.338256 0.839021 0.426176 445.265
0.168337 -0.499513 0.849793 77.5884
0.925734 -0.215456 -0.310797 96.5953
0.338265 0.839225 0.425768 445.344
0.169094 -0.49928 0.84978 77.6205
0.926225 -0.215755 -0.309123 96.4691
0.337589 0.839639 0.425487 445.384
0.167751 -0.498453 0.850532 77.7922
0.926401 -0.215549 -0.308738 96.4544
0.337289 0.839529 0.425943 445.413
0.167383 -0.498728 0.850443 77.8449
0.926242 -0.214817 -0.309726 96.4973
0.337123 0.839663 0.425809 445.416
0.168594 -0.498818 0.850151 77.9516
0.926655 -0.214683 -0.308581 96.5547
0.33619 0.840561 0.424775 445.53
0.16819 -0.497362 0.851084 78.1685
0.927024 -0.216192 -0.306412 96.389
0.336162 0.841213 0.423505 445.589
0.166199 -0.495603 0.852499 78.2863
0.926431 -0.218312 -0.306702 96.3423
0.337646 0.842147 0.420457 445.668
0.166497 -0.493081 0.853903 78.5013
0.92728 -0.219032 -0.303607 96.212
0.336679 0.842535 0.420454 445.77
0.163706 -0.492097 0.855009 78.6347
0.92833 -0.220565 -0.299256 96.1447
0.335707 0.843175 0.419949 445.834
0.159699 -0.490313 0.85679 78.7972
0.927766 -0.220326 -0.301175 96.2171
0.336156 0.843871 0.418188 445.892
0.162015 -0.489223 0.856979 78.8748
0.928553 -0.221056 -0.298202 96.0849
0.335428 0.843762 0.418991 445.906
0.158991 -0.489081 0.857626 78.9766
0.928667 -0.221192 -0.297744 96.095
0.335159 0.844287 0.418149 446.087
0.15889 -0.488113 0.858196 79.04
0.928681 -0.222 -0.297097 96.0741
0.335132 0.84544 0.415833 446.201
0.158863 -0.485743 0.859544 79.1659
0.929011 -0.223812 -0.294698 95.9533
0.335278 0.846113 0.414345 446.331
0.156612 -0.483737 0.861087 79.1199
0.929114 -0.223631 -0.294512 96.1136
0.334979 0.846335 0.414132 446.195
0.156643 -0.483431 0.861253 79.3994
0.928683 -0.224618 -0.295119 95.9387
0.33594 0.846624 0.412762 446.397
0.157141 -0.482467 0.861703 79.274
0.929402 -0.22504 -0.292522 95.9871
0.334794 0.847637 0.411613 446.329
0.155323 -0.480488 0.863137 79.6332
0.929557 -0.225206 -0.291901 95.9645
0.334748 0.847334 0.412272 446.343
0.154492 -0.480944 0.863033 79.4536
0.929779 -0.225061 -0.291304 95.9024
0.334196 0.847872 0.411613 446.414
0.15435 -0.480062 0.863549 79.5908
0.930078 -0.226249 -0.289423 95.8362
0.334029 0.848752 0.409933 446.52
0.152902 -0.477945 0.864979 79.7606
0.930057 -0.227273 -0.28869 95.7927
0.334472 0.848911 0.409242 446.55
0.152062 -0.477177 0.865552 79.7947
0.930098 -0.227845 -0.288106 95.7182
0.334522 0.849384 0.408219 446.619
0.151702 -0.476061 0.866229 79.8943
0.93022 -0.228847 -0.286915 95.6739
0.334671 0.849789 0.407251 446.742
0.150619 -0.474855 0.867079 79.8454
0.929914 -0.227909 -0.288649 95.6234
0.334595 0.850058 0.406753 446.775
0.152665 -0.474825 0.866738 80.0383
0.929972 -0.2282 -0.288232 95.7156
0.334642 0.850066 0.406696 446.724
0.152208 -0.47467 0.866903 80.0592
0.92998 -0.227326 -0.288895 95.5578
0.334292 0.849888 0.407356 446.71
0.152926 -0.475408 0.866372 80.1452
0.930219 -0.228648 -0.287075 95.5287
0.334274 0.850756 0.405555 446.862
0.151502 -0.473217 0.867821 80.1113
0.93039 -0.230748 -0.284833 95.5002
0.334776 0.851396 0.403793 446.964
0.149331 -0.471041 0.86938 80.1455
0.930344 -0.230731 -0.284996 95.4883
0.334745 0.851672 0.403237 446.914
0.149684 -0.47055 0.869584 80.3376
0.929589 -0.232809 -0.285768 95.4245
0.336588 0.852157 0.400671 446.99
0.15024 -0.468646 0.870517 80.3982
0.929283 -0.232603 -0.286931 95.4736
0.336903 0.852223 0.400265 446.982
0.151426 -0.468627 0.870321 80.4396
0.929683 -0.233622 -0.2848 95.428
0.336924 0.851837 0.401068 446.97
0.148905 -0.468822 0.870651 80.3784
0.930148 -0.234055 -0.282918 95.4708
0.336271 0.852433 0.400349 447.022
0.147465 -0.467521 0.871595 80.6112
0.929902 -0.234283 -0.283539 95.4454
0.336561 0.852937 0.39903 447.053
0.148355 -0.466487 0.871998 80.7366
0.930011 -0.234535 -0.28297 95.428
0.336532 0.852898 0.399138 447.06
0.147733 -0.466431 0.872133 80.7067
0.930226 -0.233537 -0.283091 95.3676
0.335804 0.852831 0.399893 446.967
0.148039 -0.467054 0.871748 80.7547
0.930786 -0.23457 -0.280384 95.2453
0.335492 0.852759 0.400308 446.979
0.1452 -0.466668 0.872432 80.7152
0.930454 -0.234929 -0.281181 95.3091
0.336133 0.85273 0.399832 447.002
0.14584 -0.46654 0.872394 80.5758
0.930473 -0.235101 -0.280975 95.303
0.336104 0.852984 0.399315 446.988
0.145787 -0.465989 0.872697 80.6942
0.930329 -0.235217 -0.281357 95.3283
0.336297 0.853185 0.398723 447.111
0.146263 -0.465562 0.872845 80.4839
