0.34655 -0.927776 -0.138327 124.193
-0.571455 -0.325754 0.753209 443.795
-0.74387 -0.181977 -0.643072 68.8584
0.34655 -0.927776 -0.138327 124.193
-0.571455 -0.325754 0.753209 443.795
-0.74387 -0.181977 -0.643072 68.8584
0.345814 -0.927923 -0.139183 124.372
-0.570869 -0.32579 0.753637 443.785
-0.744662 -0.181163 -0.642385 68.9897
0.345814 -0.927923 -0.139183 124.372
-0.570869 -0.32579 0.753637 443.785
-0.744662 -0.181163 -0.642385 68.9897
0.34524 -0.928153 -0.139073 124.302
-0.57105 -0.325343 0.753693 443.808
-0.744789 -0.180788 -0.642343 68.8886
0.34524 -0.928153 -0.139073 124.302
-0.57105 -0.325343 0.753693 443.808
-0.744789 -0.180788 -0.642343 68.8886
0.343233 -0.928658 -0.140664 124.235
-0.571215 -0.32527 0.7536 443.781
-0.74559 -0.178311 -0.642107 68.6532
0.343233 -0.928658 -0.140664 124.235
-0.571215 -0.32527 0.7536 443.781
-0.74559 -0.178311 -0.642107 68.6532
0.34301 -0.928785 -0.140367 124.404
-0.571075 -0.324839 0.753892 443.769
-0.7458 -0.178433 -0.641829 68.6925
0.34301 -0.928785 -0.140367 124.404
-0.571075 -0.324839 0.753892 443.769
-0.7458 -0.178433 -0.641829 68.6925
0.343031 -0.9288 -0.140214 124.304
-0.570702 -0.324641 0.75426 443.809
-0.746076 -0.178714 -0.64143 68.769
0.343031 -0.9288 -0.140214 124.304
-0.570702 -0.324641 0.75426 443.809
-0.746076 -0.178714 -0.64143 68.769
0.343101 -0.928845 -0.139745 124.302
-0.570785 -0.324329 0.754331 443.695
-0.745979 -0.179048 -0.641449 68.8805
0.343101 -0.928845 -0.139745 124.302
-0.570785 -0.324329 0.754331 443.695
-0.745979 -0.179048 -0.641449 68.8805
0.343765 -0.928439 -0.140809 124.294
-0.568589 -0.325129 0.755644 443.752
-0.74735 -0.179701 -0.639668 68.8072
0.343765 -0.928439 -0.140809 124.294
-0.568589 -0.325129 0.755644 443.752
-0.74735 -0.179701 -0.639668 68.8072
0.344698 -0.928081 -0.140885 124.382
-0.567661 -0.325617 0.756131 443.808
-0.747625 -0.180662 -0.639075 68.8112
0.344698 -0.928081 -0.140885 124.382
-0.567661 -0.325617 0.756131 443.808
-0.747625 -0.180662 -0.639075 68.8112
0.346261 -0.927682 -0.139674 124.231
-0.567103 -0.325584 0.756564 443.773
-0.747327 -0.182759 -0.638829 69.0478
0.346261 -0.927682 -0.139674 124.231
-0.567103 -0.325584 0.756564 443.773
-0.747327 -0.182759 -0.638829 69.0478
0.343861 -0.928427 -0.140652 124.255
-0.568652 -0.325083 0.755616 443.747
-0.747258 -0.179845 -0.639735 68.6426
0.343861 -0.928427 -0.140652 124.255
-0.568652 -0.325083 0.755616 443.747
-0.747258 -0.179845 -0.639735 68.6426
0.343861 -0.928427 -0.140652 124.255
-0.568652 -0.325083 0.755616 443.747
-0.747258 -0.179845 -0.639735 68.6426
0.343861 -0.928427 -0.140652 124.255
-0.568652 -0.325083 0.755616 443.747
-0.747258 -0.179845 -0.639735 68.6426
0.347493 -0.927339 -0.138893 124.055
-0.567289 -0.325852 0.756309 443.836
-0.746614 -0.184019 -0.6393 69.0193
0.347493 -0.927339 -0.138893 124.055
-0.567289 -0.325852 0.756309 443.836
-0.746614 -0.184019 -0.6393 69.0193
0.347477 -0.927351 -0.138853 124.106
-0.567757 -0.325923 0.755927 443.799
-0.746265 -0.183832 -0.639761 68.8286
0.347477 -0.927351 -0.138853 124.106
-0.567757 -0.325923 0.755927 443.799
-0.746265 -0.183832 -0.639761 68.8286
0.348065 -0.927114 -0.138964 123.991
-0.567661 -0.326401 0.755793 443.78
-0.746064 -0.184181 -0.639895 68.965
0.348065 -0.927114 -0.138964 123.991
-0.567661 -0.326401 0.755793 443.78
-0.746064 -0.184181 -0.639895 68.965
0.347716 -0.927453 -0.137565 123.99
-0.569956 -0.325584 0.754417 443.772
-0.744476 -0.183917 -0.641818 68.6963
0.347716 -0.927453 -0.137565 123.99
-0.569956 -0.325584 0.754417 443.772
-0.744476 -0.183917 -0.641818 68.6963
0.348629 -0.927041 -0.138033 123.933
-0.56931 -0.326445 0.754533 443.858
-0.744543 -0.184469 -0.641582 68.7954
0.348629 -0.927041 -0.138033 123.933
-0.56931 -0.326445 0.754533 443.858
-0.744543 -0.184469 -0.641582 68.7954
0.35077 -0.926515 -0.136129 124.137
-0.569602 -0.326472 0.754301 443.826
-0.743313 -0.187047 -0.642261 68.965
0.35077 -0.926515 -0.136129 124.137
-0.569602 -0.326472 0.754301 443.826
-0.743313 -0.187047 -0.642261 68.965
0.35157 -0.92616 -0.136477 123.922
-0.568812 -0.32712 0.754616 443.951
-0.74354 -0.187671 -0.641817 69.0351
0.35157 -0.92616 -0.136477 123.922
-0.568812 -0.32712 0.754616 443.951
-0.74354 -0.187671 -0.641817 69.0351
0.352221 -0.925964 -0.136126 124.051
-0.568877 -0.327308 0.754486 443.807
-0.743182 -0.188307 -0.642045 69.0356
0.352221 -0.925964 -0.136126 124.051
-0.568877 -0.327308 0.754486 443.807
-0.743182 -0.188307 -0.642045 69.0356
0.353865 -0.925471 -0.135212 123.998
-0.569085 -0.327775 0.754126 443.841
-0.742241 -0.189911 -0.64266 68.9401
0.353865 -0.925471 -0.135212 123.998
-0.569085 -0.327775 0.754126 443.841
-0.742241 -0.189911 -0.64266 68.9401
0.355332 -0.925064 -0.134148 123.79
-0.569911 -0.328156 0.753336 443.798
-0.740905 -0.191232 -0.643809 69.0736
0.355332 -0.925064 -0.134148 123.79
-0.569911 -0.328156 0.753336 443.798
-0.740905 -0.191232 -0.643809 69.0736
0.356149 -0.924939 -0.132835 123.959
-0.570582 -0.327841 0.752965 443.827
-0.739996 -0.192374 -0.644514 69.0326
0.356149 -0.924939 -0.132835 123.959
-0.570582 -0.327841 0.752965 443.827
-0.739996 -0.192374 -0.644514 69.0326
0.356717 -0.924754 -0.132601 123.81
-0.570822 -0.328115 0.752664 443.756
-0.739537 -0.192796 -0.644914 69.0846
0.356717 -0.924754 -0.132601 123.81
-0.570822 -0.328115 0.752664 443.756
-0.739537 -0.192796 -0.644914 69.0846
0.35706 -0.92464 -0.132469 123.923
-0.571022 -0.328304 0.75243 443.887
-0.739217 -0.19302 -0.645214 68.946
0.35706 -0.92464 -0.132469 123.923
-0.571022 -0.328304 0.75243 443.887
-0.739217 -0.19302 -0.645214 68.946
0.356877 -0.924703 -0.132523 123.823
-0.570953 -0.3282 0.752527 443.872
-0.739359 -0.192895 -0.645089 69.0494
0.356877 -0.924703 -0.132523 123.823
-0.570953 -0.3282 0.752527 443.872
-0.739359 -0.192895 -0.645089 69.0494
0.358962 -0.924031 -0.131581 123.875
-0.571092 -0.328952 0.752094 443.845
-0.738242 -0.194828 -0.645787 69.0043
0.358962 -0.924031 -0.131581 123.875
-0.571092 -0.328952 0.752094 443.845
-0.738242 -0.194828 -0.645787 69.0043
0.360172 -0.923602 -0.131287 123.848
-0.57126 -0.329619 0.751674 443.904
-0.737522 -0.195733 -0.646336 69.0626
0.360172 -0.923602 -0.131287 123.848
-0.57126 -0.329619 0.751674 443.904
-0.737522 -0.195733 -0.646336 69.0626
0.360654 -0.923339 -0.13181 123.81
-0.57054 -0.330198 0.751966 443.95
-0.737843 -0.195997 -0.645889 69.0443
0.360654 -0.923339 -0.13181 123.81
-0.57054 -0.330198 0.751966 443.95
-0.737843 -0.195997 -0.645889 69.0443
0.361448 -0.923038 -0.131746 123.739
-0.571824 -0.331054 0.750613 444.019
-0.736459 -0.195972 -0.647474 68.6817
0.361448 -0.923038 -0.131746 123.739
-0.571824 -0.331054 0.750613 444.019
-0.736459 -0.195972 -0.647474 68.6817
0.361788 -0.922942 -0.131481 123.701
-0.571105 -0.330889 0.751233 443.961
-0.73685 -0.196698 -0.646809 69.1273
0.361788 -0.922942 -0.131481 123.701
-0.571105 -0.330889 0.751233 443.961
-0.73685 -0.196698 -0.646809 69.1273
0.361675 -0.922848 -0.13245 123.709
-0.570637 -0.331473 0.751332 443.954
-0.737269 -0.196157 -0.646496 69.1777
0.361675 -0.922848 -0.13245 123.709
-0.570637 -0.331473 0.751332 443.954
-0.737269 -0.196157 -0.646496 69.1777
0.362999 -0.922253 -0.132968 123.65
-0.568472 -0.332261 0.752623 443.984
-0.73829 -0.197613 -0.644886 69.6047
0.362999 -0.922253 -0.132968 123.65
-0.568472 -0.332261 0.752623 443.984
-0.73829 -0.197613 -0.644886 69.6047
0.363814 -0.921902 -0.133173 123.562
-0.568081 -0.332906 0.752634 444.074
-0.738189 -0.198166 -0.644831 69.5356
0.363814 -0.921902 -0.133173 123.562
-0.568081 -0.332906 0.752634 444.074
-0.738189 -0.198166 -0.644831 69.5356
0.363212 -0.922125 -0.133274 123.589
-0.568512 -0.332674 0.752411 444.02
-0.738154 -0.197517 -0.645071 69.3973
0.363212 -0.922125 -0.133274 123.589
-0.568512 -0.332674 0.752411 444.02
-0.738154 -0.197517 -0.645071 69.3973
0.36333 -0.922092 -0.133187 123.404
-0.568481 -0.332678 0.752432 444.058
-0.73812 -0.197667 -0.645063 69.5315
0.36333 -0.922092 -0.133187 123.404
-0.568481 -0.332678 0.752432 444.058
-0.73812 -0.197667 -0.645063 69.5315
0.365317 -0.921333 -0.132999 123.502
-0.568247 -0.333881 0.752076 444.135
-0.737319 -0.19917 -0.645517 69.4338
0.365317 -0.921333 -0.132999 123.502
-0.568247 -0.333881 0.752076 444.135
-0.737319 -0.19917 -0.645517 69.4338
0.363786 -0.921783 -0.134072 123.356
-0.568241 -0.333662 0.752178 444.172
-0.73808 -0.197447 -0.645176 69.2977
0.363786 -0.921783 -0.134072 123.356
-0.568241 -0.333662 0.752178 444.172
-0.73808 -0.197447 -0.645176 69.2977
0.364385 -0.921611 -0.133628 123.376
-0.567666 -0.333573 0.752652 444.155
-0.738227 -0.198399 -0.644716 69.5659
0.364385 -0.921611 -0.133628 123.376
-0.567666 -0.333573 0.752652 444.155
-0.738227 -0.198399 -0.644716 69.5659
0.364114 -0.92159 -0.134512 123.292
-0.56711 -0.333952 0.752903 444.166
-0.738788 -0.197859 -0.644239 69.8444
0.364114 -0.92159 -0.134512 123.292
-0.56711 -0.333952 0.752903 444.166
-0.738788 -0.197859 -0.644239 69.8444
0.364173 -0.921485 -0.135065 123.394
-0.5674 -0.334524 0.75243 444.21
-0.738536 -0.197379 -0.644675 69.5291
0.364173 -0.921485 -0.135065 123.394
-0.5674 -0.334524 0.75243 444.21
-0.738536 -0.197379 -0.644675 69.5291
0.364367 -0.921429 -0.134924 123.28
-0.567 -0.33444 0.752769 444.287
-0.738747 -0.197783 -0.644309 69.628
0.364367 -0.921429 -0.134924 123.28
-0.567 -0.33444 0.752769 444.287
-0.738747 -0.197783 -0.644309 69.628
0.365044 -0.921219 -0.134529 123.172
-0.566851 -0.33456 0.752828 444.228
-0.738528 -0.198558 -0.644323 69.702
0.365044 -0.921219 -0.134529 123.172
-0.566851 -0.33456 0.752828 444.228
-0.738528 -0.198558 -0.644323 69.702
0.364507 -0.921282 -0.135549 123.129
-0.566437 -0.3349 0.752988 444.303
-0.73911 -0.19769 -0.643922 69.7488
0.364507 -0.921282 -0.135549 123.129
-0.566437 -0.3349 0.752988 444.303
-0.73911 -0.19769 -0.643922 69.7488
0.364872 -0.921039 -0.136218 123.054
-0.566617 -0.335754 0.752472 444.411
-0.738792 -0.197372 -0.644384 69.6448
0.364872 -0.921039 -0.136218 123.054
-0.566617 -0.335754 0.752472 444.411
-0.738792 -0.197372 -0.644384 69.6448
0.365128 -0.921026 -0.135618 122.976
-0.566382 -0.335383 0.752815 444.374
-0.738846 -0.198062 -0.64411 69.9581
0.365128 -0.921026 -0.135618 122.976
-0.566382 -0.335383 0.752815 444.374
-0.738846 -0.198062 -0.64411 69.9581
0.365832 -0.920804 -0.135226 123.048
-0.56679 -0.335675 0.752377 444.437
-0.738184 -0.198599 -0.644704 69.9892
0.365832 -0.920804 -0.135226 123.048
-0.56679 -0.335675 0.752377 444.437
-0.738184 -0.198599 -0.644704 69.9892
0.364832 -0.921036 -0.136345 123.026
-0.566425 -0.335778 0.752606 444.55
-0.738959 -0.197346 -0.6442 69.9402
0.364832 -0.921036 -0.136345 123.026
-0.566425 -0.335778 0.752606 444.55
-0.738959 -0.197346 -0.6442 69.9402
0.365858 -0.920585 -0.136644 122.97
-0.566446 -0.336759 0.752152 444.517
-0.738436 -0.19778 -0.644667 69.9406
0.365858 -0.920585 -0.136644 122.97
-0.566446 -0.336759 0.752152 444.517
-0.738436 -0.19778 -0.644667 69.9406
0.365885 -0.920544 -0.136848 122.887
-0.566399 -0.336933 0.75211 444.643
-0.738458 -0.197675 -0.644673 69.8419
0.365885 -0.920544 -0.136848 122.887
-0.566399 -0.336933 0.75211 444.643
-0.738458 -0.197675 -0.644673 69.8419
0.365885 -0.920544 -0.136848 122.887
-0.566399 -0.336933 0.75211 444.643
-0.738458 -0.197675 -0.644673 69.8419
0.365776 -0.920721 -0.135948 122.953
-0.567019 -0.336286 0.751932 444.514
-0.738037 -0.197953 -0.645071 70.062
0.365776 -0.920721 -0.135948 122.953
-0.567019 -0.336286 0.751932 444.514
-0.738037 -0.197953 -0.645071 70.062
0.366716 -0.920307 -0.136216 122.777
-0.565289 -0.336711 0.753044 444.733
-0.738897 -0.199151 -0.643716 70.1849
0.366716 -0.920307 -0.136216 122.777
-0.565289 -0.336711 0.753044 444.733
-0.738897 -0.199151 -0.643716 70.1849
0.365613 -0.920554 -0.137506 122.788
-0.564511 -0.336772 0.753599 444.755
-0.740037 -0.197902 -0.642791 70.3569
0.365613 -0.920554 -0.137506 122.788
-0.564511 -0.336772 0.753599 444.755
-0.740037 -0.197902 -0.642791 70.3569
0.365157 -0.920663 -0.137983 122.665
-0.564737 -0.336899 0.753373 444.769
-0.740089 -0.197175 -0.642954 70.2925
0.365157 -0.920663 -0.137983 122.665
-0.564737 -0.336899 0.753373 444.769
-0.740089 -0.197175 -0.642954 70.2925
0.365985 -0.920251 -0.138538 122.657
-0.562266 -0.337282 0.755048 444.975
-0.741561 -0.198441 -0.640866 70.3739
0.365985 -0.920251 -0.138538 122.657
-0.562266 -0.337282 0.755048 444.975
-0.741561 -0.198441 -0.640866 70.3739
0.363837 -0.920783 -0.14065 122.602
-0.562327 -0.337508 0.754902 444.872
-0.742571 -0.19557 -0.640579 70.333
0.363837 -0.920783 -0.14065 122.602
-0.562327 -0.337508 0.754902 444.872
-0.742571 -0.19557 -0.640579 70.333
0.364698 -0.920482 -0.140387 122.526
-0.560486 -0.337415 0.756311 444.898
-0.74354 -0.197141 -0.638971 70.5568
0.364698 -0.920482 -0.140387 122.526
-0.560486 -0.337415 0.756311 444.898
-0.74354 -0.197141 -0.638971 70.5568
0.363562 -0.92059 -0.142606 122.499
-0.55893 -0.338028 0.757188 445.058
-0.745265 -0.195578 -0.63744 70.3216
0.363562 -0.92059 -0.142606 122.499
-0.55893 -0.338028 0.757188 445.058
-0.745265 -0.195578 -0.63744 70.3216
0.360946 -0.921266 -0.144873 122.258
-0.556023 -0.337303 0.759648 445.001
-0.748703 -0.193639 -0.633993 70.7023
0.360946 -0.921266 -0.144873 122.258
-0.556023 -0.337303 0.759648 445.001
-0.748703 -0.193639 -0.633993 70.7023
0.358798 -0.921808 -0.146743 122.206
-0.553798 -0.33678 0.761503 444.957
-0.75138 -0.19196 -0.631331 70.9097
0.358798 -0.921808 -0.146743 122.206
-0.553798 -0.33678 0.761503 444.957
-0.75138 -0.19196 -0.631331 70.9097
0.359098 -0.921672 -0.146863 122.061
-0.552207 -0.336681 0.762701 444.934
-0.752407 -0.192786 -0.629856 71.2353
0.359098 -0.921672 -0.146863 122.061
-0.552207 -0.336681 0.762701 444.934
-0.752407 -0.192786 -0.629856 71.2353
0.358474 -0.921733 -0.148001 122.061
-0.549136 -0.336407 0.765036 445.074
-0.754948 -0.192973 -0.626749 71.0914
0.358474 -0.921733 -0.148001 122.061
-0.549136 -0.336407 0.765036 445.074
-0.754948 -0.192973 -0.626749 71.0914
0.356613 -0.922274 -0.149123 122.029
-0.549084 -0.336043 0.765233 445.14
-0.755866 -0.191011 -0.626243 70.7722
0.35651 -0.922286 -0.149299 122.137
-0.546975 -0.335585 0.766943 445.138
-0.757443 -0.19176 -0.624106 71.067
0.35651 -0.922286 -0.149299 122.137
-0.546975 -0.335585 0.766943 445.138
-0.757443 -0.19176 -0.624106 71.067
0.35651 -0.922286 -0.149299 122.137
-0.546975 -0.335585 0.766943 445.138
-0.757443 -0.19176 -0.624106 71.067
0.355863 -0.922524 -0.14937 122.181
-0.547217 -0.335263 0.766911 445.188
-0.757572 -0.191177 -0.624129 70.8142
0.355863 -0.922524 -0.14937 122.181
-0.547217 -0.335263 0.766911 445.188
-0.757572 -0.191177 -0.624129 70.8142
0.355057 -0.922797 -0.149603 122.109
-0.547016 -0.334854 0.767233 444.967
-0.758095 -0.190576 -0.623677 70.9163
0.355057 -0.922797 -0.149603 122.109
-0.547016 -0.334854 0.767233 444.967
-0.758095 -0.190576 -0.623677 70.9163
0.353452 -0.923125 -0.151363 122.086
-0.544252 -0.334533 0.769335 445.191
-0.760829 -0.189544 -0.620655 70.8662
0.353452 -0.923125 -0.151363 122.086
-0.544252 -0.334533 0.769335 445.191
-0.760829 -0.189544 -0.620655 70.8662
0.352532 -0.923545 -0.150954 122.118
-0.543798 -0.333453 0.770125 445.024
-0.761581 -0.189405 -0.619774 71.0762
0.352532 -0.923545 -0.150954 122.118
-0.543798 -0.333453 0.770125 445.024
-0.761581 -0.189405 -0.619774 71.0762
0.353651 -0.923114 -0.150968 122.082
-0.543174 -0.334069 0.770299 445.122
-0.761507 -0.190415 -0.619555 71.0577
0.353651 -0.923114 -0.150968 122.082
-0.543174 -0.334069 0.770299 445.122
-0.761507 -0.190415 -0.619555 71.0577
0.353245 -0.923031 -0.152422 122.08
-0.540913 -0.334445 0.771726 445.237
-0.763303 -0.190162 -0.61742 71.1144
0.353245 -0.923031 -0.152422 122.08
-0.540913 -0.334445 0.771726 445.237
-0.763303 -0.190162 -0.61742 71.1144
0.353088 -0.922964 -0.153187 121.946
-0.54063 -0.334908 0.771723 445.312
-0.763576 -0.189668 -0.617234 70.9323
0.353088 -0.922964 -0.153187 121.946
-0.54063 -0.334908 0.771723 445.312
-0.763576 -0.189668 -0.617234 70.9323
0.354185 -0.922862 -0.151255 122.007
-0.541354 -0.334215 0.771516 445.287
-0.762554 -0.191377 -0.617969 71.0956
0.354185 -0.922862 -0.151255 122.007
-0.541354 -0.334215 0.771516 445.287
-0.762554 -0.191377 -0.617969 71.0956
0.353548 -0.922887 -0.152591 122.006
-0.539385 -0.334409 0.772809 445.281
-0.764243 -0.19092 -0.616021 71.2574
0.353548 -0.922887 -0.152591 122.006
-0.539385 -0.334409 0.772809 445.281
-0.764243 -0.19092 -0.616021 71.2574
0.353868 -0.922775 -0.152527 121.993
-0.539016 -0.334479 0.773037 445.305
-0.764356 -0.191338 -0.615752 71.3012
0.353868 -0.922775 -0.152527 121.993
-0.539016 -0.334479 0.773037 445.305
-0.764356 -0.191338 -0.615752 71.3012
0.353431 -0.922951 -0.152476 121.867
-0.539858 -0.334352 0.772503 445.335
-0.763963 -0.190711 -0.616433 71.148
0.353431 -0.922951 -0.152476 121.867
-0.539858 -0.334352 0.772503 445.335
-0.763963 -0.190711 -0.616433 71.148
0.353095 -0.923221 -0.151614 122.019
-0.541178 -0.333734 0.771847 445.235
-0.763184 -0.190485 -0.617467 70.9323
0.353095 -0.923221 -0.151614 122.019
-0.541178 -0.333734 0.771847 445.235
-0.763184 -0.190485 -0.617467 70.9323
0.351889 -0.923402 -0.153309 121.996
-0.540353 -0.334131 0.772253 445.23
-0.764325 -0.188906 -0.61654 70.9357
0.351889 -0.923402 -0.153309 121.996
-0.540353 -0.334131 0.772253 445.23
-0.764325 -0.188906 -0.61654 70.9357
0.353314 -0.922972 -0.152617 121.967
-0.539119 -0.334207 0.773082 445.324
-0.764539 -0.190862 -0.615672 71.1802
0.353314 -0.922972 -0.152617 121.967
-0.539119 -0.334207 0.773082 445.324
-0.764539 -0.190862 -0.615672 71.1802
0.353786 -0.922853 -0.152243 121.916
-0.539551 -0.334321 0.772731 445.347
-0.764015 -0.191239 -0.616205 71.0424
0.353786 -0.922853 -0.152243 121.916
-0.539551 -0.334321 0.772731 445.347
-0.764015 -0.191239 -0.616205 71.0424
0.353414 -0.922899 -0.152827 121.975
-0.538443 -0.334282 0.773521 445.304
-0.764969 -0.191085 -0.615069 71.2315
0.353414 -0.922899 -0.152827 121.975
-0.538443 -0.334282 0.773521 445.304
-0.764969 -0.191085 -0.615069 71.2315
0.353174 -0.922994 -0.152808 121.888
-0.538401 -0.334094 0.773632 445.265
-0.76511 -0.190954 -0.614934 71.356
0.353174 -0.922994 -0.152808 121.888
-0.538401 -0.334094 0.773632 445.265
-0.76511 -0.190954 -0.614934 71.356
0.352165 -0.923013 -0.155004 121.997
-0.537693 -0.335079 0.773698 445.332
-0.766072 -0.189125 -0.614301 71.0411
0.352165 -0.923013 -0.155004 121.997
-0.537693 -0.335079 0.773698 445.332
-0.766072 -0.189125 -0.614301 71.0411
0.35371 -0.922694 -0.153381 122.096
-0.537647 -0.334747 0.773873 445.319
-0.765392 -0.191262 -0.614487 71.282
0.35371 -0.922694 -0.153381 122.096
-0.537647 -0.334747 0.773873 445.319
-0.765392 -0.191262 -0.614487 71.282
0.352883 -0.92284 -0.154404 121.98
-0.537524 -0.335017 0.773842 445.415
-0.76586 -0.19008 -0.61427 71.0778
0.352883 -0.92284 -0.154404 121.98
-0.537524 -0.335017 0.773842 445.415
-0.76586 -0.19008 -0.61427 71.0778
0.353517 -0.922786 -0.153272 121.774
-0.536773 -0.334307 0.77467 445.372
-0.766094 -0.191587 -0.61351 71.6753
0.353517 -0.922786 -0.153272 121.774
-0.536773 -0.334307 0.77467 445.372
-0.766094 -0.191587 -0.61351 71.6753
0.353961 -0.922352 -0.154851 121.8
-0.536113 -0.335766 0.774496 445.533
-0.766352 -0.191123 -0.613333 71.2688
0.353961 -0.922352 -0.154851 121.8
-0.536113 -0.335766 0.774496 445.533
-0.766352 -0.191123 -0.613333 71.2688
0.353899 -0.922546 -0.153831 121.85
-0.536471 -0.334958 0.774598 445.451
-0.76613 -0.191603 -0.61346 71.489
0.353899 -0.922546 -0.153831 121.85
-0.536471 -0.334958 0.774598 445.451
-0.76613 -0.191603 -0.61346 71.489
0.354694 -0.922292 -0.153526 121.93
-0.536795 -0.335317 0.774218 445.461
-0.765534 -0.192199 -0.614017 71.3194
0.354694 -0.922292 -0.153526 121.93
-0.536795 -0.335317 0.774218 445.461
-0.765534 -0.192199 -0.614017 71.3194
0.354373 -0.922334 -0.154011 121.81
-0.536112 -0.335337 0.774683 445.453
-0.766162 -0.191959 -0.613309 71.616
0.354373 -0.922334 -0.154011 121.81
-0.536112 -0.335337 0.774683 445.453
-0.766162 -0.191959 -0.613309 71.616
0.354352 -0.922346 -0.15399 121.769
-0.536773 -0.335471 0.774166 445.428
-0.765708 -0.19167 -0.613966 71.5318
0.354352 -0.922346 -0.15399 121.769
-0.536773 -0.335471 0.774166 445.428
-0.765708 -0.19167 -0.613966 71.5318
0.356232 -0.921775 -0.153065 121.792
-0.536268 -0.335833 0.774359 445.487
-0.765189 -0.193768 -0.613954 71.6547
0.356232 -0.921775 -0.153065 121.792
-0.536268 -0.335833 0.774359 445.487
-0.765189 -0.193768 -0.613954 71.6547
0.355632 -0.921905 -0.153682 121.819
-0.536242 -0.335941 0.774331 445.57
-0.765487 -0.192966 -0.613835 71.4095
0.355632 -0.921905 -0.153682 121.819
-0.536242 -0.335941 0.774331 445.57
-0.765487 -0.192966 -0.613835 71.4095
0.354771 -0.922234 -0.153693 121.8
-0.536111 -0.335338 0.774683 445.464
-0.765978 -0.192439 -0.613388 71.5589
0.354771 -0.922234 -0.153693 121.8
-0.536111 -0.335338 0.774683 445.464
-0.765978 -0.192439 -0.613388 71.5589
0.354724 -0.922141 -0.154359 121.826
-0.535656 -0.335752 0.774818 445.527
-0.766318 -0.192164 -0.613049 71.5115
0.354724 -0.922141 -0.154359 121.826
-0.535656 -0.335752 0.774818 445.527
-0.766318 -0.192164 -0.613049 71.5115
0.352742 -0.922629 -0.155978 121.603
-0.534005 -0.335372 0.776121 445.539
-0.768382 -0.190477 -0.610988 71.5728
0.352742 -0.922629 -0.155978 121.603
-0.534005 -0.335372 0.776121 445.539
-0.768382 -0.190477 -0.610988 71.5728
0.353603 -0.922427 -0.15522 121.711
-0.533554 -0.335198 0.776506 445.495
-0.7683 -0.191757 -0.610692 71.6313
0.353603 -0.922427 -0.15522 121.711
-0.533554 -0.335198 0.776506 445.495
-0.7683 -0.191757 -0.610692 71.6313
0.35422 -0.922001 -0.156342 121.728
-0.531864 -0.336134 0.777261 445.588
-0.769187 -0.192168 -0.609444 71.5955
0.35422 -0.922001 -0.156342 121.728
-0.531864 -0.336134 0.777261 445.588
-0.769187 -0.192168 -0.609444 71.5955
0.353481 -0.922214 -0.156758 121.603
-0.529909 -0.335504 0.778867 445.586
-0.770875 -0.192247 -0.607284 71.9278
0.353481 -0.922214 -0.156758 121.603
-0.529909 -0.335504 0.778867 445.586
-0.770875 -0.192247 -0.607284 71.9278
0.354179 -0.921782 -0.157718 121.54
-0.529373 -0.336646 0.778738 445.638
-0.770922 -0.192321 -0.6072 71.5946
0.354179 -0.921782 -0.157718 121.54
-0.529373 -0.336646 0.778738 445.638
-0.770922 -0.192321 -0.6072 71.5946
0.354287 -0.921823 -0.157234 121.529
-0.529098 -0.33624 0.779101 445.678
-0.771062 -0.192833 -0.60686 71.6885
0.354287 -0.921823 -0.157234 121.529
-0.529098 -0.33624 0.779101 445.678
-0.771062 -0.192833 -0.60686 71.6885
0.352278 -0.922176 -0.15966 121.457
-0.527528 -0.336568 0.780023 445.698
-0.773055 -0.19056 -0.60504 71.857
0.352278 -0.922176 -0.15966 121.457
-0.527528 -0.336568 0.780023 445.698
-0.773055 -0.19056 -0.60504 71.857
0.352278 -0.922176 -0.15966 121.457
-0.527528 -0.336568 0.780023 445.698
-0.773055 -0.19056 -0.60504 71.857
0.351972 -0.922256 -0.159872 121.469
-0.527748 -0.336599 0.779861 445.744
-0.773045 -0.190118 -0.605192 71.7721
0.351972 -0.922256 -0.159872 121.469
-0.527748 -0.336599 0.779861 445.744
-0.773045 -0.190118 -0.605192 71.7721
0.351879 -0.922288 -0.159892 121.556
-0.527708 -0.336545 0.779912 445.682
-0.773114 -0.190058 -0.605122 71.8566
0.351879 -0.922288 -0.159892 121.556
-0.527708 -0.336545 0.779912 445.682
-0.773114 -0.190058 -0.605122 71.8566
0.349167 -0.922945 -0.162037 121.555
-0.525999 -0.336152 0.781234 445.701
-0.775505 -0.187549 -0.602841 71.9703
0.349167 -0.922945 -0.162037 121.555
-0.525999 -0.336152 0.781234 445.701
-0.775505 -0.187549 -0.602841 71.9703
0.348594 -0.922984 -0.163045 121.324
-0.523161 -0.335946 0.783226 445.942
-0.777679 -0.187728 -0.599978 72.1543
0.348594 -0.922984 -0.163045 121.324
-0.523161 -0.335946 0.783226 445.942
-0.777679 -0.187728 -0.599978 72.1543
0.347857 -0.923142 -0.163721 121.325
-0.52325 -0.336058 0.783118 445.91
-0.777949 -0.186746 -0.599934 72.0486
0.347857 -0.923142 -0.163721 121.325
-0.52325 -0.336058 0.783118 445.91
-0.777949 -0.186746 -0.599934 72.0486
0.347464 -0.923392 -0.163142 121.308
-0.523668 -0.33541 0.783117 445.794
-0.777844 -0.186673 -0.600094 72.219
0.347464 -0.923392 -0.163142 121.308
-0.523668 -0.33541 0.783117 445.794
-0.777844 -0.186673 -0.600094 72.219
0.347915 -0.9231 -0.163835 121.385
-0.522324 -0.33597 0.783774 445.968
-0.778545 -0.187112 -0.599046 72.1445
0.347915 -0.9231 -0.163835 121.385
-0.522324 -0.33597 0.783774 445.968
-0.778545 -0.187112 -0.599046 72.1445
0.34688 -0.923509 -0.163725 121.369
-0.521829 -0.335083 0.784483 445.833
-0.779338 -0.186685 -0.598147 72.2811
0.34688 -0.923509 -0.163725 121.369
-0.521829 -0.335083 0.784483 445.833
-0.779338 -0.186685 -0.598147 72.2811
0.345254 -0.924066 -0.164018 121.226
-0.520499 -0.333955 0.785847 445.901
-0.780949 -0.185945 -0.596274 72.1936
0.345254 -0.924066 -0.164018 121.226
-0.520499 -0.333955 0.785847 445.901
-0.780949 -0.185945 -0.596274 72.1936
0.346556 -0.923647 -0.163633 121.332
-0.519414 -0.334214 0.786454 445.981
-0.781094 -0.187557 -0.595579 72.2506
0.346556 -0.923647 -0.163633 121.332
-0.519414 -0.334214 0.786454 445.981
-0.781094 -0.187557 -0.595579 72.2506
0.346487 -0.923632 -0.163864 121.293
-0.519056 -0.33428 0.786662 445.98
-0.781363 -0.187513 -0.59524 72.2074
0.346487 -0.923632 -0.163864 121.293
-0.519056 -0.33428 0.786662 445.98
-0.781363 -0.187513 -0.59524 72.2074
0.346029 -0.923687 -0.164521 121.174
-0.517884 -0.334262 0.787442 446.018
-0.782343 -0.187275 -0.594027 72.2941
0.346029 -0.923687 -0.164521 121.174
-0.517884 -0.334262 0.787442 446.018
-0.782343 -0.187275 -0.594027 72.2941
0.346029 -0.923687 -0.164521 121.174
-0.517884 -0.334262 0.787442 446.018
-0.782343 -0.187275 -0.594027 72.2941
0.345635 -0.923997 -0.163601 121.195
-0.518807 -0.333444 0.787181 445.938
-0.781905 -0.1872 -0.594627 72.3478
0.345635 -0.923997 -0.163601 121.195
-0.518807 -0.333444 0.787181 445.938
-0.781905 -0.1872 -0.594627 72.3478
0.345519 -0.923894 -0.164425 121.204
-0.518031 -0.333886 0.787505 446.02
-0.78247 -0.186921 -0.59397 72.332
0.345519 -0.923894 -0.164425 121.204
-0.518031 -0.333886 0.787505 446.02
-0.78247 -0.186921 -0.59397 72.332
0.345184 -0.924152 -0.163682 121.17
-0.518768 -0.333211 0.787305 445.879
-0.78213 -0.186852 -0.59444 72.3835
0.345184 -0.924152 -0.163682 121.17
-0.518768 -0.333211 0.787305 445.879
-0.78213 -0.186852 -0.59444 72.3835
0.3455 -0.923944 -0.164185 121.081
-0.518181 -0.333704 0.787483 446.035
-0.78238 -0.186998 -0.594065 72.2894
0.3455 -0.923944 -0.164185 121.081
-0.518181 -0.333704 0.787483 446.035
-0.78238 -0.186998 -0.594065 72.2894
0.344522 -0.924274 -0.164385 121.228
-0.517475 -0.333074 0.788214 445.948
-0.783278 -0.186492 -0.59304 72.3417
0.344522 -0.924274 -0.164385 121.228
-0.517475 -0.333074 0.788214 445.948
-0.783278 -0.186492 -0.59304 72.3417
0.342023 -0.924736 -0.166984 120.962
-0.513872 -0.332835 0.790668 446.188
-0.786738 -0.184619 -0.589033 72.5402
0.342023 -0.924736 -0.166984 120.962
-0.513872 -0.332835 0.790668 446.188
-0.786738 -0.184619 -0.589033 72.5402
0.342782 -0.924505 -0.166706 120.964
-0.514355 -0.333197 0.790202 446.091
-0.786092 -0.185121 -0.589737 72.4638
0.342782 -0.924505 -0.166706 120.964
-0.514355 -0.333197 0.790202 446.091
-0.786092 -0.185121 -0.589737 72.4638
0.342635 -0.924546 -0.166784 120.906
-0.514815 -0.333278 0.789868 446.08
-0.785855 -0.184774 -0.590162 72.3974
0.342635 -0.924546 -0.166784 120.906
-0.514815 -0.333278 0.789868 446.08
-0.785855 -0.184774 -0.590162 72.3974
0.342516 -0.924562 -0.166936 120.864
-0.512457 -0.332777 0.79161 446.165
-0.787445 -0.185591 -0.58778 72.5678
0.342516 -0.924562 -0.166936 120.864
-0.512457 -0.332777 0.79161 446.165
-0.787445 -0.185591 -0.58778 72.5678
0.342763 -0.924571 -0.166381 120.864
-0.511584 -0.332253 0.792395 446.091
-0.787905 -0.186486 -0.58688 72.8375
0.342763 -0.924571 -0.166381 120.864
-0.511584 -0.332253 0.792395 446.091
-0.787905 -0.186486 -0.58688 72.8375
0.342757 -0.924565 -0.166424 120.898
-0.512189 -0.332429 0.791931 446.171
-0.787515 -0.186199 -0.587494 72.5996
0.342757 -0.924565 -0.166424 120.898
-0.512189 -0.332429 0.791931 446.171
-0.787515 -0.186199 -0.587494 72.5996
0.342521 -0.924572 -0.166869 120.762
-0.511395 -0.332472 0.792425 446.16
-0.788133 -0.186086 -0.586701 72.7984
0.342521 -0.924572 -0.166869 120.762
-0.511395 -0.332472 0.792425 446.16
-0.788133 -0.186086 -0.586701 72.7984
0.343643 -0.924129 -0.167018 120.797
-0.510985 -0.333219 0.792376 446.237
-0.787911 -0.186951 -0.586724 72.6733
0.343643 -0.924129 -0.167018 120.797
-0.510985 -0.333219 0.792376 446.237
-0.787911 -0.186951 -0.586724 72.6733
0.345248 -0.923807 -0.165484 120.883
-0.510848 -0.332897 0.792599 446.233
-0.787298 -0.189106 -0.586857 72.877
0.345248 -0.923807 -0.165484 120.883
-0.510848 -0.332897 0.792599 446.233
-0.787298 -0.189106 -0.586857 72.877
0.345666 -0.923706 -0.165173 120.823
-0.511959 -0.333165 0.79177 446.268
-0.786392 -0.189126 -0.588064 72.6031
0.345666 -0.923706 -0.165173 120.823
-0.511959 -0.333165 0.79177 446.268
-0.786392 -0.189126 -0.588064 72.6031
0.345985 -0.92363 -0.164932 120.699
-0.511071 -0.332948 0.792434 446.312
-0.78683 -0.189879 -0.587235 72.9289
0.345985 -0.92363 -0.164932 120.699
-0.511071 -0.332948 0.792434 446.312
-0.78683 -0.189879 -0.587235 72.9289
0.345935 -0.923438 -0.166105 120.548
-0.509763 -0.333608 0.792999 446.384
-0.7877 -0.189651 -0.586141 72.8819
0.345935 -0.923438 -0.166105 120.548
-0.509763 -0.333608 0.792999 446.384
-0.7877 -0.189651 -0.586141 72.8819
0.345891 -0.923443 -0.166168 120.523
-0.508918 -0.33343 0.793617 446.308
-0.788265 -0.189939 -0.585287 73.0977
0.345891 -0.923443 -0.166168 120.523
-0.508918 -0.33343 0.793617 446.308
-0.788265 -0.189939 -0.585287 73.0977
0.343912 -0.923825 -0.168145 120.546
-0.508478 -0.333763 0.793759 446.39
-0.789414 -0.187485 -0.584529 72.9391
0.343912 -0.923825 -0.168145 120.546
-0.508478 -0.333763 0.793759 446.39
-0.789414 -0.187485 -0.584529 72.9391
0.345424 -0.923337 -0.167722 120.446
-0.507725 -0.334182 0.794064 446.425
-0.789238 -0.189132 -0.584236 73.1569
0.345424 -0.923337 -0.167722 120.446
-0.507725 -0.334182 0.794064 446.425
-0.789238 -0.189132 -0.584236 73.1569
0.34623 -0.923141 -0.167142 120.366
-0.508395 -0.334357 0.793562 446.47
-0.788454 -0.189781 -0.585084 72.9003
0.34623 -0.923141 -0.167142 120.366
-0.508395 -0.334357 0.793562 446.47
-0.788454 -0.189781 -0.585084 72.9003
0.346369 -0.923054 -0.167329 120.308
-0.506823 -0.334228 0.794621 446.521
-0.789404 -0.190426 -0.583591 73.3691
0.346369 -0.923054 -0.167329 120.308
-0.506823 -0.334228 0.794621 446.521
-0.789404 -0.190426 -0.583591 73.3691
0.346436 -0.922942 -0.167811 120.245
-0.506989 -0.334725 0.794306 446.459
-0.789269 -0.190097 -0.583882 73.1947
0.346436 -0.922942 -0.167811 120.245
-0.506989 -0.334725 0.794306 446.459
-0.789269 -0.190097 -0.583882 73.1947
0.346685 -0.922791 -0.168124 120.221
-0.506867 -0.335125 0.794215 446.494
-0.789237 -0.190126 -0.583916 73.296
0.346685 -0.922791 -0.168124 120.221
-0.506867 -0.335125 0.794215 446.494
-0.789237 -0.190126 -0.583916 73.296
0.347637 -0.922606 -0.167173 120.284
-0.506731 -0.334879 0.794405 446.475
-0.788906 -0.191453 -0.583929 73.3593
0.347637 -0.922606 -0.167173 120.284
-0.506731 -0.334879 0.794405 446.475
-0.788906 -0.191453 -0.583929 73.3593
0.347244 -0.922621 -0.167903 120.325
-0.506692 -0.335248 0.794274 446.484
-0.789104 -0.190732 -0.583898 73.1715
0.347244 -0.922621 -0.167903 120.325
-0.506692 -0.335248 0.794274 446.484
-0.789104 -0.190732 -0.583898 73.1715
0.347244 -0.922621 -0.167903 120.325
-0.506692 -0.335248 0.794274 446.484
-0.789104 -0.190732 -0.583898 73.1715
0.347886 -0.922467 -0.167422 120.337
-0.506551 -0.335209 0.794381 446.487
-0.788911 -0.191547 -0.583891 73.2785
0.347886 -0.922467 -0.167422 120.337
-0.506551 -0.335209 0.794381 446.487
-0.788911 -0.191547 -0.583891 73.2785
0.347962 -0.922272 -0.168334 120.363
-0.506359 -0.335995 0.794171 446.659
-0.789002 -0.191104 -0.583914 72.9965
0.347962 -0.922272 -0.168334 120.363
-0.506359 -0.335995 0.794171 446.659
-0.789002 -0.191104 -0.583914 72.9965
0.348897 -0.922095 -0.167369 120.233
-0.506922 -0.335898 0.793853 446.479
-0.788226 -0.19213 -0.584624 73.2415
0.348897 -0.922095 -0.167369 120.233
-0.506922 -0.335898 0.793853 446.479
-0.788226 -0.19213 -0.584624 73.2415
0.348855 -0.922027 -0.167827 120.248
-0.506842 -0.336246 0.793757 446.51
-0.788296 -0.191844 -0.584623 73.1692
0.348855 -0.922027 -0.167827 120.248
-0.506842 -0.336246 0.793757 446.51
-0.788296 -0.191844 -0.584623 73.1692
0.34895 -0.922038 -0.167569 120.251
-0.506788 -0.336072 0.793865 446.443
-0.788289 -0.192097 -0.58455 73.2735
0.34895 -0.922038 -0.167569 120.251
-0.506788 -0.336072 0.793865 446.443
-0.788289 -0.192097 -0.58455 73.2735
0.349663 -0.92155 -0.168765 120.15
-0.505748 -0.337304 0.794005 446.54
-0.788641 -0.192282 -0.584015 73.477
0.349663 -0.92155 -0.168765 120.15
-0.505748 -0.337304 0.794005 446.54
-0.788641 -0.192282 -0.584015 73.477
0.349329 -0.921622 -0.169065 120.12
-0.505932 -0.337393 0.793851 446.654
-0.788671 -0.19178 -0.584139 73.3661
0.349329 -0.921622 -0.169065 120.12
-0.505932 -0.337393 0.793851 446.654
-0.788671 -0.19178 -0.584139 73.3661
0.349876 -0.921575 -0.168183 120.013
-0.507049 -0.337256 0.793196 446.649
-0.78771 -0.192243 -0.585282 73.2009
0.349876 -0.921575 -0.168183 120.013
-0.507049 -0.337256 0.793196 446.649
-0.78771 -0.192243 -0.585282 73.2009
0.349865 -0.921454 -0.168868 120.151
-0.506719 -0.337758 0.793193 446.639
-0.787928 -0.191942 -0.585089 73.3103
0.349865 -0.921454 -0.168868 120.151
-0.506719 -0.337758 0.793193 446.639
-0.787928 -0.191942 -0.585089 73.3103
0.349711 -0.921623 -0.168268 120.094
-0.50701 -0.337213 0.793239 446.557
-0.787809 -0.192091 -0.585199 73.3741
0.349711 -0.921623 -0.168268 120.094
-0.50701 -0.337213 0.793239 446.557
-0.787809 -0.192091 -0.585199 73.3741
0.349688 -0.921467 -0.169167 120.101
-0.50605 -0.337739 0.793628 446.676
-0.788436 -0.191916 -0.584411 73.4825
0.349688 -0.921467 -0.169167 120.101
-0.50605 -0.337739 0.793628 446.676
-0.788436 -0.191916 -0.584411 73.4825
0.348384 -0.922002 -0.168943 120.085
-0.506883 -0.336916 0.793447 446.624
-0.788479 -0.190789 -0.584723 73.5407
0.348384 -0.922002 -0.168943 120.085
-0.506883 -0.336916 0.793447 446.624
-0.788479 -0.190789 -0.584723 73.5407
0.348384 -0.922002 -0.168943 120.085
-0.506883 -0.336916 0.793447 446.624
-0.788479 -0.190789 -0.584723 73.5407
0.349336 -0.921509 -0.169663 120.063
-0.505478 -0.337803 0.793966 446.67
-0.788959 -0.191599 -0.583809 73.5159
0.349336 -0.921509 -0.169663 120.063
-0.505478 -0.337803 0.793966 446.67
-0.788959 -0.191599 -0.583809 73.5159
0.349019 -0.921791 -0.168783 120.094
-0.507531 -0.337341 0.792852 446.633
-0.78778 -0.191058 -0.585576 73.3558
0.349019 -0.921791 -0.168783 120.094
-0.507531 -0.337341 0.792852 446.633
-0.78778 -0.191058 -0.585576 73.3558
0.35011 -0.921349 -0.168934 119.952
-0.506482 -0.337913 0.793279 446.669
-0.787971 -0.192173 -0.584954 73.5265
0.35011 -0.921349 -0.168934 119.952
-0.506482 -0.337913 0.793279 446.669
-0.787971 -0.192173 -0.584954 73.5265
0.35103 -0.920883 -0.169567 120.023
-0.504949 -0.338672 0.793932 446.751
-0.788546 -0.193071 -0.583883 73.59
0.35103 -0.920883 -0.169567 120.023
-0.504949 -0.338672 0.793932 446.751
-0.788546 -0.193071 -0.583883 73.59
0.351687 -0.920601 -0.169735 119.849
-0.50445 -0.339113 0.794061 446.765
-0.788573 -0.193638 -0.583659 73.6779
0.351687 -0.920601 -0.169735 119.849
-0.50445 -0.339113 0.794061 446.765
-0.788573 -0.193638 -0.583659 73.6779
0.349169 -0.92127 -0.171296 119.927
-0.505412 -0.339087 0.79346 446.738
-0.789075 -0.190477 -0.584019 73.4334
0.349169 -0.92127 -0.171296 119.927
-0.505412 -0.339087 0.79346 446.738
-0.789075 -0.190477 -0.584019 73.4334
0.350772 -0.920866 -0.170194 119.883
-0.504425 -0.338919 0.794159 446.744
-0.788996 -0.192719 -0.583391 73.7541
0.350772 -0.920866 -0.170194 119.883
-0.504425 -0.338919 0.794159 446.744
-0.788996 -0.192719 -0.583391 73.7541
0.350715 -0.920732 -0.171029 119.872
-0.50492 -0.339723 0.793501 446.756
-0.788705 -0.191937 -0.584042 73.4986
0.350715 -0.920732 -0.171029 119.872
-0.50492 -0.339723 0.793501 446.756
-0.788705 -0.191937 -0.584042 73.4986
0.351808 -0.919947 -0.172999 119.767
-0.502341 -0.341492 0.794378 446.819
-0.789864 -0.192564 -0.582267 73.7514
0.351808 -0.919947 -0.172999 119.767
-0.502341 -0.341492 0.794378 446.819
-0.789864 -0.192564 -0.582267 73.7514
0.351642 -0.919874 -0.173723 119.742
-0.501629 -0.341839 0.794679 446.907
-0.79039 -0.192298 -0.581641 73.6904
0.351642 -0.919874 -0.173723 119.742
-0.501629 -0.341839 0.794679 446.907
-0.79039 -0.192298 -0.581641 73.6904
0.352625 -0.919528 -0.173562 119.839
-0.501738 -0.34235 0.79439 446.933
-0.789883 -0.193039 -0.582083 73.7743
0.352625 -0.919528 -0.173562 119.839
-0.501738 -0.34235 0.79439 446.933
-0.789883 -0.193039 -0.582083 73.7743
0.3529 -0.91943 -0.173523 119.6
-0.501287 -0.342382 0.794661 446.872
-0.790046 -0.193451 -0.581725 74.1319
0.3529 -0.91943 -0.173523 119.6
-0.501287 -0.342382 0.794661 446.872
-0.790046 -0.193451 -0.581725 74.1319
0.3529 -0.91943 -0.173523 119.6
-0.501287 -0.342382 0.794661 446.872
-0.790046 -0.193451 -0.581725 74.1319
0.353203 -0.919441 -0.172843 119.722
-0.502277 -0.342231 0.794101 446.908
-0.789281 -0.193664 -0.582691 74.0093
0.353203 -0.919441 -0.172843 119.722
-0.502277 -0.342231 0.794101 446.908
-0.789281 -0.193664 -0.582691 74.0093
0.35415 -0.91932 -0.171546 119.626
-0.502478 -0.341764 0.794175 446.902
-0.788729 -0.195059 -0.582974 74.0955
0.35415 -0.91932 -0.171546 119.626
-0.502478 -0.341764 0.794175 446.902
-0.788729 -0.195059 -0.582974 74.0955
0.349327 -0.920267 -0.176291 119.602
-0.499009 -0.341959 0.796275 446.926
-0.79307 -0.19019 -0.578677 73.9097
0.349327 -0.920267 -0.176291 119.602
-0.499009 -0.341959 0.796275 446.926
-0.79307 -0.19019 -0.578677 73.9097
0.348075 -0.920808 -0.175943 119.627
-0.498912 -0.340845 0.796813 446.973
-0.793681 -0.189571 -0.578042 73.9618
0.348075 -0.920808 -0.175943 119.627
-0.498912 -0.340845 0.796813 446.973
-0.793681 -0.189571 -0.578042 73.9618
0.347267 -0.920677 -0.178213 119.425
-0.496407 -0.341706 0.798008 447.174
-0.795604 -0.188655 -0.575693 74.0712
0.347267 -0.920677 -0.178213 119.425
-0.496407 -0.341706 0.798008 447.174
-0.795604 -0.188655 -0.575693 74.0712
0.345661 -0.921063 -0.179335 119.379
-0.49506 -0.341356 0.798994 447.267
-0.797141 -0.1874 -0.573975 74.1869
0.345661 -0.921063 -0.179335 119.379
-0.49506 -0.341356 0.798994 447.267
-0.797141 -0.1874 -0.573975 74.1869
0.345002 -0.921086 -0.180483 119.349
-0.494276 -0.341757 0.799308 447.307
-0.797913 -0.186554 -0.573177 74.1984
0.345002 -0.921086 -0.180483 119.349
-0.494276 -0.341757 0.799308 447.307
-0.797913 -0.186554 -0.573177 74.1984
0.345114 -0.921248 -0.179438 119.309
-0.49492 -0.341071 0.799202 447.187
-0.797465 -0.187008 -0.573653 74.3661
0.345114 -0.921248 -0.179438 119.309
-0.49492 -0.341071 0.799202 447.187
-0.797465 -0.187008 -0.573653 74.3661
0.346602 -0.921008 -0.177797 119.239
-0.49563 -0.340744 0.798902 447.229
-0.796378 -0.188779 -0.574582 74.3379
0.346602 -0.921008 -0.177797 119.239
-0.49563 -0.340744 0.798902 447.229
-0.796378 -0.188779 -0.574582 74.3379
0.344937 -0.921387 -0.179064 119.23
-0.494909 -0.340634 0.799396 447.226
-0.797549 -0.187121 -0.5735 74.427
0.344937 -0.921387 -0.179064 119.23
-0.494909 -0.340634 0.799396 447.226
-0.797549 -0.187121 -0.5735 74.427
0.346276 -0.921068 -0.17812 119.207
-0.49497 -0.340665 0.799344 447.255
-0.79693 -0.18863 -0.573866 74.3942
0.346276 -0.921068 -0.17812 119.207
-0.49497 -0.340665 0.799344 447.255
-0.79693 -0.18863 -0.573866 74.3942
0.34459 -0.921505 -0.179127 119.239
-0.494426 -0.340359 0.799812 447.309
-0.797998 -0.187042 -0.5729 74.3072
0.34459 -0.921505 -0.179127 119.239
-0.494426 -0.340359 0.799812 447.309
-0.797998 -0.187042 -0.5729 74.3072
0.344649 -0.921585 -0.178599 119.057
-0.493598 -0.339742 0.800585 447.253
-0.798485 -0.187764 -0.571984 74.6307
0.344649 -0.921585 -0.178599 119.057
-0.493598 -0.339742 0.800585 447.253
-0.798485 -0.187764 -0.571984 74.6307
0.343942 -0.921683 -0.179455 119.022
-0.493893 -0.340115 0.800244 447.24
-0.798607 -0.186606 -0.572193 74.3532
0.343942 -0.921683 -0.179455 119.022
-0.493893 -0.340115 0.800244 447.24
-0.798607 -0.186606 -0.572193 74.3532
0.344136 -0.92163 -0.179356 119.104
-0.493018 -0.339945 0.800856 447.236
-0.799064 -0.187178 -0.571368 74.5128
0.344136 -0.92163 -0.179356 119.104
