0.927776 -0.138327 -0.34655 106.379
0.325754 0.753209 0.571455 437.54
0.181977 -0.643072 0.74387 65.3645
0.927776 -0.138327 -0.34655 106.379
0.325754 0.753209 0.571455 437.54
0.181977 -0.643072 0.74387 65.3645
0.927776 -0.138327 -0.34655 106.379
0.325754 0.753209 0.571455 437.54
0.181977 -0.643072 0.74387 65.3645
0.927961 -0.139165 -0.34572 106.544
0.325717 0.753647 0.570899 437.535
0.181101 -0.642378 0.744683 65.4958
0.928243 -0.139357 -0.344882 106.468
0.32533 0.753677 0.57108 437.557
0.180346 -0.642301 0.744932 65.3839
0.92867 -0.140634 -0.34321 106.421
0.325227 0.753629 0.571201 437.535
0.178323 -0.642079 0.745611 65.2334
0.928792 -0.140299 -0.343019 106.527
0.324751 0.754055 0.570909 437.552
0.178558 -0.641652 0.745923 65.2982
0.928818 -0.140022 -0.34306 106.47
0.324513 0.754289 0.570736 437.531
0.178851 -0.641438 0.746036 65.3807
0.928564 -0.14048 -0.34356 106.468
0.324882 0.755238 0.569269 437.497
0.179499 -0.640219 0.746927 65.3835
0.928233 -0.140853 -0.344302 106.523
0.32541 0.755924 0.568055 437.536
0.180254 -0.639327 0.747509 65.3486
0.927866 -0.140229 -0.345545 106.485
0.325599 0.756365 0.567359 437.537
0.181798 -0.638942 0.747464 65.4488
0.92824 -0.140405 -0.344466 106.427
0.32521 0.755855 0.568262 437.509
0.18058 -0.639507 0.747276 65.2776
0.928427 -0.140652 -0.343861 106.429
0.325083 0.755616 0.568652 437.505
0.179845 -0.639735 0.747258 65.1896
0.927339 -0.138893 -0.347493 106.25
0.325852 0.756309 0.567289 437.58
0.184019 -0.6393 0.746614 65.4862
0.927351 -0.138853 -0.347477 106.301
0.325923 0.755927 0.567757 437.541
0.183832 -0.639761 0.746265 65.299
0.927114 -0.138964 -0.348065 106.191
0.326401 0.755793 0.567661 437.513
0.184181 -0.639895 0.746064 65.4287
0.92738 -0.137648 -0.347878 106.174
0.325737 0.754438 0.569841 437.533
0.184015 -0.641776 0.744488 65.1807
0.926987 -0.137838 -0.348849 106.156
0.326448 0.754509 0.56934 437.587
0.184733 -0.641652 0.744417 65.2659
0.926322 -0.136318 -0.351204 106.235
0.326823 0.754472 0.569174 437.619
0.187385 -0.64202 0.743436 65.4052
0.926082 -0.136336 -0.351832 106.193
0.327195 0.754564 0.568838 437.611
0.187926 -0.641908 0.743396 65.4271
0.925621 -0.13549 -0.353366 106.242
0.327633 0.754235 0.569022 437.54
0.189424 -0.642473 0.742527 65.3321
0.925245 -0.134621 -0.35468 106.118
0.327987 0.753687 0.569544 437.52
0.190645 -0.643299 0.741499 65.3539
0.924996 -0.133427 -0.355781 106.123
0.327983 0.753132 0.57028 437.516
0.19186 -0.644197 0.740406 65.3673
0.924799 -0.132658 -0.356578 106.09
0.328048 0.752737 0.570764 437.475
0.192693 -0.644817 0.739649 65.3722
0.92464 -0.132469 -0.35706 106.17
0.328304 0.75243 0.571022 437.583
0.19302 -0.645214 0.739217 65.24
0.924703 -0.132523 -0.356877 106.068
0.3282 0.752527 0.570953 437.57
0.192895 -0.645089 0.739359 65.3458
0.924031 -0.131581 -0.358962 106.133
0.328952 0.752094 0.571092 437.529
0.194828 -0.645787 0.738242 65.2636
0.923528 -0.131434 -0.360308 106.106
0.329782 0.751756 0.571058 437.585
0.195807 -0.64621 0.737612 65.298
0.923295 -0.131801 -0.36077 106.073
0.330323 0.751769 0.570728 437.618
0.195993 -0.646121 0.737641 65.2282
0.92299 -0.131614 -0.361617 105.999
0.330972 0.750922 0.571466 437.635
0.196333 -0.647143 0.736654 65.1339
0.922905 -0.131868 -0.361743 105.985
0.331123 0.751273 0.570918 437.601
0.196482 -0.646684 0.737017 65.375
0.92261 -0.132657 -0.362205 105.971
0.331789 0.751849 0.569772 437.596
0.196739 -0.645853 0.737677 65.571
0.922046 -0.133089 -0.363481 105.894
0.332642 0.75263 0.568241 437.651
0.19794 -0.644853 0.73823 65.7635
0.922011 -0.133222 -0.363521 105.872
0.332793 0.752525 0.568291 437.658
0.19785 -0.644948 0.738172 65.6696
0.922098 -0.133204 -0.363306 105.737
0.332677 0.752428 0.568487 437.663
0.197637 -0.645065 0.738127 65.7102
0.921541 -0.13305 -0.364774 105.781
0.333552 0.752174 0.568311 437.71
0.19876 -0.645393 0.737538 65.6443
0.921783 -0.134072 -0.363786 105.658
0.333662 0.752178 0.568241 437.766
0.197447 -0.645176 0.73808 65.5067
0.921611 -0.133628 -0.364385 105.681
0.333573 0.752652 0.567666 437.75
0.198399 -0.644716 0.738227 65.7566
0.92159 -0.134512 -0.364114 105.597
0.333952 0.752903 0.56711 437.754
0.197859 -0.644239 0.738788 66.0455
0.92147 -0.135027 -0.364226 105.671
0.334501 0.752522 0.567291 437.809
0.197488 -0.644576 0.738593 65.7642
0.921394 -0.134857 -0.364482 105.571
0.33446 0.752779 0.566974 437.856
0.197914 -0.644312 0.73871 65.8406
0.921248 -0.134993 -0.3648 105.464
0.334714 0.752901 0.566662 437.836
0.198163 -0.64414 0.738793 65.9186
0.921154 -0.135902 -0.3647 105.403
0.335351 0.752716 0.566532 437.921
0.197522 -0.644166 0.738942 65.9015
0.92103 -0.135776 -0.36506 105.313
0.335481 0.752725 0.566444 437.943
0.197881 -0.644182 0.738832 66.0764
0.920884 -0.135367 -0.365579 105.341
0.33557 0.752535 0.566643 437.972
0.198406 -0.64449 0.738423 66.1686
0.920958 -0.135968 -0.365169 105.351
0.335743 0.752529 0.566548 438.066
0.197768 -0.64437 0.738698 66.1596
0.920672 -0.136586 -0.36566 105.304
0.33657 0.75224 0.566442 438.061
0.197696 -0.644577 0.738537 66.1448
0.920555 -0.13679 -0.365877 105.236
0.336884 0.752122 0.566412 438.139
0.197705 -0.644672 0.738452 66.074
0.920702 -0.136044 -0.365787 105.268
0.336355 0.751951 0.566953 438.07
0.197924 -0.645028 0.738082 66.2384
0.920404 -0.136154 -0.366496 105.146
0.336612 0.752785 0.565693 438.219
0.198872 -0.644032 0.738696 66.3379
0.920554 -0.137506 -0.365613 105.113
0.336772 0.753599 0.564511 438.289
0.197902 -0.642791 0.740037 66.5571
0.920663 -0.137983 -0.365157 104.988
0.336899 0.753373 0.564737 438.3
0.197175 -0.642954 0.740089 66.5067
0.920299 -0.138473 -0.365888 104.988
0.337237 0.754852 0.562556 438.476
0.198292 -0.641111 0.741388 66.5571
0.920783 -0.14065 -0.363837 104.923
0.337508 0.754902 0.562327 438.392
0.19557 -0.640579 0.742571 66.5781
0.920482 -0.140387 -0.364698 104.853
0.337415 0.756311 0.560486 438.42
0.197141 -0.638971 0.74354 66.7717
0.920646 -0.142795 -0.363346 104.803
0.337968 0.757392 0.55869 438.564
0.195417 -0.637155 0.745551 66.6011
0.921311 -0.145027 -0.360769 104.565
0.33726 0.759801 0.55584 438.522
0.193501 -0.633774 0.748925 67.0042
0.921756 -0.146789 -0.358913 104.453
0.336742 0.761962 0.55319 438.483
0.192276 -0.630767 0.751773 67.3425
0.921689 -0.147177 -0.358927 104.364
0.336605 0.763346 0.551362 438.51
0.192837 -0.629001 0.753108 67.4932
0.921877 -0.148298 -0.357982 104.353
0.33631 0.765088 0.549122 438.634
0.192454 -0.626616 0.755191 67.3118
0.922285 -0.149296 -0.356511 104.427
0.335593 0.766915 0.547009 438.694
0.191747 -0.624141 0.757417 67.3806
0.922485 -0.149359 -0.355969 104.462
0.335316 0.766916 0.547178 438.741
0.191272 -0.624125 0.757551 67.1831
0.922758 -0.14957 -0.355171 104.402
0.334912 0.767187 0.547045 438.568
0.190661 -0.623741 0.758021 67.2412
0.923125 -0.151363 -0.353452 104.362
0.334533 0.769335 0.544252 438.768
0.189544 -0.620655 0.760829 67.227
0.923545 -0.150954 -0.352532 104.385
0.333453 0.770125 0.543798 438.622
0.189405 -0.619774 0.761581 67.4396
0.923114 -0.150968 -0.353651 104.359
0.334069 0.770299 0.543174 438.708
0.190415 -0.619555 0.761507 67.4017
0.923031 -0.152422 -0.353245 104.358
0.334445 0.771726 0.540913 438.816
0.190162 -0.61742 0.763303 67.4632
0.922964 -0.153187 -0.353088 104.225
0.334908 0.771723 0.54063 438.882
0.189668 -0.617234 0.763576 67.2907
0.92287 -0.151653 -0.353995 104.288
0.334273 0.771901 0.540768 438.867
0.19124 -0.617389 0.763058 67.472
0.922871 -0.152581 -0.353594 104.285
0.334419 0.772842 0.539331 438.863
0.190981 -0.615982 0.76426 67.597
0.922853 -0.152504 -0.353673 104.218
0.334423 0.772799 0.539391 438.898
0.191059 -0.616055 0.764181 67.5647
0.92314 -0.151873 -0.353196 104.249
0.33392 0.772045 0.540781 438.854
0.190553 -0.617156 0.763419 67.3386
0.923402 -0.153309 -0.351889 104.267
0.334131 0.772253 0.540353 438.815
0.188906 -0.61654 0.764325 67.3087
0.922972 -0.152617 -0.353314 104.246
0.334207 0.773082 0.539119 438.907
0.190862 -0.615672 0.764539 67.5157
0.922873 -0.152305 -0.353708 104.205
0.334302 0.77279 0.53948 438.925
0.191176 -0.616116 0.764102 67.3947
0.922899 -0.152827 -0.353414 104.255
0.334282 0.773521 0.538443 438.886
0.191085 -0.615069 0.764969 67.5627
0.922993 -0.152808 -0.353177 104.167
0.334096 0.77363 0.538402 438.851
0.190956 -0.614936 0.765108 67.688
0.922986 -0.154864 -0.352298 104.284
0.335051 0.773713 0.537689 438.898
0.189309 -0.614317 0.766014 67.4271
0.922698 -0.153409 -0.353687 104.377
0.334754 0.773872 0.537644 438.894
0.191229 -0.614481 0.765405 67.6047
0.922839 -0.154392 -0.352889 104.259
0.33501 0.773851 0.537516 438.983
0.190096 -0.614262 0.765863 67.4342
0.922661 -0.153727 -0.353645 104.066
0.334727 0.77462 0.536583 438.992
0.191453 -0.613459 0.766168 67.8824
0.922394 -0.15463 -0.353947 104.1
0.335591 0.774518 0.536191 439.072
0.191228 -0.61336 0.766303 67.6451
0.922444 -0.153709 -0.354218 104.171
0.335102 0.774445 0.536601 439.021
0.191842 -0.613684 0.765891 67.7375
0.922326 -0.153913 -0.354438 104.126
0.335333 0.774588 0.53625 439.016
0.192008 -0.613452 0.766035 67.8694
0.922346 -0.15399 -0.354352 104.06
0.335471 0.774166 0.536773 438.987
0.19167 -0.613966 0.765708 67.8517
0.921788 -0.153085 -0.35619 104.093
0.335825 0.774355 0.53628 439.038
0.193721 -0.613954 0.765201 67.9325
0.921905 -0.153682 -0.355632 104.119
0.335941 0.774331 0.536242 439.12
0.192966 -0.613835 0.765487 67.7046
0.922234 -0.153693 -0.354771 104.093
0.335338 0.774683 0.536111 439.026
0.192439 -0.613388 0.765978 67.864
0.922141 -0.154359 -0.354724 104.121
0.335752 0.774818 0.535656 439.081
0.192164 -0.613049 0.766318 67.8219
0.922629 -0.155978 -0.352742 103.888
0.335372 0.776121 0.534005 439.1
0.190477 -0.610988 0.768382 67.9157
0.922427 -0.15522 -0.353603 104
0.335198 0.776506 0.533554 439.059
0.191757 -0.610692 0.7683 67.9496
0.922046 -0.15643 -0.354064 103.998
0.336001 0.777599 0.531453 439.136
0.192185 -0.60899 0.769543 67.9755
0.922131 -0.156943 -0.353615 103.886
0.335723 0.778842 0.529806 439.15
0.192261 -0.607267 0.770884 68.1725
0.9218 -0.157506 -0.354226 103.837
0.336468 0.778897 0.529253 439.195
0.192545 -0.607051 0.770983 67.9388
0.921944 -0.158061 -0.353603 103.803
0.336351 0.779416 0.528564 439.227
0.192059 -0.606241 0.771742 68.0583
0.922192 -0.159703 -0.352216 103.753
0.336574 0.77999 0.527573 439.245
0.190471 -0.60507 0.773053 68.1827
0.922259 -0.159874 -0.351963 103.77
0.336594 0.779866 0.527744 439.275
0.190112 -0.605185 0.773052 68.1304
0.922616 -0.160962 -0.350528 103.842
0.336348 0.780572 0.526857 439.234
0.188808 -0.603986 0.774308 68.2881
0.92296 -0.162435 -0.348941 103.743
0.336071 0.782021 0.524881 439.344
0.18762 -0.601713 0.776363 68.4405
0.923115 -0.163605 -0.347984 103.601
0.336039 0.783137 0.523235 439.464
0.186916 -0.599942 0.777903 68.478
0.923309 -0.163335 -0.347596 103.586
0.335627 0.783118 0.523528 439.389
0.186698 -0.60004 0.777879 68.5774
0.923231 -0.163525 -0.347714 103.624
0.33572 0.783481 0.522925 439.445
0.186916 -0.599514 0.778232 68.589
0.923466 -0.163737 -0.346989 103.64
0.335176 0.784409 0.521881 439.412
0.18673 -0.598242 0.779255 68.6815
0.923927 -0.163945 -0.34566 103.522
0.334237 0.785506 0.520832 439.466
0.186131 -0.596743 0.780547 68.6418
0.923713 -0.163694 -0.34635 103.58
0.334174 0.786358 0.519585 439.552
0.187303 -0.595689 0.781071 68.6454
0.923632 -0.163864 -0.346487 103.56
0.33428 0.786662 0.519056 439.562
0.187513 -0.59524 0.781363 68.6072
0.92368 -0.164438 -0.346087 103.454
0.334264 0.787344 0.518032 439.596
0.187305 -0.59418 0.78222 68.687
0.923997 -0.163601 -0.345635 103.454
0.333444 0.787181 0.518807 439.536
0.1872 -0.594627 0.781905 68.7535
0.923894 -0.164425 -0.345519 103.465
0.333886 0.787505 0.518031 439.609
0.186921 -0.59397 0.78247 68.7431
0.924139 -0.16372 -0.345201 103.429
0.333246 0.787316 0.51873 439.488
0.186856 -0.594416 0.782148 68.7932
0.923944 -0.164185 -0.3455 103.341
0.333704 0.787483 0.518181 439.628
0.186998 -0.594065 0.78238 68.6991
0.924274 -0.164385 -0.344522 103.482
0.333074 0.788214 0.517475 439.553
0.186492 -0.59304 0.783278 68.7611
0.924698 -0.166938 -0.342148 103.208
0.332895 0.790592 0.513951 439.78
0.184702 -0.589149 0.786631 68.9813
0.924505 -0.166706 -0.342782 103.214
0.333197 0.790202 0.514355 439.694
0.185121 -0.589737 0.786092 68.9095
0.924551 -0.166829 -0.342599 103.142
0.333128 0.790389 0.514111 439.709
0.185018 -0.589451 0.78633 68.8959
0.924564 -0.166828 -0.342564 103.112
0.332675 0.791763 0.512287 439.763
0.185766 -0.587605 0.787535 69.0536
0.924568 -0.1664 -0.34276 103.128
0.332333 0.792183 0.511859 439.747
0.186355 -0.58716 0.787728 69.1512
0.924568 -0.166605 -0.342661 103.091
0.332446 0.792132 0.511866 439.783
0.186153 -0.587171 0.787767 69.1063
0.924278 -0.166968 -0.343268 103.039
0.332969 0.792392 0.511122 439.818
0.186662 -0.586716 0.787986 69.1312
0.923807 -0.165484 -0.345248 103.146
0.332897 0.792599 0.510848 439.842
0.189106 -0.586857 0.787298 69.2462
0.923706 -0.165173 -0.345666 103.087
0.333165 0.79177 0.511959 439.871
0.189126 -0.588064 0.786392 68.9719
0.92363 -0.164932 -0.345985 102.965
0.332948 0.792434 0.511071 439.919
0.189879 -0.587235 0.78683 69.2832
0.923438 -0.166105 -0.345935 102.818
0.333608 0.792999 0.509763 439.979
0.189651 -0.586141 0.7877 69.2406
0.923457 -0.166237 -0.345821 102.793
0.333441 0.793622 0.508902 439.909
0.189853 -0.58526 0.788306 69.447
0.923819 -0.16814 -0.343929 102.808
0.333768 0.793762 0.508469 439.982
0.187504 -0.584526 0.789412 69.3415
0.923273 -0.167533 -0.345687 102.693
0.334239 0.7939 0.507944 440.023
0.189343 -0.584513 0.788983 69.4379
0.923115 -0.167196 -0.34627 102.625
0.33432 0.793871 0.507936 440.066
0.189969 -0.584649 0.788732 69.3897
0.923017 -0.16749 -0.346391 102.565
0.334395 0.794515 0.506878 440.08
0.190316 -0.583689 0.789359 69.6566
0.922874 -0.167953 -0.346549 102.515
0.334906 0.794264 0.506934 440.045
0.19011 -0.583897 0.789254 69.5905
0.92272 -0.167758 -0.347052 102.529
0.33503 0.794288 0.506815 440.054
0.190637 -0.583921 0.78911 69.6601
0.922615 -0.167596 -0.347409 102.594
0.335093 0.79433 0.506709 440.047
0.191035 -0.583911 0.78902 69.5826
0.9226 -0.167836 -0.347334 102.613
0.335242 0.794289 0.506672 440.048
0.190845 -0.583897 0.789077 69.5222
0.92238 -0.16783 -0.34792 102.639
0.335561 0.794287 0.506465 440.121
0.191348 -0.583902 0.788952 69.4784
0.922214 -0.168018 -0.348268 102.614
0.335963 0.794067 0.506544 440.149
0.19144 -0.584147 0.788748 69.4012
0.922048 -0.167689 -0.348868 102.54
0.336141 0.793786 0.506866 440.047
0.19193 -0.584624 0.788275 69.506
0.922034 -0.167655 -0.348919 102.547
0.33613 0.793829 0.506806 440.011
0.192014 -0.584574 0.788292 69.5524
0.921569 -0.168717 -0.349635 102.46
0.337254 0.794 0.50579 440.06
0.192274 -0.584037 0.788627 69.7771
0.921612 -0.169023 -0.349375 102.43
0.337381 0.793872 0.505906 440.16
0.191849 -0.584122 0.788667 69.6979
0.921584 -0.168346 -0.349775 102.338
0.337281 0.793317 0.506843 440.174
0.192157 -0.585071 0.787888 69.542
0.921458 -0.168848 -0.349866 102.455
0.337743 0.793193 0.506729 440.155
0.191951 -0.585094 0.787921 69.6215
0.921612 -0.168307 -0.349721 102.403
0.337248 0.793236 0.506991 440.087
0.192081 -0.585192 0.787817 69.682
0.921539 -0.169137 -0.349513 102.406
0.337628 0.793604 0.506162 440.186
0.191764 -0.584453 0.788442 69.8085
0.922002 -0.168943 -0.348384 102.383
0.336916 0.793447 0.506883 440.155
0.190789 -0.584723 0.788479 69.8776
0.921509 -0.169663 -0.349336 102.37
0.337803 0.793966 0.505478 440.184
0.191599 -0.583809 0.788959 69.8371
0.921791 -0.168783 -0.349019 102.396
0.337341 0.792852 0.507531 440.156
0.191058 -0.585576 0.78778 69.6874
0.921324 -0.168968 -0.35016 102.267
0.337954 0.793314 0.506399 440.185
0.192222 -0.584895 0.788003 69.8393
0.920883 -0.169567 -0.35103 102.342
0.338672 0.793932 0.504949 440.249
0.193071 -0.583883 0.788546 69.883
0.920601 -0.169735 -0.351687 102.173
0.339113 0.794061 0.50445 440.254
0.193638 -0.583659 0.788573 69.9601
0.921168 -0.171015 -0.349577 102.23
0.339044 0.793638 0.505161 440.23
0.191048 -0.58386 0.789056 69.8469
0.920844 -0.17033 -0.350762 102.201
0.33905 0.794052 0.504506 440.237
0.192591 -0.583497 0.788948 70.0147
0.920356 -0.171975 -0.351241 102.151
0.340573 0.793924 0.503682 440.247
0.192238 -0.583189 0.789262 69.929
0.919924 -0.173222 -0.351757 102.097
0.341599 0.794471 0.502122 440.288
0.192482 -0.582074 0.790026 70.0369
0.919647 -0.173617 -0.352288 102.148
0.342175 0.794489 0.501701 440.354
0.192785 -0.581932 0.790057 70.0441
0.919474 -0.173541 -0.352776 102.054
0.342368 0.794538 0.501491 440.326
0.193265 -0.581887 0.789972 70.2595
0.919437 -0.173128 -0.353077 102.018
0.342294 0.794336 0.501862 440.321
0.193575 -0.582287 0.789602 70.3441
0.919385 -0.17224 -0.353644 102.025
0.342013 0.794135 0.50237 440.338
0.194313 -0.582823 0.789025 70.3186
0.920097 -0.175429 -0.350207 101.94
0.341922 0.795895 0.499641 440.356
0.191077 -0.579462 0.792284 70.2749
0.920684 -0.176023 -0.348363 101.944
0.341101 0.79669 0.498935 440.413
0.189713 -0.578188 0.793541 70.3073
0.920729 -0.177318 -0.347586 101.827
0.341367 0.797538 0.497395 440.54
0.189016 -0.576621 0.794847 70.3989
0.920995 -0.179137 -0.345945 101.704
0.341418 0.79882 0.495298 440.696
0.187622 -0.574279 0.79687 70.5641
0.92108 -0.180175 -0.345179 101.672
0.341649 0.799224 0.494486 440.737
0.186782 -0.573392 0.797706 70.6091
0.921248 -0.179438 -0.345114 101.621
0.341071 0.799202 0.49492 440.638
0.187008 -0.573653 0.797465 70.7756
0.921017 -0.177859 -0.346545 101.558
0.340757 0.798913 0.495603 440.685
0.188712 -0.574547 0.796419 70.7157
0.921351 -0.178959 -0.345087 101.538
0.340637 0.79939 0.494916 440.689
0.18729 -0.573541 0.797479 70.8274
0.921093 -0.178179 -0.346178 101.524
0.340647 0.799372 0.494939 440.718
0.188537 -0.57381 0.796992 70.7692
0.921512 -0.179077 -0.344596 101.528
0.3403 0.799885 0.494348 440.77
0.18711 -0.572814 0.798044 70.7453
0.921618 -0.178885 -0.344412 101.35
0.339867 0.800471 0.493697 440.723
0.187377 -0.572054 0.798526 70.9403
0.92167 -0.179431 -0.343989 101.346
0.340074 0.800392 0.493682 440.71
0.186744 -0.571994 0.798718 70.8063
0.921568 -0.179075 -0.344448 101.361
0.339958 0.800683 0.49329 440.738
0.187458 -0.571698 0.798762 70.8836
0.921858 -0.178374 -0.344035 101.352
0.339275 0.800493 0.494067 440.756
0.187269 -0.572183 0.798459 70.8254
0.922098 -0.178622 -0.343264 101.441
0.33889 0.800976 0.49355 440.78
0.186787 -0.571429 0.799111 70.9161
0.922309 -0.178611 -0.3427 101.385
0.338487 0.80126 0.493366 440.765
0.186472 -0.571035 0.799467 71.0249
0.92223 -0.178592 -0.342925 101.461
0.338485 0.801591 0.492829 440.756
0.18687 -0.570576 0.799702 70.9766
0.922156 -0.17816 -0.343348 101.306
0.33829 0.801887 0.492481 440.86
0.187586 -0.570295 0.799734 70.9317
0.92218 -0.179829 -0.342411 101.218
0.338906 0.802302 0.491381 440.846
0.186352 -0.569187 0.800812 70.9425
0.922063 -0.179538 -0.342878 101.269
0.338883 0.802461 0.491136 440.85
0.186969 -0.569054 0.800762 70.8615
0.922252 -0.178817 -0.342749 101.412
0.337956 0.803425 0.490198 440.873
0.187717 -0.567919 0.801392 71.2925
0.922123 -0.178158 -0.343438 101.329
0.338041 0.802785 0.491188 440.839
0.188198 -0.569031 0.800491 71.0064
0.921985 -0.178202 -0.343786 101.173
0.338022 0.803499 0.490032 441.001
0.188907 -0.568009 0.801049 71.1635
0.922173 -0.17932 -0.342698 101.151
0.338398 0.80315 0.490345 440.996
0.18731 -0.568151 0.801324 70.9773
0.922051 -0.178657 -0.34337 101.164
0.337748 0.804683 0.488274 441.109
0.18907 -0.566187 0.8023 71.2424
0.921978 -0.179558 -0.343098 101.082
0.338264 0.80473 0.487839 441.144
0.188506 -0.565834 0.802681 71.2423
0.922186 -0.179134 -0.342758 101.142
0.337877 0.804397 0.488656 441.094
0.188179 -0.566442 0.802329 71.2532
0.921974 -0.180084 -0.342832 101.024
0.338676 0.804254 0.488338 441.093
0.187782 -0.566344 0.802491 71.3179
0.92175 -0.179565 -0.343707 101.041
0.338777 0.804174 0.488399 441.119
0.188701 -0.566622 0.80208 71.2219
0.921689 -0.179477 -0.343915 100.994
0.338604 0.804826 0.487444 441.116
0.189307 -0.565723 0.802571 71.4616
0.921906 -0.179383 -0.343381 100.977
0.338229 0.80489 0.487599 441.107
0.188917 -0.565662 0.802706 71.4958
0.922167 -0.179395 -0.342674 100.937
0.338039 0.804365 0.488597 441.103
0.187983 -0.566405 0.802401 71.3242
0.92225 -0.179859 -0.342206 100.842
0.337989 0.804819 0.487883 441.088
0.187664 -0.565612 0.803035 71.541
0.922165 -0.180226 -0.342242 100.79
0.338219 0.805015 0.4874 441.173
0.187668 -0.565216 0.803313 71.4668
0.922202 -0.180227 -0.342143 100.755
0.33806 0.805337 0.486978 441.233
0.187774 -0.564757 0.803611 71.5201
0.922201 -0.180615 -0.34194 100.718
0.33823 0.805381 0.486787 441.259
0.187471 -0.56457 0.803813 71.4781
0.922225 -0.18207 -0.341103 100.744
0.338456 0.806668 0.484494 441.345
0.186945 -0.56226 0.805553 71.6869
0.922569 -0.183073 -0.339632 100.76
0.338451 0.80663 0.48456 441.258
0.185248 -0.561989 0.806133 71.754
0.921947 -0.184834 -0.340367 100.573
0.339727 0.807946 0.481466 441.441
0.186007 -0.559518 0.807676 71.7572
0.922675 -0.185006 -0.338296 100.453
0.338723 0.808105 0.481905 441.379
0.184224 -0.55923 0.808284 71.8675
0.922131 -0.185343 -0.33959 100.411
0.339519 0.808507 0.480668 441.449
0.185473 -0.558537 0.808478 71.9344
0.922651 -0.185063 -0.338329 100.42
0.338737 0.808244 0.481663 441.421
0.184315 -0.559011 0.808415 71.8326
0.922275 -0.185732 -0.338986 100.36
0.339312 0.809071 0.479867 441.507
0.185137 -0.557591 0.809207 71.945
0.922838 -0.185582 -0.337534 100.306
0.338384 0.809248 0.480224 441.453
0.184028 -0.557385 0.809602 72.1415
0.92251 -0.186129 -0.33813 100.292
0.338853 0.810015 0.478596 441.627
0.18481 -0.556086 0.810317 72.0571
0.923111 -0.185528 -0.336816 100.344
0.337506 0.810649 0.478474 441.581
0.184269 -0.555362 0.810936 72.1443
0.923158 -0.184061 -0.337493 100.32
0.336822 0.810424 0.479337 441.572
0.185285 -0.556179 0.810145 72.0353
0.92313 -0.184004 -0.337598 100.294
0.336819 0.81047 0.479261 441.573
0.185427 -0.556129 0.810146 71.8761
0.923022 -0.184013 -0.33789 100.162
0.336629 0.811509 0.477634 441.685
0.18631 -0.55461 0.810985 72.2019
0.923356 -0.184708 -0.336595 100.206
0.336587 0.811202 0.478184 441.641
0.184722 -0.554828 0.811199 72.1446
0.923358 -0.184654 -0.33662 100.141
0.336188 0.812314 0.476575 441.691
0.185439 -0.553217 0.812135 72.2872
0.923688 -0.18538 -0.335313 99.9932
0.335795 0.813118 0.475479 441.707
0.184505 -0.551791 0.813317 72.2382
0.923617 -0.186082 -0.33512 99.9588
0.335975 0.813876 0.474053 441.774
0.184534 -0.550435 0.814229 72.3476
0.924076 -0.187163 -0.333246 99.8414
0.335462 0.814996 0.47249 441.812
0.183161 -0.548408 0.815905 72.5612
0.924351 -0.187582 -0.332249 99.7401
0.335104 0.815496 0.47188 441.841
0.182431 -0.54752 0.816664 72.6047
0.924213 -0.187474 -0.332693 99.7669
0.335305 0.815327 0.472031 441.834
0.18276 -0.54781 0.816396 72.4879
0.924091 -0.187019 -0.333286 99.793
0.335077 0.815879 0.471238 441.824
0.183791 -0.547143 0.816612 72.6855
0.924085 -0.186984 -0.333323 99.7928
0.335044 0.815954 0.471131 441.824
0.183882 -0.547043 0.816658 72.7135
0.923473 -0.186212 -0.335445 99.702
0.335283 0.816705 0.469658 441.986
0.186504 -0.546185 0.816638 72.7618
0.923709 -0.186963 -0.334375 99.5586
0.335282 0.81679 0.469511 442.042
0.185333 -0.545801 0.817161 72.7119
0.923161 -0.187126 -0.335795 99.5734
0.33604 0.817044 0.468526 442.063
0.186685 -0.545365 0.817145 72.8376
0.92285 -0.187505 -0.336437 99.4738
0.336716 0.816862 0.468358 442.026
0.187003 -0.545508 0.816977 72.8644
0.92269 -0.186963 -0.337176 99.4995
0.336693 0.81682 0.468447 442.015
0.18783 -0.545757 0.816621 72.8158
0.922293 -0.188083 -0.33764 99.4398
0.337584 0.817386 0.466815 442.107
0.188182 -0.544522 0.817363 72.8591
0.92226 -0.188975 -0.337232 99.3837
0.337828 0.818047 0.46548 442.065
0.187907 -0.54322 0.818293 73.0779
0.922348 -0.188766 -0.337108 99.3657
0.337516 0.818305 0.465251 442.045
0.188033 -0.542903 0.818474 73.1947
0.922245 -0.188611 -0.337475 99.2734
0.337594 0.818277 0.465245 442.101
0.188398 -0.543 0.818326 73.1675
0.922323 -0.189193 -0.336936 99.2708
0.337882 0.817939 0.465631 441.985
0.187499 -0.543307 0.818329 73.1916
0.921901 -0.189121 -0.338131 99.2711
0.338335 0.818211 0.464822 442.157
0.188755 -0.542921 0.818296 73.0826
0.922216 -0.188301 -0.337727 99.1823
0.337801 0.817367 0.466692 442.002
0.188168 -0.544475 0.817398 73.1165
0.921966 -0.189892 -0.33752 99.1459
0.338535 0.818438 0.464277 442.197
0.188076 -0.54231 0.818857 73.3179
0.921665 -0.189577 -0.338517 99.0749
0.338822 0.818369 0.464189 442.261
0.189032 -0.542524 0.818495 73.2507
0.921898 -0.189416 -0.337973 98.9979
0.338339 0.818616 0.464107 442.233
0.188761 -0.542208 0.818767 73.3459
0.921889 -0.189306 -0.33806 99.1677
0.338229 0.818819 0.463829 442.172
0.189004 -0.54194 0.818888 73.4758
0.922112 -0.188585 -0.337853 99.0183
0.337634 0.818654 0.464553 442.226
0.188977 -0.54244 0.818564 73.4155
0.922128 -0.188568 -0.33782 98.9942
0.33763 0.818582 0.464683 442.258
0.188909 -0.542555 0.818503 73.3314
0.922073 -0.188422 -0.338052 99.1009
0.337571 0.818767 0.464398 442.225
0.189283 -0.542326 0.818569 73.5218
0.922174 -0.188033 -0.337993 99.0963
0.337276 0.81868 0.464767 442.219
0.189316 -0.542592 0.818384 73.5253
0.922373 -0.188603 -0.337129 99.1416
0.337321 0.818543 0.464975 442.266
0.188259 -0.542602 0.818622 73.3992
0.922682 -0.188515 -0.336333 99.1735
0.337035 0.818015 0.466111 442.235
0.187257 -0.543428 0.818304 73.3268
0.922577 -0.188339 -0.33672 99.1825
0.337085 0.81805 0.466013 442.287
0.187685 -0.543436 0.8182 73.1879
0.922953 -0.189259 -0.33517 99.258
0.336704 0.818918 0.464762 442.283
0.186516 -0.541807 0.819547 73.5211
0.922992 -0.18948 -0.334937 99.1565
0.33701 0.818172 0.465853 442.416
0.185766 -0.542856 0.819023 73.1336
0.923024 -0.188149 -0.335599 99.2204
0.336099 0.818848 0.465323 442.417
0.187255 -0.542298 0.819053 73.5152
0.922788 -0.187526 -0.336594 99.2673
0.336057 0.819049 0.464999 442.484
0.188488 -0.54221 0.818829 73.5003
0.922637 -0.187668 -0.33693 99.2879
0.336364 0.818962 0.46493 442.495
0.188681 -0.542292 0.81873 73.3926
0.922907 -0.18889 -0.335504 99.1934
0.336579 0.818952 0.464792 442.587
0.186967 -0.541884 0.819393 73.3147
0.922885 -0.188451 -0.335812 99.1802
0.336433 0.818856 0.465068 442.566
0.187339 -0.542183 0.819111 73.4741
0.922821 -0.187269 -0.336647 99.2146
0.335955 0.818854 0.465416 442.557
0.188507 -0.542594 0.81857 73.575
0.923032 -0.187174 -0.336122 99.2767
0.335533 0.8191 0.465288 442.604
0.188227 -0.542256 0.818858 73.7689
0.922486 -0.186991 -0.33772 99.1808
0.336134 0.819287 0.464525 442.733
0.189827 -0.542036 0.818634 73.8716
0.922534 -0.186524 -0.337845 99.1315
0.335817 0.819356 0.464631 442.797
0.190151 -0.542092 0.818522 73.8646
0.922467 -0.186528 -0.338027 99.1615
0.335887 0.819427 0.464456 442.778
0.190355 -0.541985 0.818546 74.0215
0.922155 -0.186312 -0.338995 99.1859
0.336069 0.819826 0.463619 442.809
0.191539 -0.541454 0.818621 74.1642
0.921934 -0.186368 -0.339565 99.1966
0.336364 0.819923 0.463235 442.936
0.192085 -0.541289 0.818602 74.0409
0.921829 -0.187108 -0.339444 99.0904
0.336692 0.820412 0.462128 442.979
0.192016 -0.540291 0.819277 74.0548
0.921801 -0.187264 -0.339435 99.0134
0.336563 0.821093 0.461012 443.069
0.192376 -0.539202 0.81991 74.089
0.921649 -0.188162 -0.339349 98.9898
0.336973 0.82174 0.459558 443.103
0.192386 -0.537903 0.820761 74.3628
0.921152 -0.186717 -0.341492 99.0171
0.337103 0.821297 0.460253 443.034
0.194529 -0.53908 0.819482 74.3357
0.921019 -0.188454 -0.340895 98.7851
0.337796 0.822209 0.458112 443.236
0.193954 -0.537083 0.820929 74.374
0.921524 -0.187756 -0.339912 98.8545
0.336859 0.821979 0.459213 443.161
0.193181 -0.537679 0.820721 74.4506
0.921775 -0.189734 -0.33813 98.802
0.337328 0.822395 0.458123 443.214
0.191155 -0.536347 0.822066 74.3318
0.921679 -0.190912 -0.337729 98.7228
0.33766 0.823422 0.456028 443.33
0.191032 -0.534349 0.823394 74.7017
0.921945 -0.1917 -0.336555 98.5874
0.337442 0.824094 0.454974 443.443
0.190134 -0.533029 0.824457 74.6573
0.922319 -0.192665 -0.334974 98.5818
0.337 0.825219 0.453261 443.503
0.189099 -0.530937 0.826043 74.8607
0.922666 -0.193352 -0.333621 98.5924
0.336469 0.826321 0.451643 443.501
0.188352 -0.528969 0.827475 75.0375
0.922981 -0.194999 -0.331785 98.6072
0.336575 0.827051 0.450227 443.571
0.186609 -0.527222 0.828984 74.9973
0.922638 -0.195165 -0.33264 98.4447
0.336714 0.828188 0.448027 443.739
0.188049 -0.525371 0.829833 75.3578
0.922406 -0.195124 -0.333308 98.359
0.336901 0.828481 0.447343 443.785
0.188852 -0.524924 0.829934 75.3459
0.922641 -0.194885 -0.332795 98.3168
0.336368 0.828764 0.447221 443.804
0.188652 -0.524566 0.830205 75.4098
0.922942 -0.196059 -0.331269 98.1647
0.336371 0.829205 0.4464 443.859
0.187169 -0.52343 0.831257 75.5347
0.923217 -0.197191 -0.329827 97.9817
0.33637 0.829695 0.44549 443.924
0.185809 -0.522228 0.832318 75.5878
0.923439 -0.199373 -0.32789 97.8778
0.336805 0.830574 0.44352 444.021
0.183911 -0.519998 0.834134 75.7276
0.923414 -0.199872 -0.327654 97.8985
0.336984 0.830837 0.442891 444.05
0.183706 -0.519386 0.83456 75.811
0.922999 -0.200111 -0.328676 97.9709
0.337757 0.830559 0.442823 444.053
0.184371 -0.519738 0.834194 75.7337
0.92322 -0.201454 -0.327231 97.8343
0.337808 0.831381 0.441237 444.135
0.183165 -0.517901 0.835601 76.0039
0.922944 -0.201873 -0.327753 97.8472
0.338476 0.83111 0.441236 444.175
0.183325 -0.518173 0.835397 75.7872
0.923192 -0.2016 -0.327221 97.7968
0.337986 0.831182 0.441477 444.028
0.182979 -0.518164 0.835479 76.1468
0.922984 -0.202302 -0.327375 97.7997
0.338639 0.831077 0.441174 444.162
0.182824 -0.518058 0.835578 75.9514
0.923195 -0.202846 -0.326443 97.7906
0.33847 0.831484 0.440538 444.224
0.182071 -0.517193 0.836279 76.0279
0.923712 -0.205003 -0.32362 97.608
0.338507 0.832294 0.438975 444.288
0.179356 -0.515034 0.838195 76.2417
0.923702 -0.205375 -0.323413 97.5483
0.338684 0.832333 0.438766 444.358
0.179075 -0.514824 0.838385 76.2926
0.923643 -0.205316 -0.323618 97.4903
0.338797 0.832156 0.439013 444.387
0.179164 -0.515132 0.838176 76.3923
0.924053 -0.206378 -0.321767 97.4042
0.338667 0.832366 0.438716 444.422
0.177286 -0.514369 0.839044 76.3342
0.924186 -0.207287 -0.3208 97.3755
0.338755 0.832826 0.437774 444.459
0.176426 -0.513257 0.839905 76.4301
0.9249 -0.20797 -0.318289 97.2353
0.33783 0.833605 0.437005 444.473
0.174443 -0.511714 0.84126 76.6591
0.924902 -0.209903 -0.317011 97.1634
0.338479 0.834343 0.435091 444.608
0.173169 -0.509718 0.842734 76.7706
0.925598 -0.21089 -0.314314 97.1304
0.337532 0.835669 0.433277 444.689
0.171289 -0.507131 0.844676 76.7699
0.926088 -0.210192 -0.313336 97.2329
0.33646 0.835877 0.43371 444.662
0.170749 -0.507079 0.844817 76.9844
0.925949 -0.210345 -0.313645 97.137
0.336838 0.835537 0.434071 444.787
0.170758 -0.507575 0.844517 76.9021
0.925918 -0.210582 -0.313577 97.0819
0.336966 0.835612 0.433827 444.798
0.170673 -0.507354 0.844667 76.9248
0.925858 -0.2105 -0.313811 97.1733
0.336942 0.835819 0.433447 444.836
0.171049 -0.507046 0.844776 76.9571
0.925806 -0.212374 -0.3127 96.9848
0.33756 0.836786 0.431094 444.948
0.17011 -0.504664 0.84639 77.2172
0.926262 -0.21682 -0.308264 96.6983
0.338275 0.838907 0.426385 445.075
0.166156 -0.499223 0.850393 77.6481
0.926463 -0.217345 -0.307291 96.7134
0.337962 0.83974 0.424992 445.177
0.165675 -0.497592 0.851442 77.5346
0.926295 -0.21656 -0.30835 96.6441
0.337767 0.839934 0.424764 445.153
0.167006 -0.497607 0.851173 77.7786
0.925981 -0.215527 -0.310012 96.6471
0.337834 0.839596 0.425377 445.134
0.168605 -0.498624 0.850263 77.9028
0.926063 -0.215785 -0.309587 96.6065
0.337877 0.839488 0.425556 445.178
0.168066 -0.498694 0.850328 77.8727
0.925737 -0.216226 -0.310253 96.6341
0.338667 0.839079 0.425736 445.21
0.168272 -0.499192 0.849995 77.6762
0.92611 -0.215177 -0.309871 96.6071
0.337756 0.838821 0.426966 445.222
0.168053 -0.500078 0.849517 77.5923
0.925876 -0.215706 -0.310202 96.6233
0.338256 0.839021 0.426176 445.265
0.168337 -0.499513 0.849793 77.5884
0.925734 -0.215456 -0.310797 96.5953
0.338265 0.839225 0.425768 445.344
0.169094 -0.49928 0.84978 77.6205
0.926225 -0.215755 -0.309123 96.4691
0.337589 0.839639 0.425487 445.384
0.167751 -0.498453 0.850532 77.7922
0.926409 -0.215544 -0.308719 96.4537
0.337274 0.839536 0.425941 445.411
0.167371 -0.498719 0.850451 77.8507
0.926244 -0.214858 -0.309691 96.4957
0.337144 0.839651 0.425817 445.418
0.168542 -0.498821 0.85016 77.9414
0.926642 -0.214657 -0.308639 96.5542
0.336201 0.840545 0.424798 445.526
0.168239 -0.4974 0.851052 78.1698
0.927018 -0.216156 -0.306455 96.3943
0.336158 0.841199 0.423535 445.589
0.16624 -0.495642 0.852469 78.282
0.926444 -0.218284 -0.30668 96.3413
0.337619 0.842133 0.420506 445.667
0.166476 -0.493116 0.853887 78.4986
0.92728 -0.219032 -0.303607 96.212
0.336679 0.842535 0.420454 445.77
0.163706 -0.492097 0.855009 78.6347
0.92833 -0.220565 -0.299256 96.1447
0.335707 0.843175 0.419949 445.834
0.159699 -0.490313 0.85679 78.7972
0.927766 -0.220326 -0.301175 96.2171
0.336156 0.843871 0.418188 445.892
0.162015 -0.489223 0.856979 78.8748
0.928553 -0.221056 -0.298202 96.0849
0.335428 0.843762 0.418991 445.906
0.158991 -0.489081 0.857626 78.9766
0.928667 -0.221192 -0.297744 96.095
0.335159 0.844287 0.418149 446.087
0.15889 -0.488113 0.858196 79.04
0.928681 -0.222 -0.297097 96.0741
0.335132 0.84544 0.415833 446.201
0.158863 -0.485743 0.859544 79.1659
0.929011 -0.223812 -0.294698 95.9533
0.335278 0.846113 0.414345 446.331
0.156612 -0.483737 0.861087 79.1199
0.929114 -0.223631 -0.294512 96.1136
0.334979 0.846335 0.414132 446.195
0.156643 -0.483431 0.861253 79.3994
0.928666 -0.224609 -0.295178 95.9376
0.335966 0.846601 0.412788 446.399
0.157182 -0.482512 0.86167 79.2658
0.929402 -0.22504 -0.292522 95.9871
0.334794 0.847637 0.411613 446.329
0.155323 -0.480488 0.863137 79.6332
0.929553 -0.225217 -0.291904 95.9657
0.33476 0.847327 0.412276 446.341
0.154486 -0.480951 0.86303 79.4516
0.929772 -0.225043 -0.29134 95.9039
0.334204 0.847851 0.41165 446.412
0.154374 -0.480108 0.863519 79.5861
0.930078 -0.226224 -0.289444 95.8362
0.334018 0.848753 0.409939 446.519
0.152928 -0.477955 0.864969 79.7626
0.930057 -0.227273 -0.28869 95.7927
0.334472 0.848911 0.409242 446.55
0.152062 -0.477177 0.865552 79.7947
0.930095 -0.22782 -0.288135 95.7193
0.334518 0.849374 0.408242 446.616
0.151728 -0.47609 0.866208 79.8955
0.93022 -0.228847 -0.286915 95.6739
0.334671 0.849789 0.407251 446.742
0.150619 -0.474855 0.867079 79.8454
0.929914 -0.227909 -0.288649 95.6234
0.334595 0.850058 0.406753 446.775
0.152665 -0.474825 0.866738 80.0383
0.929972 -0.2282 -0.288232 95.7156
0.334642 0.850066 0.406696 446.724
0.152208 -0.47467 0.866903 80.0592
0.92998 -0.227326 -0.288895 95.5578
0.334292 0.849888 0.407356 446.71
0.152926 -0.475408 0.866372 80.1452
0.930219 -0.228648 -0.287075 95.5287
0.334274 0.850756 0.405555 446.862
0.151502 -0.473217 0.867821 80.1113
0.930388 -0.230759 -0.284831 95.5001
0.334785 0.851391 0.403797 446.965
0.149323 -0.471045 0.869379 80.1408
0.930359 -0.23068 -0.284989 95.4902
0.334704 0.851663 0.403291 446.912
0.149683 -0.470593 0.869562 80.3366
0.929598 -0.232825 -0.285728 95.4228
0.336585 0.852151 0.400687 446.99
0.150193 -0.468649 0.870523 80.3967
0.929283 -0.232603 -0.286931 95.4736
0.336903 0.852223 0.400265 446.982
0.151426 -0.468627 0.870321 80.4396
0.929668 -0.233608 -0.28486 95.4284
0.336938 0.85184 0.40105 446.969
0.148967 -0.468824 0.87064 80.3795
0.930151 -0.234057 -0.282906 95.4694
0.336273 0.852417 0.400382 447.021
0.147442 -0.46755 0.871584 80.6047
0.929908 -0.234274 -0.283526 95.4469
0.336551 0.852931 0.399052 447.052
0.14834 -0.466503 0.871992 80.7363
0.930011 -0.234535 -0.28297 95.428
0.336532 0.852898 0.399138 447.06
0.147733 -0.466431 0.872133 80.7067
0.930226 -0.233537 -0.283091 95.3676
0.335804 0.852831 0.399893 446.967
0.148039 -0.467054 0.871748 80.7547
0.930786 -0.23457 -0.280384 95.2453
0.335492 0.852759 0.400308 446.979
0.1452 -0.466668 0.872432 80.7152
0.930454 -0.234929 -0.281181 95.3091
0.336133 0.85273 0.399832 447.002
0.14584 -0.46654 0.872394 80.5758
0.930478 -0.235098 -0.280963 95.3022
0.336097 0.852978 0.399333 446.984
0.145773 -0.466002 0.872693 80.7004
0.930329 -0.235217 -0.281357 95.3283
0.336297 0.853185 0.398723 447.111
0.146263 -0.465562 0.872845 80.4839
