0.924413 -0.178523 -0.337031 115.196
0.345 0.768131 0.539398 431.096
0.162589 -0.614902 0.771661 57.3749
0.924413 -0.178523 -0.337031 115.196
0.345 0.768131 0.539398 431.096
0.162589 -0.614902 0.771661 57.3749
0.924639 -0.179011 -0.33615 115.119
0.344622 0.768972 0.538441 431.104
0.162103 -0.613708 0.772713 57.4258
0.924628 -0.178456 -0.336476 115.033
0.344658 0.768015 0.539781 431.124
0.162091 -0.615066 0.771635 57.2522
0.924394 -0.178539 -0.337075 115.11
0.34506 0.768046 0.53948 431.2
0.162571 -0.615003 0.771584 57.2726
0.923802 -0.178396 -0.338769 115.041
0.346303 0.766697 0.540602 431.203
0.163292 -0.616726 0.770055 57.4288
0.923623 -0.178239 -0.339338 114.981
0.346838 0.765501 0.541952 431.21
0.163167 -0.618254 0.768855 57.4506
0.923229 -0.17917 -0.33992 114.888
0.348025 0.76487 0.542081 431.276
0.16287 -0.618766 0.768506 57.7378
0.922444 -0.179819 -0.341706 114.76
0.349667 0.764411 0.541672 431.465
0.1638 -0.619145 0.768003 57.8949
0.921842 -0.179112 -0.343694 114.566
0.351049 0.761666 0.544638 431.537
0.164229 -0.622724 0.765013 57.885
0.92123 -0.179962 -0.344889 114.596
0.352401 0.761555 0.543918 431.58
0.164767 -0.622613 0.764987 58.1217
0.920538 -0.180781 -0.346306 114.534
0.353709 0.762014 0.542425 431.686
0.16583 -0.621814 0.765407 58.3923
0.920245 -0.180455 -0.347255 114.584
0.353913 0.762453 0.541673 431.69
0.167018 -0.62137 0.765509 58.3137
0.920048 -0.181611 -0.347172 114.388
0.354693 0.762492 0.541109 431.889
0.166445 -0.620986 0.765946 58.4286
0.92029 -0.1821 -0.346273 114.543
0.354553 0.762365 0.54138 431.888
0.165401 -0.620999 0.766161 58.285
0.920226 -0.18168 -0.346665 114.432
0.35447 0.762397 0.541389 431.877
0.165937 -0.621083 0.765977 58.5796
0.920067 -0.181276 -0.347298 114.355
0.354744 0.761671 0.54223 431.907
0.166233 -0.62209 0.765095 58.7163
0.919464 -0.180841 -0.349117 114.354
0.356056 0.7596 0.544272 431.975
0.166763 -0.624743 0.762814 58.6151
0.91928 -0.180752 -0.349648 114.41
0.356224 0.759907 0.543733 432.041
0.16742 -0.624396 0.762955 58.4996
0.91922 -0.18107 -0.349641 114.349
0.356421 0.760015 0.543453 432.126
0.167329 -0.624173 0.763158 58.5359
0.919283 -0.181862 -0.349064 114.214
0.356374 0.761056 0.542026 432.265
0.167084 -0.622672 0.764436 58.8575
0.919963 -0.182625 -0.346866 114.183
0.35521 0.762636 0.540566 432.34
0.165812 -0.620512 0.766467 58.9802
0.9196 -0.181223 -0.34856 114.183
0.355359 0.762007 0.541355 432.392
0.167499 -0.621694 0.765141 59.1592
0.919182 -0.179916 -0.350336 114.082
0.356198 0.759273 0.544635 432.465
0.168012 -0.625408 0.761996 59.0356
0.918414 -0.179167 -0.352725 113.962
0.357817 0.756524 0.547393 432.51
0.16877 -0.628944 0.758911 59.0673
0.918228 -0.178333 -0.353631 114.035
0.358107 0.755223 0.548997 432.532
0.169165 -0.630742 0.757329 59.1885
0.917817 -0.177935 -0.354895 113.933
0.358969 0.753766 0.550434 432.648
0.169567 -0.632595 0.755693 59.3518
0.917126 -0.176965 -0.357161 113.887
0.359919 0.752713 0.551254 432.878
0.171287 -0.634118 0.754026 59.2963
0.917443 -0.175908 -0.356868 113.971
0.359073 0.752395 0.552239 432.743
0.171362 -0.63479 0.753444 59.5065
0.917142 -0.176432 -0.357383 113.852
0.360015 0.751438 0.552928 432.91
0.170997 -0.635777 0.752694 59.4304
0.916546 -0.174814 -0.359699 113.788
0.36062 0.750104 0.554344 432.993
0.172904 -0.637797 0.750546 59.6521
0.916038 -0.173828 -0.361468 113.7
0.361071 0.749805 0.554455 433.111
0.174651 -0.638417 0.749614 60.0399
0.916115 -0.174215 -0.361085 113.7
0.361322 0.749043 0.55532 433.172
0.173723 -0.639205 0.749157 59.9239
0.916006 -0.17383 -0.361548 113.569
0.361449 0.748603 0.555831 433.211
0.174035 -0.639825 0.748555 59.8595
0.915631 -0.174849 -0.362005 113.585
0.362281 0.749224 0.554451 433.292
0.174278 -0.63882 0.749357 60.0966
0.915151 -0.174672 -0.363303 113.635
0.362631 0.750349 0.552698 433.421
0.176063 -0.637547 0.750024 60.4972
0.915354 -0.175511 -0.362385 113.453
0.362823 0.749802 0.553315 433.468
0.174604 -0.63796 0.750013 60.3383
0.914998 -0.174954 -0.363553 113.48
0.36278 0.751076 0.551611 433.455
0.176549 -0.636613 0.750703 60.5893
0.915374 -0.175158 -0.362506 113.6
0.362475 0.750424 0.552699 433.518
0.175223 -0.637325 0.750409 60.2787
0.914893 -0.175915 -0.363352 113.416
0.363397 0.750881 0.551471 433.527
0.175822 -0.636578 0.750903 60.4305
0.91495 -0.174669 -0.363808 113.325
0.363006 0.750088 0.552806 433.529
0.176331 -0.637854 0.7497 60.3199
0.914605 -0.174449 -0.364781 113.201
0.36337 0.750332 0.552235 433.533
0.17737 -0.637628 0.749647 60.5708
0.913965 -0.174951 -0.366143 113.301
0.364614 0.750095 0.551737 433.644
0.178115 -0.637769 0.74935 60.3539
0.914261 -0.173166 -0.366253 113.319
0.363809 0.748685 0.554178 433.582
0.178243 -0.639909 0.747493 60.3832
0.913891 -0.172336 -0.367563 113.259
0.364076 0.748472 0.554291 433.631
0.179587 -0.640382 0.746766 60.6556
0.914365 -0.1723 -0.366401 113.227
0.363302 0.748629 0.554587 433.708
0.178743 -0.640209 0.747117 60.7602
0.915177 -0.174412 -0.363362 113.146
0.362535 0.750158 0.55302 433.926
0.176125 -0.637842 0.749758 60.8339
0.915241 -0.176429 -0.362224 112.954
0.362781 0.751976 0.550383 434.101
0.17528 -0.635141 0.752245 61.1675
0.915524 -0.178764 -0.360361 112.856
0.362815 0.753844 0.5478 434.154
0.173729 -0.632268 0.75502 61.275
0.915178 -0.177403 -0.361909 112.842
0.363248 0.752114 0.549887 434.342
0.174645 -0.634707 0.752759 61.1916
0.915334 -0.176626 -0.361895 112.784
0.362565 0.752551 0.549739 434.463
0.175246 -0.634405 0.752874 61.4749
0.915457 -0.176836 -0.361479 112.769
0.362654 0.751867 0.550616 434.475
0.174415 -0.635157 0.752432 61.4725
0.915388 -0.177027 -0.361561 112.682
0.362831 0.751893 0.550464 434.565
0.174408 -0.635074 0.752505 61.8774
0.91507 -0.175123 -0.363289 112.713
0.363137 0.749644 0.553322 434.535
0.175438 -0.638252 0.749571 61.6607
0.914649 -0.175226 -0.364297 112.626
0.36394 0.749205 0.553389 434.649
0.175965 -0.638739 0.749032 61.8321
0.914726 -0.17547 -0.363987 112.562
0.364011 0.748896 0.553761 434.67
0.175419 -0.639035 0.748908 61.8919
0.914696 -0.176616 -0.363508 112.549
0.364571 0.748764 0.553571 434.862
0.174412 -0.638874 0.74928 61.9862
0.914769 -0.175848 -0.363697 112.516
0.363983 0.749335 0.553184 434.913
0.175255 -0.638415 0.749474 62.0758
0.915435 -0.176858 -0.361524 112.36
0.363712 0.748132 0.554989 434.84
0.172314 -0.639547 0.749192 61.9778
0.915175 -0.176069 -0.362567 112.431
0.363589 0.748851 0.554099 434.916
0.173949 -0.638922 0.749346 62.314
0.914943 -0.176432 -0.362976 112.337
0.364151 0.748644 0.55401 435.004
0.173995 -0.639065 0.749214 62.342
0.915277 -0.177806 -0.361459 112.368
0.363877 0.749871 0.552528 435.124
0.172805 -0.637243 0.751039 62.6173
0.915237 -0.178015 -0.361458 112.213
0.364087 0.74964 0.552703 435.243
0.172574 -0.637456 0.750911 62.6084
0.914541 -0.17732 -0.363555 112.153
0.365013 0.749079 0.552854 435.376
0.174299 -0.638309 0.749787 62.557
0.914432 -0.176515 -0.36422 112.073
0.365068 0.748259 0.553926 435.379
0.174755 -0.639493 0.748672 62.6199
0.91465 -0.177535 -0.363176 111.972
0.364858 0.749365 0.552568 435.474
0.174051 -0.637914 0.750182 62.9082
0.914889 -0.177107 -0.362783 111.907
0.364469 0.748806 0.553581 435.495
0.173611 -0.638688 0.749624 62.9665
0.914571 -0.177774 -0.363259 111.946
0.365181 0.748989 0.552864 435.672
0.173792 -0.638288 0.749923 62.8752
0.915011 -0.17664 -0.362703 111.83
0.364419 0.74759 0.555256 435.674
0.173073 -0.640241 0.748423 62.9603
0.91499 -0.177385 -0.362393 111.799
0.364536 0.748417 0.554063 435.749
0.172938 -0.639067 0.749457 63.1546
0.914841 -0.177817 -0.362557 111.764
0.364925 0.748477 0.553725 435.83
0.172904 -0.638876 0.749628 63.0682
0.915079 -0.178845 -0.361449 111.792
0.364801 0.749163 0.552879 435.843
0.171905 -0.637785 0.750786 63.1044
0.915076 -0.179116 -0.361322 111.728
0.364817 0.749534 0.552365 435.873
0.171886 -0.637272 0.751225 63.1343
0.915344 -0.178773 -0.360812 111.711
0.364504 0.748645 0.553776 435.876
0.171119 -0.638413 0.750431 63.4926
0.915135 -0.178338 -0.361556 111.649
0.364788 0.748115 0.554305 435.857
0.171632 -0.639155 0.749682 63.5921
0.914806 -0.177683 -0.362711 111.702
0.365152 0.747634 0.554714 435.956
0.172612 -0.6399 0.748822 63.6055
0.914689 -0.177913 -0.362893 111.639
0.365396 0.747742 0.554408 436.013
0.172714 -0.63971 0.74896 63.7229
0.914286 -0.175795 -0.364935 111.642
0.366107 0.744149 0.558756 436.014
0.173339 -0.644468 0.744725 63.4995
0.913474 -0.175381 -0.36716 111.625
0.36736 0.743469 0.558839 436.106
0.174962 -0.645364 0.743568 63.4502
0.913027 -0.173714 -0.369059 111.485
0.368 0.741078 0.561586 436.172
0.175946 -0.648557 0.740551 63.5628
0.912979 -0.173124 -0.369456 111.473
0.367708 0.741528 0.561184 436.216
0.176807 -0.648201 0.740658 63.8405
0.913159 -0.172525 -0.36929 111.415
0.367458 0.740526 0.562669 436.276
0.176394 -0.649505 0.739613 63.7725
0.913501 -0.17472 -0.367408 111.354
0.367588 0.741463 0.561348 436.451
0.174341 -0.647847 0.741552 63.9233
0.913442 -0.174648 -0.36759 111.386
0.367617 0.741583 0.561171 436.54
0.174591 -0.647729 0.741596 64.119
0.911957 -0.172828 -0.372109 111.25
0.369439 0.740408 0.561526 436.829
0.178466 -0.649559 0.739069 64.0393
0.912475 -0.172834 -0.370833 111.17
0.368882 0.739582 0.562979 436.867
0.17696 -0.650498 0.738605 64.3205
0.91229 -0.172889 -0.371263 111.011
0.369013 0.740215 0.56206 436.955
0.17764 -0.649763 0.739089 64.5352
0.912833 -0.173455 -0.369661 110.961
0.368334 0.740545 0.56207 437.042
0.176257 -0.649235 0.739884 64.8572
0.913253 -0.174127 -0.368304 110.914
0.368116 0.740002 0.562928 437.189
0.174525 -0.649675 0.739908 64.6777
0.913085 -0.172225 -0.369615 110.737
0.368152 0.737919 0.565632 437.288
0.17533 -0.652544 0.737188 65.1042
0.912936 -0.172442 -0.369881 110.746
0.368599 0.737434 0.565974 437.415
0.175165 -0.653036 0.736792 65.1205
0.912952 -0.172066 -0.370016 110.646
0.368699 0.736393 0.567262 437.576
0.174871 -0.654308 0.735732 65.3787
0.912952 -0.171519 -0.370271 110.553
0.368533 0.736177 0.56765 437.626
0.175222 -0.654694 0.735305 65.4354
0.912523 -0.172114 -0.37105 110.52
0.36959 0.735591 0.567722 437.668
0.175228 -0.655196 0.734856 65.3806
0.911822 -0.171171 -0.373204 110.512
0.370223 0.735769 0.567078 437.741
0.177525 -0.655243 0.734262 65.6718
0.912246 -0.171493 -0.372018 110.458
0.369702 0.735801 0.567377 437.719
0.17643 -0.655124 0.734633 65.7565
0.911584 -0.171992 -0.373409 110.343
0.370884 0.735915 0.566457 437.88
0.177371 -0.654865 0.734637 65.7331
0.912118 -0.172511 -0.371861 110.353
0.370343 0.735695 0.567096 437.819
0.175746 -0.654975 0.734929 65.8386
0.91221 -0.172492 -0.371645 110.199
0.37023 0.735565 0.567339 437.883
0.175508 -0.655126 0.734852 66.1512
0.912106 -0.17358 -0.371392 110.112
0.370406 0.737156 0.565155 438.084
0.175674 -0.653047 0.73666 66.1372
0.911672 -0.174314 -0.372115 109.968
0.371174 0.737869 0.563719 438.162
0.176308 -0.652046 0.737395 66.3052
0.911593 -0.173987 -0.37246 109.981
0.371521 0.736529 0.565241 438.314
0.175983 -0.653647 0.736054 66.2457
0.911185 -0.173488 -0.373691 109.94
0.371881 0.73673 0.564742 438.258
0.177333 -0.653552 0.735814 66.6327
0.910746 -0.172653 -0.375144 109.79
0.372147 0.736925 0.564313 438.357
0.179022 -0.653554 0.735403 66.7856
0.910284 -0.172795 -0.376198 109.696
0.373133 0.73607 0.564777 438.452
0.179317 -0.654479 0.734508 66.6925
0.910579 -0.172184 -0.375764 109.742
0.372756 0.734905 0.56654 438.413
0.178602 -0.655947 0.733372 66.7111
0.910397 -0.172649 -0.375992 109.704
0.373343 0.734458 0.566733 438.55
0.178305 -0.656326 0.733105 66.7178
0.910412 -0.171567 -0.376449 109.673
0.373149 0.733457 0.568156 438.632
0.178632 -0.657728 0.731768 66.7199
0.910223 -0.170693 -0.377303 109.542
0.37333 0.732521 0.569244 438.785
0.179216 -0.658997 0.730482 67.0277
0.910435 -0.170314 -0.376964 109.566
0.372935 0.732225 0.569882 438.833
0.178964 -0.659423 0.730159 67.0191
0.910954 -0.170241 -0.375741 109.547
0.372163 0.732061 0.570597 438.75
0.177926 -0.659624 0.730231 67.1427
0.91057 -0.170641 -0.37649 109.543
0.372931 0.73198 0.570199 438.914
0.178284 -0.659611 0.730156 67.105
0.910546 -0.170393 -0.376659 109.406
0.373143 0.730951 0.57138 438.865
0.17796 -0.660815 0.729146 66.9486
0.909929 -0.170278 -0.3782 109.272
0.374132 0.730576 0.571213 438.984
0.179039 -0.66126 0.728478 67.2042
0.910147 -0.171504 -0.377118 109.284
0.373767 0.732555 0.568912 438.993
0.178689 -0.658749 0.730836 67.3218
0.910464 -0.172162 -0.376052 109.212
0.373308 0.733476 0.568026 439.159
0.178033 -0.657551 0.732073 67.4181
0.910502 -0.171459 -0.376281 109.209
0.373213 0.732555 0.569276 439.144
0.178039 -0.65876 0.730984 67.4975
0.910535 -0.171203 -0.376319 109.35
0.373055 0.73257 0.56936 439.139
0.178204 -0.65881 0.730898 67.5249
0.909821 -0.170189 -0.378499 109.227
0.37392 0.731821 0.569755 439.153
0.180028 -0.659904 0.729464 67.4501
0.909693 -0.170726 -0.378566 109.171
0.374249 0.732129 0.569144 439.255
0.179991 -0.659424 0.729906 67.521
0.909494 -0.170622 -0.37909 109.034
0.374784 0.731107 0.570104 439.348
0.179883 -0.660583 0.728884 67.4454
0.909951 -0.170336 -0.378121 109.093
0.374052 0.730836 0.570933 439.148
0.179094 -0.660958 0.728739 67.6036
0.909384 -0.169732 -0.379751 109.017
0.37478 0.730391 0.571025 439.335
0.180446 -0.661604 0.727818 67.6441
0.909433 -0.169495 -0.379741 109.024
0.374582 0.730488 0.57103 439.396
0.18061 -0.661558 0.72782 67.7487
0.909171 -0.168519 -0.3808 109.03
0.374744 0.729868 0.571716 439.394
0.181589 -0.66249 0.726727 67.7684
0.90921 -0.168733 -0.380612 108.846
0.374608 0.730471 0.571035 439.536
0.181674 -0.661771 0.72736 67.9019
0.909321 -0.168735 -0.380348 108.814
0.374468 0.730381 0.571243 439.578
0.18141 -0.661871 0.727336 68.0185
0.908959 -0.167577 -0.381721 108.879
0.374589 0.730174 0.571428 439.578
0.182964 -0.662393 0.726471 68.2409
0.908779 -0.16807 -0.381933 108.674
0.37526 0.729455 0.571905 439.796
0.182483 -0.66306 0.725983 68.188
0.908957 -0.167902 -0.381584 108.637
0.374938 0.729406 0.572179 439.873
0.18226 -0.663156 0.725951 68.2918
0.909247 -0.168615 -0.380577 108.661
0.374499 0.730492 0.57108 439.945
0.181716 -0.661778 0.727344 68.4175
0.911576 -0.170513 -0.374105 108.466
0.371223 0.73245 0.57071 440.091
0.1767 -0.659122 0.730982 68.8082
0.911711 -0.171646 -0.373256 108.496
0.371507 0.732342 0.570665 440.236
0.175399 -0.658949 0.731452 68.6556
0.910976 -0.170013 -0.37579 108.326
0.372032 0.732074 0.570667 440.331
0.178085 -0.65967 0.730152 69.0151
0.909864 -0.169906 -0.378523 108.283
0.373851 0.731409 0.57033 440.427
0.179952 -0.660434 0.729002 69.1299
0.909415 -0.170291 -0.379428 108.305
0.374589 0.731761 0.569394 440.448
0.180688 -0.659945 0.729263 69.3291
0.909235 -0.169594 -0.380169 108.221
0.374729 0.731185 0.570041 440.455
0.181298 -0.660762 0.728371 69.4324
0.908888 -0.169754 -0.380928 108.247
0.37526 0.731386 0.569434 440.537
0.181942 -0.660498 0.72845 69.4835
0.908939 -0.170438 -0.380501 108.081
0.375395 0.731642 0.569016 440.523
0.181408 -0.660039 0.728999 69.487
0.908768 -0.1697 -0.381239 108.057
0.375309 0.731778 0.568897 440.597
0.182441 -0.660078 0.728706 69.5694
0.908086 -0.169334 -0.383022 108.077
0.376289 0.731359 0.568789 440.679
0.183812 -0.660636 0.727855 69.59
0.907816 -0.168865 -0.383868 108.025
0.376582 0.731045 0.568998 440.741
0.184541 -0.661104 0.727246 69.6012
0.907639 -0.168398 -0.384492 108.016
0.376915 0.730106 0.569983 440.728
0.184736 -0.662259 0.726144 69.7208
0.907699 -0.168227 -0.384425 108.011
0.376693 0.730328 0.569845 440.785
0.184893 -0.662058 0.726288 69.7227
0.907735 -0.168141 -0.384378 107.992
0.376699 0.729987 0.570277 440.83
0.184704 -0.662455 0.725974 69.793
0.907519 -0.167743 -0.38506 107.94
0.377137 0.728971 0.571287 440.836
0.184868 -0.663674 0.724818 69.5033
0.9078 -0.1678 -0.384372 107.967
0.376605 0.729469 0.571002 440.797
0.184573 -0.663113 0.725406 69.6883
0.907381 -0.167166 -0.385637 107.932
0.376973 0.729442 0.570794 440.885
0.185883 -0.663302 0.724899 69.813
0.907231 -0.168187 -0.385545 107.915
0.377305 0.730553 0.569151 440.92
0.185937 -0.66182 0.726238 69.8964
0.907247 -0.168526 -0.38536 107.888
0.377548 0.730103 0.569567 440.959
0.185366 -0.66223 0.72601 69.645
0.907143 -0.168125 -0.38578 107.853
0.377534 0.730109 0.569569 440.899
0.185903 -0.662326 0.725786 69.7143
0.907351 -0.168402 -0.385168 107.735
0.377212 0.73057 0.569191 440.915
0.185539 -0.661747 0.726407 69.9294
0.907412 -0.168928 -0.384794 107.707
0.377165 0.731193 0.568422 441.028
0.185336 -0.660924 0.727207 69.9594
0.907336 -0.169091 -0.384902 107.701
0.377292 0.731385 0.56809 441.054
0.185453 -0.660669 0.727409 70.0805
0.907353 -0.16967 -0.384607 107.685
0.377522 0.73133 0.568009 441.087
0.184901 -0.660582 0.727629 70.1634
0.906674 -0.168767 -0.3866 107.575
0.378314 0.730735 0.568247 441.124
0.186601 -0.661471 0.726386 70.2931
0.906539 -0.16874 -0.386928 107.453
0.37829 0.731484 0.567298 441.251
0.187306 -0.660649 0.726952 70.346
0.906714 -0.170113 -0.385917 107.516
0.378639 0.731356 0.567231 441.29
0.18575 -0.66044 0.727541 70.137
0.906113 -0.170483 -0.387162 107.497
0.379373 0.732412 0.565374 441.468
0.187176 -0.659172 0.728325 70.5703
0.906072 -0.169671 -0.387615 107.419
0.379333 0.73158 0.566478 441.481
0.187456 -0.660305 0.727226 70.6521
0.906317 -0.168673 -0.387477 107.404
0.378905 0.73036 0.568335 441.511
0.187136 -0.661909 0.725849 70.7723
0.906092 -0.168545 -0.388059 107.482
0.379553 0.729051 0.569583 441.558
0.186914 -0.663383 0.724559 70.7118
0.906165 -0.168053 -0.388103 107.394
0.379323 0.728767 0.570099 441.61
0.187029 -0.66382 0.724129 70.7251
0.906005 -0.168182 -0.38842 107.374
0.379441 0.729367 0.569252 441.706
0.187563 -0.663128 0.724625 70.9076
0.906287 -0.168453 -0.387644 107.29
0.37932 0.728726 0.570153 441.837
0.186443 -0.663764 0.724332 70.8337
0.906953 -0.168487 -0.386068 107.257
0.378295 0.728928 0.570575 441.859
0.185281 -0.663533 0.724842 71.0981
0.907291 -0.169536 -0.384813 107.135
0.377827 0.730369 0.569041 442.067
0.184582 -0.661679 0.726712 71.3207
0.907214 -0.170857 -0.384409 107.139
0.378358 0.73082 0.568109 442.111
0.183868 -0.66084 0.727656 71.383
0.906291 -0.168768 -0.387497 107.015
0.378812 0.730964 0.56762 442.155
0.187451 -0.661217 0.726398 71.5607
0.905653 -0.168644 -0.38904 106.969
0.379708 0.730915 0.567085 442.277
0.188719 -0.661304 0.725991 71.7258
0.905747 -0.169734 -0.388347 106.834
0.379857 0.731502 0.566228 442.358
0.187969 -0.660375 0.72703 71.8163
0.905879 -0.169969 -0.387935 106.818
0.380038 0.730521 0.567371 442.354
0.18696 -0.661399 0.726359 71.6069
0.906071 -0.169512 -0.387686 106.848
0.379385 0.731167 0.566976 442.426
0.187354 -0.660803 0.7268 71.7779
0.906151 -0.169562 -0.387477 106.733
0.379517 0.73036 0.567927 442.442
0.186699 -0.661682 0.726169 71.7509
0.905779 -0.170247 -0.388048 106.736
0.380279 0.730595 0.567115 442.543
0.186956 -0.661247 0.726498 71.9018
0.905507 -0.16926 -0.389111 106.779
0.380368 0.73024 0.567512 442.572
0.188088 -0.661892 0.725619 71.9326
0.905338 -0.170182 -0.389103 106.657
0.380888 0.730621 0.566673 442.551
0.187849 -0.661235 0.726279 72.0939
0.905239 -0.168964 -0.389864 106.639
0.380839 0.72953 0.568108 442.64
0.188428 -0.662749 0.724747 71.9421
0.904983 -0.167557 -0.391063 106.68
0.380717 0.729211 0.568599 442.702
0.189895 -0.663457 0.723716 72.0421
0.905073 -0.167783 -0.390758 106.639
0.380957 0.728242 0.56968 442.756
0.188984 -0.664464 0.72303 72.1783
0.905858 -0.167258 -0.389161 106.519
0.379809 0.727471 0.571429 442.786
0.187527 -0.66544 0.722511 72.2125
0.906212 -0.167539 -0.388215 106.657
0.379325 0.727754 0.57139 442.754
0.186795 -0.66506 0.723051 72.2878
0.905587 -0.166271 -0.390214 106.513
0.37994 0.726969 0.57198 442.748
0.18857 -0.666236 0.721507 72.364
0.905564 -0.166646 -0.390105 106.481
0.380348 0.726189 0.5727 442.803
0.187852 -0.666992 0.720994 72.141
0.905518 -0.16765 -0.389782 106.47
0.38066 0.726794 0.571724 442.907
0.187441 -0.666081 0.721943 72.2506
0.90508 -0.166421 -0.391324 106.426
0.380922 0.726344 0.572122 442.815
0.189023 -0.66688 0.720792 72.4236
0.905012 -0.166373 -0.391501 106.415
0.381146 0.72583 0.572624 442.869
0.188894 -0.667451 0.720297 72.2532
0.905372 -0.166523 -0.390604 106.355
0.38046 0.726611 0.572089 442.924
0.188551 -0.666563 0.721209 72.5135
0.905181 -0.166685 -0.390978 106.354
0.380606 0.727319 0.571091 443.031
0.189174 -0.66575 0.721797 72.3798
0.905361 -0.167555 -0.390187 106.329
0.38069 0.727364 0.570979 443.01
0.188138 -0.665482 0.722314 72.3785
0.90565 -0.167912 -0.389363 106.252
0.380358 0.727566 0.570943 442.993
0.187419 -0.665172 0.722787 72.423
0.906016 -0.168568 -0.388226 106.171
0.379906 0.728222 0.570406 443.027
0.186563 -0.664287 0.723822 72.5011
0.90588 -0.170201 -0.38783 106.257
0.380479 0.729289 0.568659 443.167
0.186054 -0.662698 0.725407 72.7441
0.905897 -0.169606 -0.388052 106.149
0.380442 0.728464 0.56974 443.11
0.186051 -0.663757 0.724438 72.5911
0.905631 -0.1689 -0.38898 106.212
0.380527 0.72851 0.569624 443.048
0.187166 -0.663887 0.724033 72.8144
0.905705 -0.168622 -0.388927 106.125
0.380404 0.728155 0.570161 443.104
0.187058 -0.664347 0.723638 72.7793
0.905528 -0.168998 -0.389176 106.175
0.380577 0.729009 0.568952 443.188
0.187562 -0.663314 0.724455 72.8705
0.905924 -0.168658 -0.388401 106.171
0.379971 0.728605 0.569874 443.164
0.186877 -0.663844 0.724146 72.7463
0.905734 -0.169079 -0.388661 106.076
0.380356 0.728844 0.569312 443.286
0.187015 -0.663475 0.724449 72.7761
0.905884 -0.169417 -0.388164 106.091
0.380308 0.728728 0.569492 443.308
0.186384 -0.663516 0.724574 72.7754
0.906165 -0.170059 -0.387228 106.04
0.379915 0.729606 0.56863 443.363
0.185823 -0.662386 0.725751 73.0709
0.906678 -0.170002 -0.386049 106.02
0.379121 0.72966 0.569091 443.404
0.184938 -0.662341 0.726018 73.1552
0.906897 -0.170973 -0.385106 105.93
0.37884 0.730943 0.567628 443.512
0.184442 -0.660674 0.727661 73.211
0.908 -0.173458 -0.381377 105.92
0.377579 0.733284 0.565446 443.476
0.181576 -0.657425 0.731316 73.4618
0.908443 -0.175053 -0.37959 105.81
0.376842 0.735941 0.562477 443.565
0.180892 -0.654024 0.734528 73.5522
0.911512 -0.179073 -0.370241 105.532
0.372825 0.739835 0.56004 443.795
0.173629 -0.648519 0.741132 73.8414
0.911398 -0.178403 -0.370844 105.408
0.3728 0.739556 0.560425 443.779
0.174278 -0.649021 0.740539 73.7928
0.91096 -0.17841 -0.371916 105.443
0.373572 0.739154 0.560442 443.792
0.174915 -0.649478 0.739989 73.7514
0.910525 -0.178598 -0.37289 105.54
0.373991 0.740308 0.558637 443.868
0.176281 -0.64811 0.740863 73.9318
