0.924413 -0.178523 -0.337031 115.196
0.345 0.768131 0.539398 431.096
0.162589 -0.614902 0.771661 57.3749
0.924413 -0.178523 -0.337031 115.196
0.345 0.768131 0.539398 431.096
0.162589 -0.614902 0.771661 57.3749
0.924639 -0.179011 -0.33615 115.119
0.344622 0.768972 0.538441 431.104
0.162103 -0.613708 0.772713 57.4258
0.92462 -0.178451 -0.336501 115.035
0.344671 0.768008 0.539783 431.124
0.16211 -0.615076 0.771623 57.2511
0.924396 -0.178547 -0.337064 115.111
0.345057 0.768055 0.53947 431.201
0.162563 -0.61499 0.771596 57.2744
0.923802 -0.178396 -0.338769 115.041
0.346303 0.766697 0.540602 431.203
0.163292 -0.616726 0.770055 57.4288
0.923622 -0.178244 -0.339339 114.98
0.346844 0.765491 0.541961 431.21
0.16316 -0.618265 0.768848 57.4525
0.92322 -0.179178 -0.339942 114.885
0.348049 0.764848 0.542098 431.278
0.162872 -0.618792 0.768485 57.7366
0.922423 -0.179837 -0.341753 114.758
0.349708 0.76441 0.541648 431.47
0.163831 -0.619142 0.767999 57.9011
0.921842 -0.179112 -0.343694 114.566
0.351049 0.761666 0.544638 431.537
0.164229 -0.622724 0.765013 57.885
0.921224 -0.179948 -0.344914 114.594
0.352402 0.761569 0.543898 431.58
0.164803 -0.6226 0.764989 58.1318
0.920522 -0.180818 -0.346329 114.534
0.353748 0.762017 0.542395 431.69
0.165834 -0.6218 0.765417 58.3924
0.920245 -0.180451 -0.347256 114.584
0.353912 0.762455 0.541673 431.69
0.167022 -0.621369 0.765509 58.3134
0.920048 -0.181611 -0.347172 114.388
0.354693 0.762492 0.541109 431.889
0.166445 -0.620986 0.765946 58.4286
0.920292 -0.18209 -0.346273 114.542
0.354547 0.762363 0.541386 431.887
0.165405 -0.621003 0.766157 58.2893
0.920221 -0.18168 -0.346677 114.43
0.354477 0.762399 0.541381 431.879
0.165948 -0.62108 0.765977 58.583
0.920066 -0.181268 -0.347304 114.355
0.354746 0.761654 0.542253 431.906
0.166232 -0.622114 0.765076 58.717
0.919464 -0.180841 -0.349117 114.354
0.356056 0.7596 0.544272 431.975
0.166763 -0.624743 0.762814 58.6151
0.919278 -0.180755 -0.34965 114.409
0.356226 0.759913 0.543723 432.042
0.167423 -0.624387 0.762962 58.4994
0.919218 -0.181082 -0.349638 114.347
0.35643 0.760007 0.543458 432.128
0.167317 -0.624178 0.763155 58.5385
0.919285 -0.181876 -0.34905 114.212
0.356367 0.76109 0.541983 432.267
0.167085 -0.622627 0.764473 58.8646
0.919963 -0.182625 -0.346866 114.183
0.35521 0.762636 0.540566 432.34
0.165812 -0.620512 0.766467 58.9802
0.919598 -0.181209 -0.348572 114.182
0.355365 0.761972 0.5414 432.393
0.167496 -0.621741 0.765104 59.1579
0.919165 -0.179885 -0.350396 114.081
0.356224 0.759226 0.544684 432.466
0.168049 -0.625474 0.761933 59.0327
0.918408 -0.179188 -0.35273 113.958
0.357846 0.75648 0.547435 432.509
0.16874 -0.628992 0.758878 59.074
0.918221 -0.178327 -0.353652 114.033
0.358121 0.755199 0.549021 432.534
0.169172 -0.630773 0.757302 59.1912
0.917817 -0.177935 -0.354895 113.933
0.358969 0.753766 0.550434 432.648
0.169567 -0.632595 0.755693 59.3518
0.917126 -0.176965 -0.357161 113.887
0.359919 0.752713 0.551254 432.878
0.171287 -0.634118 0.754026 59.2963
0.917443 -0.175908 -0.356868 113.971
0.359073 0.752395 0.552239 432.743
0.171362 -0.63479 0.753444 59.5065
0.917142 -0.176432 -0.357383 113.852
0.360015 0.751438 0.552928 432.91
0.170997 -0.635777 0.752694 59.4304
0.916538 -0.174791 -0.359731 113.787
0.360631 0.750074 0.554377 432.995
0.172925 -0.637837 0.750507 59.6551
0.916031 -0.173818 -0.36149 113.698
0.361075 0.749815 0.554439 433.113
0.174679 -0.638408 0.749615 60.047
0.916115 -0.174215 -0.361085 113.7
0.361322 0.749043 0.55532 433.172
0.173723 -0.639205 0.749157 59.9239
0.916 -0.173821 -0.361567 113.569
0.361454 0.748602 0.555829 433.211
0.174055 -0.639829 0.748547 59.86
0.915626 -0.174881 -0.362002 113.585
0.362297 0.74924 0.55442 433.294
0.174269 -0.638793 0.749382 60.1018
0.915144 -0.17466 -0.363326 113.636
0.362632 0.750363 0.552678 433.422
0.176096 -0.637534 0.750027 60.5024
0.915352 -0.175506 -0.362394 113.453
0.362823 0.749807 0.553308 433.466
0.174616 -0.637956 0.750014 60.3405
0.914987 -0.174938 -0.363586 113.48
0.362778 0.751117 0.551557 433.456
0.176608 -0.636569 0.750726 60.5964
0.915374 -0.175158 -0.362506 113.6
0.362475 0.750424 0.552699 433.518
0.175223 -0.637325 0.750409 60.2787
0.914893 -0.175915 -0.363352 113.416
0.363397 0.750881 0.551471 433.527
0.175822 -0.636578 0.750903 60.4305
0.914941 -0.174661 -0.363835 113.326
0.363028 0.750045 0.552849 433.528
0.176331 -0.637907 0.749655 60.3137
0.914605 -0.174449 -0.364781 113.201
0.36337 0.750332 0.552235 433.533
0.17737 -0.637628 0.749647 60.5708
0.913965 -0.174951 -0.366143 113.301
0.364614 0.750095 0.551737 433.644
0.178115 -0.637769 0.74935 60.3539
0.914254 -0.173149 -0.366276 113.317
0.363814 0.748675 0.554189 433.584
0.178265 -0.639926 0.747473 60.3868
0.913888 -0.172332 -0.367574 113.259
0.364077 0.74848 0.55428 433.631
0.179602 -0.640375 0.746769 60.6597
0.914378 -0.172302 -0.366367 113.226
0.363283 0.748627 0.554601 433.71
0.178713 -0.64021 0.747123 60.7597
0.915177 -0.174412 -0.363362 113.146
0.362535 0.750158 0.55302 433.926
0.176125 -0.637842 0.749758 60.8339
0.915239 -0.176504 -0.362194 112.95
0.362806 0.752017 0.550311 434.106
0.175244 -0.635072 0.752312 61.1733
0.915524 -0.178764 -0.360361 112.856
0.362815 0.753844 0.5478 434.154
0.173729 -0.632268 0.75502 61.275
0.915178 -0.177403 -0.361909 112.842
0.363248 0.752114 0.549887 434.342
0.174645 -0.634707 0.752759 61.1916
0.915337 -0.176646 -0.361875 112.786
0.362571 0.752537 0.549754 434.462
0.175212 -0.634416 0.752872 61.4739
0.915457 -0.176818 -0.361488 112.766
0.362648 0.751858 0.550632 434.477
0.174427 -0.635173 0.752416 61.4738
0.915387 -0.177041 -0.361558 112.682
0.362838 0.751898 0.550452 434.566
0.174402 -0.635063 0.752515 61.8853
0.91507 -0.175123 -0.363289 112.713
0.363137 0.749644 0.553322 434.535
0.175438 -0.638252 0.749571 61.6607
0.914642 -0.175238 -0.364311 112.624
0.363958 0.749203 0.55338 434.65
0.175969 -0.638738 0.749032 61.8352
0.91473 -0.175472 -0.363976 112.562
0.364007 0.74889 0.553771 434.67
0.175407 -0.639041 0.748905 61.8922
0.914696 -0.176616 -0.363508 112.549
0.364571 0.748764 0.553571 434.862
0.174412 -0.638874 0.74928 61.9862
0.914769 -0.175848 -0.363697 112.516
0.363983 0.749335 0.553184 434.913
0.175255 -0.638415 0.749474 62.0758
0.915435 -0.176858 -0.361524 112.36
0.363712 0.748132 0.554989 434.84
0.172314 -0.639547 0.749192 61.9778
0.915165 -0.176083 -0.362585 112.43
0.363611 0.748847 0.55409 434.92
0.173955 -0.638924 0.749344 62.3114
0.914944 -0.17643 -0.362973 112.336
0.364149 0.748641 0.554015 435.003
0.173991 -0.639069 0.749211 62.3454
0.915282 -0.17782 -0.36144 112.365
0.363875 0.749872 0.552528 435.126
0.172783 -0.637238 0.751049 62.6181
0.915224 -0.177994 -0.361502 112.213
0.364102 0.749626 0.552712 435.245
0.172612 -0.637479 0.750884 62.6063
0.914541 -0.17732 -0.363555 112.153
0.365013 0.749079 0.552854 435.376
0.174299 -0.638309 0.749787 62.557
0.914434 -0.176499 -0.364222 112.072
0.365062 0.748245 0.553949 435.378
0.174756 -0.639514 0.748654 62.6208
0.914654 -0.177528 -0.363169 111.971
0.364852 0.749356 0.552584 435.475
0.174044 -0.637926 0.750172 62.9092
0.914889 -0.177107 -0.362783 111.907
0.364469 0.748806 0.553581 435.495
0.173611 -0.638688 0.749624 62.9665
0.914586 -0.177749 -0.363231 111.944
0.365155 0.748958 0.552923 435.667
0.173763 -0.638331 0.749893 62.8789
0.915009 -0.176631 -0.362711 111.829
0.364421 0.747578 0.555269 435.679
0.173077 -0.640256 0.748409 62.9595
0.91499 -0.177385 -0.362393 111.799
0.364536 0.748417 0.554063 435.749
0.172938 -0.639067 0.749457 63.1546
0.914846 -0.177842 -0.362531 111.764
0.364927 0.748482 0.553718 435.831
0.172874 -0.638864 0.749645 63.0652
0.915079 -0.178845 -0.361449 111.792
0.364801 0.749163 0.552879 435.843
0.171905 -0.637785 0.750786 63.1044
0.915076 -0.179116 -0.361322 111.728
0.364817 0.749534 0.552365 435.873
0.171886 -0.637272 0.751225 63.1343
0.915344 -0.178773 -0.360812 111.711
0.364504 0.748645 0.553776 435.876
0.171119 -0.638413 0.750431 63.4926
0.91513 -0.178324 -0.361576 111.651
0.364792 0.748105 0.554316 435.858
0.171649 -0.639171 0.749665 63.5911
0.914803 -0.177689 -0.362715 111.7
0.365158 0.747637 0.554706 435.958
0.172614 -0.639895 0.748825 63.6083
0.914689 -0.177913 -0.362893 111.639
0.365396 0.747742 0.554408 436.013
0.172714 -0.63971 0.74896 63.7229
0.914286 -0.175795 -0.364935 111.642
0.366107 0.744149 0.558756 436.014
0.173339 -0.644468 0.744725 63.4995
0.913474 -0.175381 -0.36716 111.625
0.36736 0.743469 0.558839 436.106
0.174962 -0.645364 0.743568 63.4502
0.913027 -0.173714 -0.369059 111.485
0.368 0.741078 0.561586 436.172
0.175946 -0.648557 0.740551 63.5628
0.912983 -0.173107 -0.369453 111.472
0.367701 0.7415 0.561225 436.216
0.176797 -0.648237 0.740629 63.8371
0.913158 -0.172536 -0.369288 111.415
0.36746 0.740543 0.562645 436.28
0.176397 -0.649482 0.739633 63.7785
0.913512 -0.174773 -0.367355 111.352
0.36759 0.741471 0.561336 436.451
0.174277 -0.647823 0.741588 63.9212
0.913442 -0.174648 -0.36759 111.386
0.367617 0.741583 0.561171 436.54
0.174591 -0.647729 0.741596 64.119
0.911957 -0.172828 -0.372109 111.25
0.369439 0.740408 0.561526 436.829
0.178466 -0.649559 0.739069 64.0393
0.912475 -0.172834 -0.370833 111.17
0.368882 0.739582 0.562979 436.867
0.17696 -0.650498 0.738605 64.3205
0.91229 -0.172889 -0.371263 111.011
0.369013 0.740215 0.56206 436.955
0.17764 -0.649763 0.739089 64.5352
0.912833 -0.173455 -0.369661 110.961
0.368334 0.740545 0.56207 437.042
0.176257 -0.649235 0.739884 64.8572
0.913253 -0.174127 -0.368304 110.914
0.368116 0.740002 0.562928 437.189
0.174525 -0.649675 0.739908 64.6777
0.913084 -0.172239 -0.369609 110.737
0.368159 0.737916 0.565631 437.291
0.175316 -0.652544 0.737191 65.102
0.912929 -0.172419 -0.369909 110.748
0.368606 0.737416 0.565992 437.415
0.175189 -0.653061 0.736763 65.1264
0.912958 -0.172073 -0.369999 110.642
0.368696 0.736379 0.567282 437.581
0.174846 -0.654322 0.735725 65.3811
0.912952 -0.171519 -0.370271 110.553
0.368533 0.736177 0.56765 437.626
0.175222 -0.654694 0.735305 65.4354
0.912513 -0.172096 -0.371082 110.52
0.369597 0.735593 0.567716 437.667
0.175264 -0.655199 0.734844 65.385
0.911814 -0.171164 -0.373228 110.512
0.370233 0.735773 0.567068 437.743
0.177549 -0.655242 0.734258 65.6751
0.912258 -0.171502 -0.371985 110.457
0.369688 0.735801 0.567387 437.718
0.176399 -0.655122 0.734642 65.7569
0.911584 -0.171992 -0.373409 110.343
0.370884 0.735915 0.566457 437.88
0.177371 -0.654865 0.734637 65.7331
0.912118 -0.172511 -0.371861 110.353
0.370343 0.735695 0.567096 437.819
0.175746 -0.654975 0.734929 65.8386
0.91221 -0.172501 -0.371641 110.199
0.370231 0.735575 0.567325 437.884
0.175506 -0.655113 0.734864 66.1519
0.912105 -0.17356 -0.371405 110.11
0.370403 0.737145 0.565172 438.084
0.175688 -0.653065 0.736641 66.1327
0.911672 -0.174314 -0.372115 109.968
0.371174 0.737869 0.563719 438.162
0.176308 -0.652046 0.737395 66.3052
0.911593 -0.173987 -0.37246 109.981
0.371521 0.736529 0.565241 438.314
0.175983 -0.653647 0.736054 66.2457
0.911182 -0.173468 -0.373705 109.938
0.371873 0.736741 0.564733 438.257
0.17736 -0.653546 0.735813 66.636
0.910736 -0.172649 -0.37517 109.789
0.372161 0.736921 0.564309 438.359
0.179043 -0.65356 0.735393 66.7868
0.91028 -0.172799 -0.376206 109.695
0.373145 0.736056 0.564786 438.453
0.179314 -0.654493 0.734496 66.6904
0.910576 -0.172192 -0.375767 109.742
0.372766 0.734898 0.566543 438.415
0.178597 -0.655954 0.733368 66.7112
0.910397 -0.172649 -0.375992 109.704
0.373343 0.734458 0.566733 438.55
0.178305 -0.656326 0.733105 66.7178
0.91041 -0.171556 -0.37646 109.674
0.373158 0.733421 0.568197 438.632
0.178626 -0.657771 0.731731 66.7182
0.910223 -0.170693 -0.377303 109.542
0.37333 0.732521 0.569244 438.785
0.179216 -0.658997 0.730482 67.0277
0.910435 -0.170314 -0.376964 109.566
0.372935 0.732225 0.569882 438.833
0.178964 -0.659423 0.730159 67.0191
0.910948 -0.170238 -0.375755 109.548
0.372171 0.732056 0.570598 438.753
0.177937 -0.659631 0.730223 67.1384
0.910565 -0.170658 -0.376494 109.541
0.372945 0.731985 0.570184 438.916
0.178281 -0.659601 0.730166 67.1097
0.910548 -0.170379 -0.37666 109.403
0.373141 0.730926 0.571413 438.863
0.177954 -0.660846 0.729119 66.9431
0.909931 -0.170291 -0.378187 109.273
0.374127 0.730601 0.571184 438.983
0.179036 -0.661228 0.728507 67.2062
0.910152 -0.171538 -0.377091 109.283
0.373763 0.732594 0.568864 438.997
0.178673 -0.658696 0.730887 67.322
0.910467 -0.172132 -0.376058 109.211
0.3733 0.733446 0.56807 439.158
0.178035 -0.657592 0.732036 67.4209
0.910499 -0.171475 -0.376282 109.21
0.373223 0.732559 0.569264 439.145
0.178034 -0.658752 0.730992 67.4967
0.910535 -0.171203 -0.376319 109.35
0.373055 0.73257 0.56936 439.139
0.178204 -0.65881 0.730898 67.5249
0.909814 -0.170203 -0.378508 109.229
0.373932 0.731835 0.569731 439.155
0.180035 -0.659885 0.729478 67.4507
0.909698 -0.170725 -0.378553 109.165
0.374243 0.732119 0.569161 439.256
0.179976 -0.659436 0.7299 67.5231
0.909485 -0.17062 -0.379113 109.034
0.374803 0.731085 0.570121 439.35
0.17989 -0.660609 0.728859 67.442
0.909951 -0.170336 -0.378121 109.093
0.374052 0.730836 0.570933 439.148
0.179094 -0.660958 0.728739 67.6036
0.909387 -0.169731 -0.379745 109.017
0.374773 0.730395 0.571024 439.336
0.180443 -0.6616 0.727822 67.6461
0.909433 -0.169495 -0.379741 109.024
0.374582 0.730488 0.57103 439.396
0.18061 -0.661558 0.72782 67.7487
0.909172 -0.168502 -0.380806 109.028
0.374739 0.729858 0.571733 439.395
0.181596 -0.662506 0.726711 67.7688
0.90921 -0.168733 -0.380612 108.846
0.374608 0.730471 0.571035 439.536
0.181674 -0.661771 0.72736 67.9019
0.909326 -0.168735 -0.380335 108.812
0.374461 0.730376 0.571253 439.58
0.181397 -0.661876 0.727335 68.0242
0.908959 -0.167577 -0.381721 108.879
0.374589 0.730174 0.571428 439.578
0.182964 -0.662393 0.726471 68.2409
0.908779 -0.16807 -0.381933 108.674
0.37526 0.729455 0.571905 439.796
0.182483 -0.66306 0.725983 68.188
0.908957 -0.167902 -0.381584 108.637
0.374938 0.729406 0.572179 439.873
0.18226 -0.663156 0.725951 68.2918
0.909252 -0.168637 -0.380556 108.659
0.374496 0.730509 0.57106 439.946
0.181698 -0.661753 0.727371 68.415
0.911622 -0.170544 -0.373978 108.463
0.371156 0.732484 0.57071 440.094
0.176602 -0.659076 0.731047 68.8173
0.911711 -0.171646 -0.373256 108.496
0.371507 0.732342 0.570665 440.236
0.175399 -0.658949 0.731452 68.6556
0.910976 -0.170013 -0.37579 108.326
0.372032 0.732074 0.570667 440.331
0.178085 -0.65967 0.730152 69.0151
0.90986 -0.169893 -0.378539 108.283
0.373855 0.7314 0.570339 440.428
0.179966 -0.660447 0.728987 69.1286
0.909409 -0.170283 -0.379446 108.304
0.374595 0.731759 0.569393 440.448
0.180705 -0.659949 0.729255 69.3326
0.909235 -0.169594 -0.380169 108.221
0.374729 0.731185 0.570041 440.455
0.181298 -0.660762 0.728371 69.4324
0.908873 -0.169757 -0.380962 108.249
0.375277 0.731407 0.569395 440.54
0.18198 -0.660474 0.728462 69.4867
0.908939 -0.170438 -0.380501 108.081
0.375395 0.731642 0.569016 440.523
0.181408 -0.660039 0.728999 69.487
0.908756 -0.169701 -0.381267 108.058
0.375328 0.731775 0.568889 440.599
0.18246 -0.660081 0.728698 69.5695
0.908086 -0.169334 -0.383022 108.077
0.376289 0.731359 0.568789 440.679
0.183812 -0.660636 0.727855 69.59
0.907814 -0.168869 -0.383871 108.025
0.376587 0.731047 0.568993 440.743
0.184542 -0.6611 0.727249 69.6009
0.907639 -0.168398 -0.384492 108.016
0.376915 0.730106 0.569983 440.728
0.184736 -0.662259 0.726144 69.7208
0.907698 -0.16824 -0.384422 108.012
0.376701 0.730323 0.569847 440.787
0.184881 -0.662061 0.726288 69.7169
0.907737 -0.168126 -0.384379 107.99
0.376691 0.729983 0.570288 440.829
0.18471 -0.662464 0.725964 69.8007
0.907514 -0.167743 -0.385071 107.94
0.377149 0.728955 0.5713 440.836
0.184868 -0.663692 0.724801 69.4942
0.907788 -0.167797 -0.384402 107.964
0.376623 0.729465 0.570996 440.8
0.184596 -0.663118 0.725395 69.6915
0.907381 -0.167166 -0.385637 107.932
0.376973 0.729442 0.570794 440.885
0.185883 -0.663302 0.724899 69.813
0.907227 -0.168227 -0.385536 107.913
0.377319 0.73058 0.569107 440.921
0.185926 -0.66178 0.726277 69.8982
0.907247 -0.168526 -0.38536 107.888
0.377548 0.730103 0.569567 440.959
0.185366 -0.66223 0.72601 69.645
0.907152 -0.168135 -0.385754 107.853
0.377524 0.730113 0.569571 440.899
0.185879 -0.662318 0.725798 69.7187
0.90735 -0.168402 -0.385172 107.732
0.377212 0.730579 0.56918 440.915
0.185548 -0.661737 0.726413 69.9316
0.907412 -0.168928 -0.384794 107.707
0.377165 0.731193 0.568422 441.028
0.185336 -0.660924 0.727207 69.9594
0.907336 -0.169091 -0.384902 107.701
0.377292 0.731385 0.56809 441.054
0.185453 -0.660669 0.727409 70.0805
0.907349 -0.169657 -0.384622 107.685
0.377523 0.731325 0.568014 441.086
0.184917 -0.660591 0.727617 70.1664
0.906661 -0.168757 -0.386636 107.572
0.378334 0.730725 0.568248 441.126
0.186629 -0.661485 0.726366 70.2934
0.906548 -0.168749 -0.386903 107.451
0.378269 0.731525 0.56726 441.253
0.187305 -0.660602 0.726995 70.3478
0.906714 -0.170113 -0.385917 107.516
0.378639 0.731356 0.567231 441.29
0.18575 -0.66044 0.727541 70.137
0.906105 -0.170457 -0.387192 107.493
0.379382 0.732387 0.565402 441.468
0.187198 -0.659207 0.728288 70.5733
0.90608 -0.169672 -0.387596 107.421
0.379322 0.731579 0.566486 441.481
0.187441 -0.660305 0.72723 70.6516
0.906317 -0.168673 -0.387477 107.404
0.378905 0.73036 0.568335 441.511
0.187136 -0.661909 0.725849 70.7723
0.906094 -0.168539 -0.388058 107.481
0.37955 0.729046 0.569592 441.558
0.186914 -0.66339 0.724553 70.7114
0.90616 -0.168063 -0.388109 107.394
0.379328 0.728783 0.570074 441.611
0.187039 -0.663799 0.724146 70.7285
0.906005 -0.168182 -0.38842 107.374
0.379441 0.729367 0.569252 441.706
0.187563 -0.663128 0.724625 70.9076
0.906292 -0.168462 -0.387627 107.289
0.379319 0.728714 0.57017 441.84
0.186417 -0.663775 0.724328 70.8316
0.906953 -0.168487 -0.386068 107.257
0.378295 0.728928 0.570575 441.859
0.185281 -0.663533 0.724842 71.0981
0.907301 -0.169558 -0.38478 107.133
0.377816 0.730385 0.569027 442.069
0.184555 -0.661655 0.726741 71.3226
0.907214 -0.170857 -0.384409 107.139
0.378358 0.73082 0.568109 442.111
0.183868 -0.66084 0.727656 71.383
0.906273 -0.168755 -0.387544 107.017
0.378835 0.730959 0.567612 442.157
0.187491 -0.661227 0.726378 71.5635
0.905659 -0.168667 -0.389016 106.964
0.379706 0.730925 0.567073 442.279
0.188695 -0.661286 0.726013 71.7285
0.905745 -0.169746 -0.388346 106.834
0.379862 0.73151 0.566214 442.358
0.187966 -0.660363 0.727042 71.8167
0.905879 -0.169969 -0.387935 106.818
0.380038 0.730521 0.567371 442.354
0.18696 -0.661399 0.726359 71.6069
0.90608 -0.169516 -0.387664 106.847
0.379379 0.73115 0.567002 442.424
0.187325 -0.660821 0.726791 71.7757
0.906137 -0.169557 -0.387513 106.731
0.379535 0.730364 0.56791 442.445
0.186733 -0.661679 0.726163 71.7543
0.90578 -0.170262 -0.388038 106.737
0.380283 0.730597 0.56711 442.543
0.186942 -0.661241 0.726508 71.9026
0.9055 -0.169267 -0.389126 106.775
0.380384 0.730233 0.567511 442.571
0.188092 -0.661898 0.725612 71.9321
0.90534 -0.170217 -0.389082 106.656
0.380891 0.730649 0.566633 442.55
0.187832 -0.661194 0.726321 72.1023
0.905239 -0.168964 -0.389864 106.639
0.380839 0.72953 0.568108 442.64
0.188428 -0.662749 0.724747 71.9421
0.904983 -0.167557 -0.391063 106.68
0.380717 0.729211 0.568599 442.702
0.189895 -0.663457 0.723716 72.0421
0.905088 -0.167776 -0.390725 106.636
0.380932 0.728242 0.569697 442.757
0.188961 -0.664466 0.723034 72.1806
0.905865 -0.167248 -0.38915 106.518
0.379804 0.727441 0.571471 442.786
0.187506 -0.665476 0.722484 72.21
0.906217 -0.167551 -0.388198 106.661
0.379317 0.727778 0.571365 442.753
0.186789 -0.665031 0.723079 72.291
0.905587 -0.166271 -0.390214 106.513
0.37994 0.726969 0.57198 442.748
0.18857 -0.666236 0.721507 72.364
0.905564 -0.166646 -0.390106 106.482
0.380349 0.726188 0.5727 442.803
0.187852 -0.666993 0.720994 72.1433
0.905517 -0.167673 -0.389774 106.469
0.380667 0.726808 0.571702 442.909
0.187432 -0.66606 0.721965 72.2515
0.905072 -0.166393 -0.391353 106.426
0.380924 0.726331 0.572136 442.812
0.189053 -0.6669 0.720765 72.4262
0.905017 -0.166357 -0.391497 106.416
0.381128 0.725843 0.572619 442.868
0.188906 -0.66744 0.720304 72.2671
0.905381 -0.166545 -0.390573 106.353
0.380451 0.726629 0.572074 442.927
0.188526 -0.666539 0.721238 72.5099
0.905181 -0.166685 -0.390978 106.354
0.380606 0.727319 0.571091 443.031
0.189174 -0.66575 0.721797 72.3798
0.905361 -0.167555 -0.390187 106.329
0.38069 0.727364 0.570979 443.01
0.188138 -0.665482 0.722314 72.3785
0.905655 -0.167917 -0.38935 106.25
0.380359 0.727547 0.570966 442.992
0.187396 -0.665191 0.722775 72.419
0.906022 -0.16858 -0.388207 106.17
0.379896 0.728248 0.57038 443.028
0.186556 -0.664255 0.723852 72.5051
0.90588 -0.170201 -0.38783 106.257
0.380479 0.729289 0.568659 443.167
0.186054 -0.662698 0.725407 72.7441
0.905892 -0.169583 -0.388073 106.151
0.380438 0.728467 0.569739 443.109
0.18608 -0.66376 0.724428 72.5964
0.905631 -0.1689 -0.38898 106.212
0.380527 0.72851 0.569624 443.048
0.187166 -0.663887 0.724033 72.8144
0.905708 -0.168606 -0.388928 106.124
0.380395 0.728149 0.570174 443.106
0.187062 -0.664358 0.723627 72.7793
0.905528 -0.168998 -0.389176 106.175
0.380577 0.729009 0.568952 443.188
0.187562 -0.663314 0.724455 72.8705
0.905924 -0.168658 -0.388401 106.171
0.379971 0.728605 0.569874 443.164
0.186877 -0.663844 0.724146 72.7463
0.905733 -0.169076 -0.388667 106.077
0.380356 0.728847 0.569307 443.287
0.187022 -0.663472 0.72445 72.7821
0.90589 -0.16943 -0.388144 106.09
0.380307 0.728721 0.569501 443.308
0.186358 -0.66352 0.724577 72.7698
0.906165 -0.170059 -0.387228 106.04
0.379915 0.729606 0.56863 443.363
0.185823 -0.662386 0.725751 73.0709
0.906678 -0.170002 -0.386049 106.02
0.379121 0.72966 0.569091 443.404
0.184938 -0.662341 0.726018 73.1552
0.906897 -0.170973 -0.385106 105.93
0.37884 0.730943 0.567628 443.512
0.184442 -0.660674 0.727661 73.211
0.908008 -0.173511 -0.381334 105.921
0.377578 0.733325 0.565393 443.478
0.18154 -0.657365 0.731379 73.4624
0.908443 -0.175053 -0.37959 105.81
0.376842 0.735941 0.562477 443.565
0.180892 -0.654024 0.734528 73.5522
0.911512 -0.179073 -0.370241 105.532
0.372825 0.739835 0.56004 443.795
0.173629 -0.648519 0.741132 73.8414
0.911388 -0.178411 -0.370865 105.407
0.372821 0.739546 0.560425 443.781
0.174286 -0.649032 0.740529 73.7901
0.910955 -0.1784 -0.371934 105.445
0.373577 0.739151 0.560442 443.788
0.174933 -0.649484 0.739979 73.7534
0.910525 -0.178598 -0.37289 105.54
0.373991 0.740308 0.558637 443.868
0.176281 -0.64811 0.740863 73.9318
