0.337031 -0.924413 -0.178523 132.945
-0.539398 -0.345 0.768131 437.72
-0.771661 -0.162589 -0.614902 60.4966
0.337031 -0.924413 -0.178523 132.945
-0.539398 -0.345 0.768131 437.72
-0.771661 -0.162589 -0.614902 60.4966
0.336131 -0.924644 -0.179022 132.87
-0.53842 -0.344614 0.768989 437.72
-0.772735 -0.162092 -0.613683 60.539
0.336131 -0.924644 -0.179022 132.87
-0.53842 -0.344614 0.768989 437.72
-0.772735 -0.162092 -0.613683 60.539
0.336111 -0.924746 -0.178532 132.769
-0.539751 -0.344473 0.768119 437.731
-0.771815 -0.16181 -0.614914 60.3751
0.336111 -0.924746 -0.178532 132.769
-0.539751 -0.344473 0.768119 437.731
-0.771815 -0.16181 -0.614914 60.3751
0.337485 -0.924301 -0.178246 132.833
-0.539863 -0.345169 0.767728 437.768
-0.771137 -0.162868 -0.615485 60.3347
0.337485 -0.924301 -0.178246 132.833
-0.539863 -0.345169 0.767728 437.768
-0.771137 -0.162868 -0.615485 60.3347
0.336831 -0.924449 -0.178714 132.874
-0.539252 -0.344995 0.768236 437.858
-0.77185 -0.162394 -0.614716 60.4294
0.336831 -0.924449 -0.178714 132.874
-0.539252 -0.344995 0.768236 437.858
-0.77185 -0.162394 -0.614716 60.4294
0.339373 -0.9236 -0.178297 132.748
-0.541022 -0.34671 0.766216 437.85
-0.769494 -0.163571 -0.617352 60.606
0.339373 -0.9236 -0.178297 132.748
-0.541022 -0.34671 0.766216 437.85
-0.769494 -0.163571 -0.617352 60.606
0.339338 -0.923624 -0.178239 132.714
-0.541962 -0.346839 0.765493 437.869
-0.768848 -0.163162 -0.618265 60.5832
0.339338 -0.923624 -0.178239 132.714
-0.541962 -0.346839 0.765493 437.869
-0.768848 -0.163162 -0.618265 60.5832
0.339551 -0.923391 -0.179037 132.672
-0.541803 -0.347609 0.765257 437.918
-0.768866 -0.162841 -0.618327 60.886
0.339551 -0.923391 -0.179037 132.672
-0.541803 -0.347609 0.765257 437.918
-0.768866 -0.162841 -0.618327 60.886
0.340325 -0.923052 -0.179316 132.551
-0.542386 -0.34848 0.764447 438.001
-0.768112 -0.162902 -0.619247 60.8419
0.340325 -0.923052 -0.179316 132.551
-0.542386 -0.34848 0.764447 438.001
-0.768112 -0.162902 -0.619247 60.8419
0.342157 -0.922244 -0.179984 132.445
-0.541438 -0.350056 0.764399 438.236
-0.767967 -0.164094 -0.619112 61.1047
0.342157 -0.922244 -0.179984 132.445
-0.541438 -0.350056 0.764399 438.236
-0.767967 -0.164094 -0.619112 61.1047
0.343694 -0.921842 -0.179112 132.266
-0.544638 -0.351049 0.761666 438.277
-0.765013 -0.164229 -0.622724 61.0382
0.343694 -0.921842 -0.179112 132.266
-0.544638 -0.351049 0.761666 438.277
-0.765013 -0.164229 -0.622724 61.0382
0.344377 -0.921364 -0.180258 132.328
-0.544324 -0.352388 0.761271 438.36
-0.764929 -0.164046 -0.622875 61.0666
0.344377 -0.921364 -0.180258 132.328
-0.544324 -0.352388 0.761271 438.36
-0.764929 -0.164046 -0.622875 61.0666
0.345552 -0.921056 -0.17958 132.226
-0.543393 -0.352418 0.761923 438.328
-0.765061 -0.165702 -0.622274 61.5685
0.345552 -0.921056 -0.17958 132.226
-0.543393 -0.352418 0.761923 438.328
-0.765061 -0.165702 -0.622274 61.5685
0.346729 -0.920246 -0.181456 132.199
-0.54188 -0.354434 0.762065 438.562
-0.765601 -0.165903 -0.621556 61.5805
0.346729 -0.920246 -0.181456 132.199
-0.54188 -0.354434 0.762065 438.562
-0.765601 -0.165903 -0.621556 61.5805
0.347256 -0.920245 -0.180451 132.253
-0.541673 -0.353912 0.762455 438.485
-0.765509 -0.167022 -0.621369 61.5202
0.347256 -0.920245 -0.180451 132.253
-0.541673 -0.353912 0.762455 438.485
-0.765509 -0.167022 -0.621369 61.5202
0.347172 -0.920048 -0.181611 132.053
-0.541109 -0.354693 0.762492 438.699
-0.765946 -0.166445 -0.620986 61.6243
0.347172 -0.920048 -0.181611 132.053
-0.541109 -0.354693 0.762492 438.699
-0.765946 -0.166445 -0.620986 61.6243
0.34627 -0.920263 -0.182243 132.225
-0.541292 -0.354651 0.762381 438.718
-0.766224 -0.165343 -0.620937 61.3963
0.34627 -0.920263 -0.182243 132.225
-0.541292 -0.354651 0.762381 438.718
-0.766224 -0.165343 -0.620937 61.3963
0.34628 -0.920372 -0.181675 132.173
-0.54164 -0.354262 0.762315 438.629
-0.765974 -0.165573 -0.621184 61.6519
0.34628 -0.920372 -0.181675 132.173
-0.54164 -0.354262 0.762315 438.629
-0.765974 -0.165573 -0.621184 61.6519
0.347028 -0.920088 -0.181684 132.032
-0.541152 -0.354666 0.762474 438.734
-0.76598 -0.166281 -0.620987 61.873
0.347028 -0.920088 -0.181684 132.032
-0.541152 -0.354666 0.762474 438.734
-0.76598 -0.166281 -0.620987 61.873
0.347407 -0.920058 -0.181112 132.016
-0.542665 -0.354776 0.761347 438.711
-0.764738 -0.166214 -0.622535 61.922
0.347407 -0.920058 -0.181112 132.016
-0.542665 -0.354776 0.761347 438.711
-0.764738 -0.166214 -0.622535 61.922
0.347407 -0.920058 -0.181112 132.016
-0.542665 -0.354776 0.761347 438.711
-0.764738 -0.166214 -0.622535 61.922
0.349117 -0.919464 -0.180841 132.007
-0.544272 -0.356056 0.7596 438.811
-0.762814 -0.166763 -0.624743 61.817
0.349117 -0.919464 -0.180841 132.007
-0.544272 -0.356056 0.7596 438.811
-0.762814 -0.166763 -0.624743 61.817
0.349642 -0.919286 -0.180731 132.065
-0.543793 -0.356216 0.759868 438.873
-0.762915 -0.167401 -0.62445 61.7151
0.349642 -0.919286 -0.180731 132.065
-0.543793 -0.356216 0.759868 438.873
-0.762915 -0.167401 -0.62445 61.7151
0.349689 -0.91924 -0.180874 132.029
-0.543371 -0.356274 0.760142 438.924
-0.763194 -0.167532 -0.624074 61.7082
0.349689 -0.91924 -0.180874 132.029
-0.543371 -0.356274 0.760142 438.924
-0.763194 -0.167532 -0.624074 61.7082
0.349569 -0.919189 -0.181364 131.951
-0.543576 -0.356642 0.759823 439.036
-0.763103 -0.167026 -0.62432 61.8092
0.349569 -0.919189 -0.181364 131.951
-0.543576 -0.356642 0.759823 439.036
-0.763103 -0.167026 -0.62432 61.8092
0.348932 -0.919307 -0.181992 131.842
-0.541618 -0.356304 0.761378 439.126
-0.764785 -0.167099 -0.622239 62.1328
0.348932 -0.919307 -0.181992 131.842
-0.541618 -0.356304 0.761378 439.126
-0.764785 -0.167099 -0.622239 62.1328
0.346866 -0.919963 -0.182625 131.846
-0.540566 -0.35521 0.762636 439.16
-0.766467 -0.165812 -0.620512 62.1638
0.346866 -0.919963 -0.182625 131.846
-0.540566 -0.35521 0.762636 439.16
-0.766467 -0.165812 -0.620512 62.1638
0.348555 -0.919601 -0.181229 131.841
-0.541336 -0.355356 0.762022 439.215
-0.765157 -0.167501 -0.621674 62.3758
0.348555 -0.919601 -0.181229 131.841
-0.541336 -0.355356 0.762022 439.215
-0.765157 -0.167501 -0.621674 62.3758
0.349215 -0.919496 -0.18049 131.745
-0.543723 -0.355713 0.760154 439.263
-0.763161 -0.16732 -0.624171 62.3024
0.349215 -0.919496 -0.18049 131.745
-0.543723 -0.355713 0.760154 439.263
-0.763161 -0.16732 -0.624171 62.3024
0.352628 -0.918536 -0.178735 131.7
-0.546497 -0.357194 0.757465 439.388
-0.759602 -0.169425 -0.627934 62.1775
0.352628 -0.918536 -0.178735 131.7
-0.546497 -0.357194 0.757465 439.388
-0.759602 -0.169425 -0.627934 62.1775
0.352762 -0.918368 -0.17933 131.557
-0.547729 -0.35805 0.75617 439.377
-0.758651 -0.168524 -0.629323 62.3565
0.352762 -0.918368 -0.17933 131.557
-0.547729 -0.35805 0.75617 439.377
-0.758651 -0.168524 -0.629323 62.3565
0.353531 -0.91826 -0.178364 131.673
-0.548884 -0.358039 0.755337 439.397
-0.757457 -0.169134 -0.630597 62.4231
0.353531 -0.91826 -0.178364 131.673
-0.548884 -0.358039 0.755337 439.397
-0.757457 -0.169134 -0.630597 62.4231
0.354895 -0.917817 -0.177935 131.555
-0.550434 -0.358969 0.753766 439.54
-0.755693 -0.169567 -0.632595 62.6075
0.354895 -0.917817 -0.177935 131.555
-0.550434 -0.358969 0.753766 439.54
-0.755693 -0.169567 -0.632595 62.6075
0.354895 -0.917817 -0.177935 131.555
-0.550434 -0.358969 0.753766 439.54
-0.755693 -0.169567 -0.632595 62.6075
0.354895 -0.917817 -0.177935 131.555
-0.550434 -0.358969 0.753766 439.54
-0.755693 -0.169567 -0.632595 62.6075
0.357161 -0.917126 -0.176965 131.496
-0.551254 -0.359919 0.752713 439.789
-0.754026 -0.171287 -0.634118 62.585
0.357161 -0.917126 -0.176965 131.496
-0.551254 -0.359919 0.752713 439.789
-0.754026 -0.171287 -0.634118 62.585
0.356868 -0.917443 -0.175908 131.586
-0.552239 -0.359073 0.752395 439.637
-0.753444 -0.171362 -0.63479 62.7967
0.356868 -0.917443 -0.175908 131.586
-0.552239 -0.359073 0.752395 439.637
-0.753444 -0.171362 -0.63479 62.7967
0.356906 -0.917264 -0.176761 131.476
-0.552716 -0.359906 0.751647 439.803
-0.753076 -0.170568 -0.635439 62.6597
0.356906 -0.917264 -0.176761 131.476
-0.552716 -0.359906 0.751647 439.803
-0.753076 -0.170568 -0.635439 62.6597
0.359026 -0.916717 -0.175298 131.41
-0.553659 -0.360392 0.750719 439.891
-0.751373 -0.172472 -0.636939 62.8989
0.359026 -0.916717 -0.175298 131.41
-0.553659 -0.360392 0.750719 439.891
-0.751373 -0.172472 -0.636939 62.8989
0.360487 -0.916345 -0.174244 131.357
-0.555146 -0.360889 0.749381 439.948
-0.749574 -0.173411 -0.638801 63.0574
0.360487 -0.916345 -0.174244 131.357
-0.555146 -0.360889 0.749381 439.948
-0.749574 -0.173411 -0.638801 63.0574
0.361567 -0.916006 -0.173786 131.28
-0.554385 -0.361089 0.749848 440.053
-0.749618 -0.174776 -0.638378 63.4272
0.361567 -0.916006 -0.173786 131.28
-0.554385 -0.361089 0.749848 440.053
-0.749618 -0.174776 -0.638378 63.4272
0.361104 -0.916098 -0.174266 131.343
-0.555097 -0.361325 0.749207 440.098
-0.749314 -0.173807 -0.638999 63.2927
0.361104 -0.916098 -0.174266 131.343
-0.555097 -0.361325 0.749207 440.098
-0.749314 -0.173807 -0.638999 63.2927
0.361037 -0.916158 -0.174089 131.156
-0.555878 -0.361315 0.748633 440.138
-0.748767 -0.173512 -0.63972 63.1761
0.361037 -0.916158 -0.174089 131.156
-0.555878 -0.361315 0.748633 440.138
-0.748767 -0.173512 -0.63972 63.1761
0.362139 -0.915829 -0.173531 131.157
-0.555776 -0.361604 0.748569 440.165
-0.74831 -0.174641 -0.639947 63.2297
0.362139 -0.915829 -0.173531 131.157
-0.555776 -0.361604 0.748569 440.165
-0.74831 -0.174641 -0.639947 63.2297
0.361947 -0.915546 -0.175415 131.169
-0.553882 -0.362571 0.749505 440.284
-0.749806 -0.174122 -0.638336 63.5342
0.361947 -0.915546 -0.175415 131.169
-0.553882 -0.362571 0.749505 440.284
-0.749806 -0.174122 -0.638336 63.5342
0.363353 -0.915136 -0.174645 131.207
-0.552655 -0.362633 0.75038 440.387
-0.750032 -0.176134 -0.637518 63.8903
0.363353 -0.915136 -0.174645 131.207
-0.552655 -0.362633 0.75038 440.387
-0.750032 -0.176134 -0.637518 63.8903
0.362289 -0.915382 -0.175563 131.025
-0.55339 -0.362816 0.749749 440.466
-0.750004 -0.174471 -0.638007 63.6653
0.362289 -0.915382 -0.175563 131.025
-0.55339 -0.362816 0.749749 440.466
-0.750004 -0.174471 -0.638007 63.6653
0.362583 -0.915296 -0.175403 131.033
-0.553159 -0.362836 0.74991 440.369
-0.750032 -0.174879 -0.637863 63.7433
0.362583 -0.915296 -0.175403 131.033
-0.553159 -0.362836 0.74991 440.369
-0.750032 -0.174879 -0.637863 63.7433
0.363788 -0.914925 -0.174845 131.051
-0.551236 -0.362766 0.751358 440.432
-0.750865 -0.176954 -0.636309 64.0361
0.363788 -0.914925 -0.174845 131.051
-0.551236 -0.362766 0.751358 440.432
-0.750865 -0.176954 -0.636309 64.0361
0.362506 -0.915374 -0.175158 131.176
-0.552699 -0.362475 0.750424 440.477
-0.750409 -0.175223 -0.637325 63.643
0.362506 -0.915374 -0.175158 131.176
-0.552699 -0.362475 0.750424 440.477
-0.750409 -0.175223 -0.637325 63.643
0.363352 -0.914893 -0.175915 130.982
-0.551471 -0.363397 0.750881 440.504
-0.750903 -0.175822 -0.636578 63.8063
0.363352 -0.914893 -0.175915 130.982
-0.551471 -0.363397 0.750881 440.504
-0.750903 -0.175822 -0.636578 63.8063
0.362988 -0.915232 -0.174901 130.851
-0.551455 -0.362307 0.75142 440.507
-0.751091 -0.176306 -0.636222 63.8977
0.362988 -0.915232 -0.174901 130.851
-0.551455 -0.362307 0.75142 440.507
-0.751091 -0.176306 -0.636222 63.8977
0.364252 -0.914798 -0.174542 130.914
-0.553535 -0.363383 0.749368 440.494
-0.748946 -0.176343 -0.638735 63.6016
0.364252 -0.914798 -0.174542 130.914
-0.553535 -0.363383 0.749368 440.494
-0.748946 -0.176343 -0.638735 63.6016
0.364781 -0.914605 -0.174449 130.761
-0.552235 -0.36337 0.750332 440.51
-0.749647 -0.17737 -0.637628 63.9763
0.364781 -0.914605 -0.174449 130.761
-0.552235 -0.36337 0.750332 440.51
-0.749647 -0.17737 -0.637628 63.9763
0.366143 -0.913965 -0.174951 130.849
-0.551737 -0.364614 0.750095 440.645
-0.74935 -0.178115 -0.637769 63.7737
0.366143 -0.913965 -0.174951 130.849
-0.551737 -0.364614 0.750095 440.645
-0.74935 -0.178115 -0.637769 63.7737
0.365922 -0.914349 -0.173399 130.892
-0.554034 -0.363734 0.748829 440.544
-0.747762 -0.177944 -0.639678 63.7486
0.365922 -0.914349 -0.173399 130.892
-0.554034 -0.363734 0.748829 440.544
-0.747762 -0.177944 -0.639678 63.7486
0.367243 -0.913996 -0.172465 130.813
-0.554612 -0.364034 0.748255 440.636
-0.746685 -0.17914 -0.640601 63.976
0.367243 -0.913996 -0.172465 130.813
-0.554612 -0.364034 0.748255 440.636
-0.746685 -0.17914 -0.640601 63.976
0.367894 -0.913783 -0.172203 130.798
-0.553959 -0.364119 0.748697 440.607
-0.746849 -0.180048 -0.640156 64.2356
0.367894 -0.913783 -0.172203 130.798
-0.553959 -0.364119 0.748697 440.607
-0.746849 -0.180048 -0.640156 64.2356
0.365701 -0.914637 -0.172346 130.775
-0.554881 -0.362918 0.748597 440.72
-0.747242 -0.178131 -0.640234 64.1716
0.365701 -0.914637 -0.172346 130.775
-0.554881 -0.362918 0.748597 440.72
-0.747242 -0.178131 -0.640234 64.1716
0.363383 -0.915159 -0.174461 130.725
-0.553055 -0.362597 0.750103 440.883
-0.749722 -0.176088 -0.637895 64.1983
0.363383 -0.915159 -0.174461 130.725
-0.553055 -0.362597 0.750103 440.883
-0.749722 -0.176088 -0.637895 64.1983
0.363176 -0.915331 -0.173991 130.654
-0.55272 -0.361989 0.750643 440.916
-0.750069 -0.176447 -0.637388 64.366
0.363176 -0.915331 -0.173991 130.654
-0.55272 -0.361989 0.750643 440.916
-0.750069 -0.176447 -0.637388 64.366
0.362128 -0.915232 -0.176674 130.514
-0.550148 -0.362861 0.75211 441.082
-0.752463 -0.175163 -0.634915 64.5497
0.362128 -0.915232 -0.176674 130.514
-0.550148 -0.362861 0.75211 441.082
-0.752463 -0.175163 -0.634915 64.5497
0.360361 -0.915524 -0.178764 130.434
-0.5478 -0.362815 0.753844 441.12
-0.75502 -0.173729 -0.632268 64.6106
0.360361 -0.915524 -0.178764 130.434
-0.5478 -0.362815 0.753844 441.12
-0.75502 -0.173729 -0.632268 64.6106
0.361909 -0.915178 -0.177403 130.413
-0.549887 -0.363248 0.752114 441.316
-0.752759 -0.174645 -0.634707 64.5447
0.361909 -0.915178 -0.177403 130.413
-0.549887 -0.363248 0.752114 441.316
-0.752759 -0.174645 -0.634707 64.5447
0.36217 -0.91528 -0.176338 130.329
-0.549533 -0.362471 0.752747 441.436
-0.752892 -0.175719 -0.634253 64.8634
0.36217 -0.91528 -0.176338 130.329
-0.549533 -0.362471 0.752747 441.436
-0.752892 -0.175719 -0.634253 64.8634
0.361244 -0.915459 -0.177305 130.428
-0.550226 -0.362785 0.752089 441.396
-0.75283 -0.17413 -0.634764 64.7835
0.361244 -0.915459 -0.177305 130.428
-0.550226 -0.362785 0.752089 441.396
-0.75283 -0.17413 -0.634764 64.7835
0.361721 -0.915455 -0.176353 130.262
-0.551018 -0.362518 0.751638 441.482
-0.752022 -0.174709 -0.635563 64.8601
0.361721 -0.915455 -0.176353 130.262
-0.551018 -0.362518 0.751638 441.482
-0.752022 -0.174709 -0.635563 64.8601
0.361543 -0.91538 -0.177102 130.256
-0.550402 -0.362866 0.751921 441.537
-0.752558 -0.174375 -0.635019 65.2667
0.361543 -0.91538 -0.177102 130.256
-0.550402 -0.362866 0.751921 441.537
-0.752558 -0.174375 -0.635019 65.2667
0.362988 -0.915183 -0.175157 130.303
-0.553243 -0.362936 0.7498 441.467
-0.749775 -0.175264 -0.63806 64.979
0.362988 -0.915183 -0.175157 130.303
-0.553243 -0.362936 0.7498 441.467
-0.749775 -0.175264 -0.63806 64.979
0.364076 -0.914774 -0.175035 130.23
-0.553527 -0.363662 0.749238 441.612
-0.749037 -0.175893 -0.638753 65.1603
0.364076 -0.914774 -0.175035 130.23
-0.553527 -0.363662 0.749238 441.612
-0.749037 -0.175893 -0.638753 65.1603
0.364498 -0.914536 -0.1754 130.15
-0.553262 -0.364194 0.749175 441.659
-0.749027 -0.17603 -0.638726 65.2564
0.364498 -0.914536 -0.1754 130.15
-0.553262 -0.364194 0.749175 441.659
-0.749027 -0.17603 -0.638726 65.2564
0.36382 -0.914788 -0.175493 130.117
-0.553923 -0.363952 0.748804 441.658
-0.748868 -0.17522 -0.639135 65.2611
0.36382 -0.914788 -0.175493 130.117
-0.553923 -0.363952 0.748804 441.658
-0.748868 -0.17522 -0.639135 65.2611
0.363506 -0.914696 -0.176622 130.111
-0.55357 -0.364574 0.748763 441.862
-0.749282 -0.174407 -0.638873 65.3353
0.363506 -0.914696 -0.176622 130.111
-0.55357 -0.364574 0.748763 441.862
-0.749282 -0.174407 -0.638873 65.3353
0.363506 -0.914696 -0.176622 130.111
-0.55357 -0.364574 0.748763 441.862
-0.749282 -0.174407 -0.638873 65.3353
0.363697 -0.914769 -0.175848 130.079
-0.553184 -0.363983 0.749335 441.901
-0.749474 -0.175255 -0.638415 65.4407
0.363697 -0.914769 -0.175848 130.079
-0.553184 -0.363983 0.749335 441.901
-0.749474 -0.175255 -0.638415 65.4407
0.361524 -0.915435 -0.176858 129.936
-0.554989 -0.363712 0.748132 441.824
-0.749192 -0.172314 -0.639547 65.2862
0.361524 -0.915435 -0.176858 129.936
-0.554989 -0.363712 0.748132 441.824
-0.749192 -0.172314 -0.639547 65.2862
0.36231 -0.915317 -0.17586 130.027
-0.554222 -0.363267 0.748916 441.834
-0.749379 -0.173874 -0.638904 65.69
0.36231 -0.915317 -0.17586 130.027
-0.554222 -0.363267 0.748916 441.834
-0.749379 -0.173874 -0.638904 65.69
0.363065 -0.914899 -0.176473 129.956
-0.553859 -0.364211 0.748726 442.019
-0.749282 -0.174095 -0.638958 65.5837
0.363065 -0.914899 -0.176473 129.956
-0.553859 -0.364211 0.748726 442.019
-0.749282 -0.174095 -0.638958 65.5837
0.362928 -0.914966 -0.17641 129.877
-0.554092 -0.364118 0.748599 441.983
-0.749177 -0.173941 -0.639124 65.7361
0.362928 -0.914966 -0.17641 129.877
-0.554092 -0.364118 0.748599 441.983
-0.749177 -0.173941 -0.639124 65.7361
0.361534 -0.915258 -0.177753 129.953
-0.55253 -0.363885 0.749866 442.104
-0.751002 -0.172888 -0.637264 65.9338
0.361534 -0.915258 -0.177753 129.953
-0.55253 -0.363885 0.749866 442.104
-0.751002 -0.172888 -0.637264 65.9338
0.360551 -0.915509 -0.178457 129.8
-0.552511 -0.363775 0.749933 442.187
-0.751488 -0.17179 -0.636988 65.9521
0.360551 -0.915509 -0.178457 129.8
-0.552511 -0.363775 0.749933 442.187
-0.751488 -0.17179 -0.636988 65.9521
0.36287 -0.914812 -0.177325 129.763
-0.553001 -0.364574 0.749183 442.305
-0.75001 -0.173796 -0.638185 65.8749
0.36287 -0.914812 -0.177325 129.763
-0.553001 -0.364574 0.749183 442.305
-0.75001 -0.173796 -0.638185 65.8749
0.364103 -0.914324 -0.177316 129.671
-0.552735 -0.365364 0.748995 442.448
-0.749609 -0.174702 -0.638409 65.9265
0.364103 -0.914324 -0.177316 129.671
-0.552735 -0.365364 0.748995 442.448
-0.749609 -0.174702 -0.638409 65.9265
0.364238 -0.914448 -0.176395 129.624
-0.554104 -0.365023 0.748149 442.38
-0.748531 -0.174763 -0.639655 65.9825
0.364238 -0.914448 -0.176395 129.624
-0.554104 -0.365023 0.748149 442.38
-0.748531 -0.174763 -0.639655 65.9825
0.363209 -0.91463 -0.177571 129.539
-0.552482 -0.364891 0.749412 442.479
-0.750229 -0.174088 -0.637848 66.2458
0.363209 -0.91463 -0.177571 129.539
-0.552482 -0.364891 0.749412 442.479
-0.750229 -0.174088 -0.637848 66.2458
0.362783 -0.914889 -0.177107 129.473
-0.553581 -0.364469 0.748806 442.493
-0.749624 -0.173611 -0.638688 66.2998
0.362783 -0.914889 -0.177107 129.473
-0.553581 -0.364469 0.748806 442.493
-0.749624 -0.173611 -0.638688 66.2998
0.362783 -0.914889 -0.177107 129.473
-0.553581 -0.364469 0.748806 442.493
-0.749624 -0.173611 -0.638688 66.2998
0.363437 -0.914468 -0.177936 129.514
-0.552484 -0.365349 0.749187 442.718
-0.750117 -0.173976 -0.63801 66.1919
0.363437 -0.914468 -0.177936 129.514
-0.552484 -0.365349 0.749187 442.718
-0.750117 -0.173976 -0.63801 66.1919
0.362386 -0.91507 -0.176984 129.463
-0.554725 -0.364356 0.748014 442.513
-0.748971 -0.172892 -0.639649 66.3106
0.362386 -0.91507 -0.176984 129.463
-0.554725 -0.364356 0.748014 442.513
-0.748971 -0.172892 -0.639649 66.3106
0.362731 -0.915006 -0.17661 129.393
-0.555302 -0.364424 0.747552 442.685
-0.748376 -0.173088 -0.640292 66.2809
0.362731 -0.915006 -0.17661 129.393
-0.555302 -0.364424 0.747552 442.685
-0.748376 -0.173088 -0.640292 66.2809
0.362393 -0.91499 -0.177385 129.367
-0.554063 -0.364536 0.748417 442.748
-0.749457 -0.172938 -0.639067 66.475
0.362393 -0.91499 -0.177385 129.367
-0.554063 -0.364536 0.748417 442.748
-0.749457 -0.172938 -0.639067 66.475
0.362801 -0.914792 -0.177571 129.324
-0.553793 -0.36491 0.748435 442.828
-0.749459 -0.173195 -0.638995 66.4222
0.362801 -0.914792 -0.177571 129.324
-0.553793 -0.36491 0.748435 442.828
-0.749459 -0.173195 -0.638995 66.4222
0.361561 -0.91504 -0.178818 129.351
-0.553448 -0.364987 0.748651 442.875
-0.750312 -0.171717 -0.638393 66.2481
0.361561 -0.91504 -0.178818 129.351
-0.553448 -0.364987 0.748651 442.875
-0.750312 -0.171717 -0.638393 66.2481
0.361293 -0.915133 -0.178882 129.377
-0.552084 -0.364541 0.749876 442.81
-0.751446 -0.172167 -0.636936 66.6239
0.361293 -0.915133 -0.178882 129.377
-0.552084 -0.364541 0.749876 442.81
-0.751446 -0.172167 -0.636936 66.6239
0.361334 -0.915051 -0.179216 129.263
-0.552486 -0.364935 0.749387 442.907
-0.75113 -0.171765 -0.637417 66.353
0.361334 -0.915051 -0.179216 129.263
-0.552486 -0.364935 0.749387 442.907
-0.75113 -0.171765 -0.637417 66.353
0.360793 -0.915355 -0.178757 129.286
-0.553821 -0.364488 0.748619 442.874
-0.750407 -0.171097 -0.638448 66.793
0.360793 -0.915355 -0.178757 129.286
-0.553821 -0.364488 0.748619 442.874
-0.750407 -0.171097 -0.638448 66.793
0.361416 -0.91517 -0.178442 129.209
-0.554228 -0.364757 0.748187 442.851
-0.749807 -0.171509 -0.639042 66.892
0.361416 -0.91517 -0.178442 129.209
-0.554228 -0.364757 0.748187 442.851
-0.749807 -0.171509 -0.639042 66.892
0.36261 -0.91487 -0.177556 129.302
-0.554883 -0.365016 0.747575 442.933
-0.748745 -0.172555 -0.640004 66.8534
0.36261 -0.91487 -0.177556 129.302
-0.554883 -0.365016 0.747575 442.933
-0.748745 -0.172555 -0.640004 66.8534
0.362893 -0.914689 -0.177913 129.201
-0.554408 -0.365396 0.747742 443.028
-0.74896 -0.172714 -0.63971 67.039
0.362893 -0.914689 -0.177913 129.201
-0.554408 -0.365396 0.747742 443.028
-0.74896 -0.172714 -0.63971 67.039
0.362893 -0.914689 -0.177913 129.201
-0.554408 -0.365396 0.747742 443.028
-0.74896 -0.172714 -0.63971 67.039
0.362893 -0.914689 -0.177913 129.201
-0.554408 -0.365396 0.747742 443.028
-0.74896 -0.172714 -0.63971 67.039
0.36433 -0.914493 -0.175971 129.194
-0.558764 -0.365827 0.744281 443.017
-0.745014 -0.172838 -0.644267 66.7478
0.36433 -0.914493 -0.175971 129.194
-0.558764 -0.365827 0.744281 443.017
-0.745014 -0.172838 -0.644267 66.7478
0.366185 -0.913856 -0.175429 129.2
-0.558739 -0.366687 0.743876 443.097
-0.744123 -0.174378 -0.644882 66.9927
0.366185 -0.913856 -0.175429 129.2
-0.558739 -0.366687 0.743876 443.097
-0.744123 -0.174378 -0.644882 66.9927
0.367543 -0.913324 -0.175362 129.15
-0.558878 -0.367624 0.743309 443.183
-0.743349 -0.175192 -0.645554 66.7375
0.367543 -0.913324 -0.175362 129.15
-0.558878 -0.367624 0.743309 443.183
-0.743349 -0.175192 -0.645554 66.7375
0.369059 -0.913027 -0.173714 129.015
-0.561586 -0.368 0.741078 443.237
-0.740551 -0.175946 -0.648557 66.9409
0.369059 -0.913027 -0.173714 129.015
-0.561586 -0.368 0.741078 443.237
-0.740551 -0.175946 -0.648557 66.9409
0.369463 -0.912967 -0.173169 129.005
-0.561076 -0.367724 0.741602 443.276
-0.740737 -0.176834 -0.648104 67.2449
0.369463 -0.912967 -0.173169 129.005
-0.561076 -0.367724 0.741602 443.276
-0.740737 -0.176834 -0.648104 67.2449
0.369323 -0.913177 -0.172359 128.948
-0.563026 -0.367431 0.740268 443.264
-0.739326 -0.176355 -0.649843 67.0709
0.369323 -0.913177 -0.172359 128.948
-0.563026 -0.367431 0.740268 443.264
-0.739326 -0.176355 -0.649843 67.0709
0.369207 -0.913113 -0.172948 128.944
-0.561762 -0.367525 0.741181 443.501
-0.740344 -0.176494 -0.648645 67.384
0.369207 -0.913113 -0.172948 128.944
-0.561762 -0.367525 0.741181 443.501
-0.740344 -0.176494 -0.648645 67.384
0.366389 -0.913718 -0.175722 128.864
-0.561114 -0.367625 0.741622 443.512
-0.742233 -0.173122 -0.647394 67.2066
0.366389 -0.913718 -0.175722 128.864
-0.561114 -0.367625 0.741622 443.512
-0.742233 -0.173122 -0.647394 67.2066
0.367681 -0.913421 -0.174567 128.929
-0.561175 -0.367617 0.74158 443.605
-0.741548 -0.174703 -0.647754 67.4912
0.367681 -0.913421 -0.174567 128.929
-0.561175 -0.367617 0.74158 443.605
-0.741548 -0.174703 -0.647754 67.4912
0.372109 -0.911957 -0.172828 128.76
-0.561526 -0.369439 0.740408 443.923
-0.739069 -0.178466 -0.649559 67.4659
0.372109 -0.911957 -0.172828 128.76
-0.561526 -0.369439 0.740408 443.923
-0.739069 -0.178466 -0.649559 67.4659
0.371526 -0.912362 -0.171942 128.721
-0.563579 -0.368798 0.739166 443.901
-0.737799 -0.177716 -0.651206 67.6808
0.371526 -0.912362 -0.171942 128.721
-0.563579 -0.368798 0.739166 443.901
-0.737799 -0.177716 -0.651206 67.6808
0.370295 -0.912562 -0.173527 128.664
-0.562512 -0.368948 0.739904 443.988
-0.739231 -0.176372 -0.649947 67.7471
0.370794 -0.912569 -0.172424 128.612
-0.562459 -0.368397 0.740218 443.88
-0.73902 -0.177488 -0.649882 67.8699
0.370794 -0.912569 -0.172424 128.612
-0.562459 -0.368397 0.740218 443.88
-0.73902 -0.177488 -0.649882 67.8699
0.371602 -0.912088 -0.173227 128.466
-0.561771 -0.369459 0.740212 444.156
-0.739139 -0.17775 -0.649676 68.001
0.371602 -0.912088 -0.173227 128.466
-0.561771 -0.369459 0.740212 444.156
-0.739139 -0.17775 -0.649676 68.001
0.369633 -0.912844 -0.173459 128.488
-0.562074 -0.368317 0.74055 444.114
-0.739894 -0.176235 -0.649228 68.2448
0.369633 -0.912844 -0.173459 128.488
-0.562074 -0.368317 0.74055 444.114
-0.739894 -0.176235 -0.649228 68.2448
0.368304 -0.913253 -0.174127 128.449
-0.562928 -0.368116 0.740002 444.257
-0.739908 -0.174525 -0.649675 68.0286
0.368304 -0.913253 -0.174127 128.449
-0.562928 -0.368116 0.740002 444.257
-0.739908 -0.174525 -0.649675 68.0286
0.369618 -0.913085 -0.172219 128.269
-0.565632 -0.368149 0.737921 444.355
-0.737186 -0.175336 -0.652544 68.4716
0.369618 -0.913085 -0.172219 128.269
-0.565632 -0.368149 0.737921 444.355
-0.737186 -0.175336 -0.652544 68.4716
0.369328 -0.913077 -0.172878 128.235
-0.565621 -0.368472 0.737768 444.495
-0.73734 -0.174695 -0.652543 68.3605
0.369328 -0.913077 -0.172878 128.235
-0.565621 -0.368472 0.737768 444.495
-0.73734 -0.174695 -0.652543 68.3605
0.370686 -0.912729 -0.171806 128.331
-0.566488 -0.368785 0.736946 444.488
-0.735991 -0.17585 -0.653753 68.6633
0.370686 -0.912729 -0.171806 128.331
-0.566488 -0.368785 0.736946 444.488
-0.735991 -0.17585 -0.653753 68.6633
0.369786 -0.913028 -0.172155 128.122
-0.567528 -0.368669 0.736203 444.713
-0.735643 -0.174535 -0.654498 68.7612
0.369786 -0.913028 -0.172155 128.122
-0.567528 -0.368669 0.736203 444.713
-0.735643 -0.174535 -0.654498 68.7612
0.370271 -0.912952 -0.171519 128.081
-0.56765 -0.368533 0.736177 444.701
-0.735305 -0.175222 -0.654694 68.7997
0.370271 -0.912952 -0.171519 128.081
-0.56765 -0.368533 0.736177 444.701
-0.735305 -0.175222 -0.654694 68.7997
0.370352 -0.912732 -0.172513 128.045
-0.56786 -0.369442 0.735559 444.769
-0.735102 -0.174452 -0.655127 68.6343
0.370352 -0.912732 -0.172513 128.045
-0.56786 -0.369442 0.735559 444.769
-0.735102 -0.174452 -0.655127 68.6343
0.372242 -0.912166 -0.171434 128.034
-0.567487 -0.369842 0.735646 444.756
-0.734435 -0.176552 -0.655313 68.9338
0.372242 -0.912166 -0.171434 128.034
-0.567487 -0.369842 0.735646 444.756
-0.734435 -0.176552 -0.655313 68.9338
0.373684 -0.91165 -0.171039 128.012
-0.566874 -0.370414 0.735831 444.895
-0.734176 -0.178011 -0.655208 69.1536
0.373684 -0.91165 -0.171039 128.012
-0.566874 -0.370414 0.735831 444.895
-0.734176 -0.178011 -0.655208 69.1536
0.371632 -0.912384 -0.171598 127.965
-0.567494 -0.369537 0.735794 444.799
-0.734738 -0.176064 -0.655104 69.1417
0.371632 -0.912384 -0.171598 127.965
-0.567494 -0.369537 0.735794 444.799
-0.734738 -0.176064 -0.655104 69.1417
0.373409 -0.911584 -0.171992 127.845
-0.566457 -0.370884 0.735915 445.001
-0.734637 -0.177371 -0.654865 69.1386
0.373409 -0.911584 -0.171992 127.845
-0.566457 -0.370884 0.735915 445.001
-0.734637 -0.177371 -0.654865 69.1386
0.373409 -0.911584 -0.171992 127.845
-0.566457 -0.370884 0.735915 445.001
-0.734637 -0.177371 -0.654865 69.1386
0.371861 -0.912118 -0.172511 127.866
-0.567096 -0.370343 0.735695 444.93
-0.734929 -0.175746 -0.654975 69.213
0.371861 -0.912118 -0.172511 127.866
-0.567096 -0.370343 0.735695 444.93
-0.734929 -0.175746 -0.654975 69.213
0.371645 -0.91221 -0.172492 127.713
-0.567339 -0.37023 0.735565 444.991
-0.734852 -0.175508 -0.655126 69.5209
0.371645 -0.91221 -0.172492 127.713
-0.567339 -0.37023 0.735565 444.991
-0.734852 -0.175508 -0.655126 69.5209
0.370905 -0.912164 -0.174319 127.694
-0.564527 -0.370505 0.737587 445.194
-0.737386 -0.175167 -0.652363 69.6685
0.370905 -0.912164 -0.174319 127.694
-0.564527 -0.370505 0.737587 445.194
-0.737386 -0.175167 -0.652363 69.6685
0.371476 -0.912097 -0.173452 127.612
-0.565264 -0.370389 0.737082 445.197
-0.736534 -0.175762 -0.653165 69.4826
0.371476 -0.912097 -0.173452 127.612
-0.565264 -0.370389 0.737082 445.197
-0.736534 -0.175762 -0.653165 69.4826
0.372115 -0.911672 -0.174314 127.472
-0.563719 -0.371174 0.737869 445.289
-0.737395 -0.176308 -0.652046 69.6903
0.372115 -0.911672 -0.174314 127.472
-0.563719 -0.371174 0.737869 445.289
-0.737395 -0.176308 -0.652046 69.6903
0.372227 -0.911685 -0.174005 127.481
-0.565321 -0.371388 0.736534 445.459
-0.736111 -0.175789 -0.653635 69.5409
0.372227 -0.911685 -0.174005 127.481
-0.565321 -0.371388 0.736534 445.459
-0.736111 -0.175789 -0.653635 69.5409
0.373383 -0.91123 -0.173913 127.493
-0.564924 -0.372048 0.736506 445.401
-0.73583 -0.176751 -0.653692 69.9559
0.373383 -0.91123 -0.173913 127.493
-0.564924 -0.372048 0.736506 445.401
-0.73583 -0.176751 -0.653692 69.9559
0.374168 -0.911114 -0.172827 127.346
-0.564459 -0.371621 0.737078 445.392
-0.735788 -0.178238 -0.653335 70.1642
0.374168 -0.911114 -0.172827 127.346
-0.564459 -0.371621 0.737078 445.392
-0.735788 -0.178238 -0.653335 70.1642
0.375699 -0.910536 -0.172555 127.237
-0.564229 -0.372445 0.736838 445.565
-0.735184 -0.179469 -0.653678 70.2562
0.375699 -0.910536 -0.172555 127.237
-0.564229 -0.372445 0.736838 445.565
-0.735184 -0.179469 -0.653678 70.2562
0.376208 -0.910279 -0.1728 127.173
-0.564788 -0.373147 0.736054 445.618
-0.734494 -0.179314 -0.654496 70.1329
0.376208 -0.910279 -0.1728 127.173
-0.564788 -0.373147 0.736054 445.618
-0.734494 -0.179314 -0.654496 70.1329
0.375742 -0.910596 -0.17214 127.229
-0.566522 -0.372701 0.734947 445.556
-0.733397 -0.178629 -0.655912 70.1402
0.375742 -0.910596 -0.17214 127.229
-0.566522 -0.372701 0.734947 445.556
-0.733397 -0.178629 -0.655912 70.1402
0.375992 -0.910397 -0.172649 127.183
-0.566733 -0.373343 0.734458 445.719
-0.733105 -0.178305 -0.656326 70.1412
0.375992 -0.910397 -0.172649 127.183
-0.566733 -0.373343 0.734458 445.719
-0.733105 -0.178305 -0.656326 70.1412
0.375992 -0.910397 -0.172649 127.183
-0.566733 -0.373343 0.734458 445.719
-0.733105 -0.178305 -0.656326 70.1412
0.376198 -0.910467 -0.171828 127.133
-0.567222 -0.372949 0.734281 445.788
-0.732621 -0.17877 -0.65674 70.1904
0.376198 -0.910467 -0.171828 127.133
-0.567222 -0.372949 0.734281 445.788
-0.732621 -0.17877 -0.65674 70.1904
0.376612 -0.910377 -0.171399 127.166
-0.568761 -0.373278 0.732922 445.802
-0.731215 -0.178542 -0.658368 70.1232
0.376612 -0.910377 -0.171399 127.166
-0.568761 -0.373278 0.732922 445.802
-0.731215 -0.178542 -0.658368 70.1232
0.377303 -0.910223 -0.170693 127.019
-0.569244 -0.37333 0.732521 445.953
-0.730482 -0.179216 -0.658997 70.4687
0.377303 -0.910223 -0.170693 127.019
-0.569244 -0.37333 0.732521 445.953
-0.730482 -0.179216 -0.658997 70.4687
0.376964 -0.910435 -0.170314 127.046
-0.569882 -0.372935 0.732225 445.993
-0.730159 -0.178964 -0.659423 70.4552
0.376964 -0.910435 -0.170314 127.046
-0.569882 -0.372935 0.732225 445.993
-0.730159 -0.178964 -0.659423 70.4552
0.375621 -0.910999 -0.170265 127.028
-0.570587 -0.372093 0.732105 445.874
-0.730301 -0.177843 -0.65957 70.5919
0.375621 -0.910999 -0.170265 127.028
-0.570587 -0.372093 0.732105 445.874
-0.730301 -0.177843 -0.65957 70.5919
0.376354 -0.910724 -0.170116 127.084
-0.570649 -0.37252 0.731839 446.005
-0.729875 -0.178354 -0.659903 70.3901
0.376354 -0.910724 -0.170116 127.084
-0.570649 -0.37252 0.731839 446.005
-0.729875 -0.178354 -0.659903 70.3901
0.376581 -0.910465 -0.170996 126.987
-0.569895 -0.373209 0.732076 446.121
-0.730347 -0.178236 -0.659413 70.6216
0.376581 -0.910465 -0.170996 126.987
-0.569895 -0.373209 0.732076 446.121
-0.730347 -0.178236 -0.659413 70.6216
0.376673 -0.910562 -0.17028 126.87
-0.571656 -0.37313 0.730741 446.012
-0.728922 -0.177909 -0.661076 70.3177
0.376673 -0.910562 -0.17028 126.87
-0.571656 -0.37313 0.730741 446.012
-0.728922 -0.177909 -0.661076 70.3177
0.378218 -0.909925 -0.170258 126.742
-0.571255 -0.37414 0.730539 446.169
-0.728436 -0.179042 -0.661305 70.6389
0.378218 -0.909925 -0.170258 126.742
-0.571255 -0.37414 0.730539 446.169
-0.728436 -0.179042 -0.661305 70.6389
0.377479 -0.910083 -0.17105 126.775
-0.569561 -0.373823 0.732022 446.113
-0.730144 -0.178899 -0.659458 70.7547
0.377479 -0.910083 -0.17105 126.775
-0.569561 -0.373823 0.732022 446.113
-0.730144 -0.178899 -0.659458 70.7547
0.375849 -0.910371 -0.173093 126.706
-0.566634 -0.373574 0.734417 446.365
-0.733255 -0.177949 -0.656255 70.7456
0.375849 -0.910371 -0.173093 126.706
-0.566634 -0.373574 0.734417 446.365
-0.733255 -0.177949 -0.656255 70.7456
0.376264 -0.910562 -0.171181 126.679
-0.56949 -0.373028 0.732483 446.286
-0.730826 -0.178121 -0.658913 70.9319
0.376264 -0.910562 -0.171181 126.679
-0.56949 -0.373028 0.732483 446.286
-0.730826 -0.178121 -0.658913 70.9319
0.376264 -0.910562 -0.171181 126.679
-0.56949 -0.373028 0.732483 446.286
-0.730826 -0.178121 -0.658913 70.9319
0.376296 -0.910451 -0.171696 126.701
-0.569095 -0.37337 0.732616 446.33
-0.731118 -0.177969 -0.658631 70.9021
0.376296 -0.910451 -0.171696 126.701
-0.569095 -0.37337 0.732616 446.33
-0.731118 -0.177969 -0.658631 70.9021
0.376319 -0.910535 -0.171203 126.832
-0.56936 -0.373055 0.73257 446.301
-0.730898 -0.178204 -0.65881 70.9464
0.376319 -0.910535 -0.171203 126.832
-0.56936 -0.373055 0.73257 446.301
-0.730898 -0.178204 -0.65881 70.9464
0.378484 -0.909832 -0.170165 126.693
-0.569799 -0.3739 0.731798 446.329
-0.729438 -0.180014 -0.659936 70.9053
0.378484 -0.909832 -0.170165 126.693
-0.569799 -0.3739 0.731798 446.329
-0.729438 -0.180014 -0.659936 70.9053
0.378856 -0.909566 -0.170755 126.766
-0.568762 -0.37439 0.732354 446.424
-0.730053 -0.180338 -0.659167 70.9359
0.378856 -0.909566 -0.170755 126.766
-0.568762 -0.37439 0.732354 446.424
-0.730053 -0.180338 -0.659167 70.9359
0.378287 -0.909814 -0.170699 126.514
-0.56951 -0.374115 0.731913 446.456
-0.729765 -0.179659 -0.659671 71.016
0.378287 -0.909814 -0.170699 126.514
-0.56951 -0.374115 0.731913 446.456
-0.729765 -0.179659 -0.659671 71.016
0.379377 -0.909379 -0.170594 126.49
-0.570316 -0.375024 0.730819 446.575
-0.728569 -0.179964 -0.660909 70.8573
0.379377 -0.909379 -0.170594 126.49
-0.570316 -0.375024 0.730819 446.575
-0.728569 -0.179964 -0.660909 70.8573
0.378121 -0.909951 -0.170336 126.564
-0.570933 -0.374052 0.730836 446.33
-0.728739 -0.179094 -0.660958 71.0422
0.378121 -0.909951 -0.170336 126.564
-0.570933 -0.374052 0.730836 446.33
-0.728739 -0.179094 -0.660958 71.0422
0.379785 -0.909369 -0.169741 126.48
-0.571028 -0.374812 0.730372 446.524
-0.727799 -0.180458 -0.661622 71.0988
0.379785 -0.909369 -0.169741 126.48
-0.571028 -0.374812 0.730372 446.524
-0.727799 -0.180458 -0.661622 71.0988
0.379408 -0.909544 -0.169642 126.455
-0.570997 -0.37445 0.730582 446.597
-0.72802 -0.180324 -0.661416 71.2093
0.379408 -0.909544 -0.169642 126.455
-0.570997 -0.37445 0.730582 446.597
-0.72802 -0.180324 -0.661416 71.2093
0.380586 -0.90915 -0.169119 126.563
-0.571115 -0.374919 0.730249 446.565
-0.727312 -0.181336 -0.661917 71.2342
0.380586 -0.90915 -0.169119 126.563
-0.571115 -0.374919 0.730249 446.565
-0.727312 -0.181336 -0.661917 71.2342
0.380944 -0.909186 -0.168115 126.435
-0.572121 -0.374626 0.729612 446.606
-0.726333 -0.18176 -0.662876 71.2688
0.380944 -0.909186 -0.168115 126.435
-0.572121 -0.374626 0.729612 446.606
-0.726333 -0.18176 -0.662876 71.2688
0.380612 -0.90921 -0.168733 126.303
-0.571035 -0.374608 0.730471 446.728
-0.72736 -0.181674 -0.661771 71.3901
0.380612 -0.90921 -0.168733 126.303
-0.571035 -0.374608 0.730471 446.728
-0.72736 -0.181674 -0.661771 71.3901
0.380612 -0.90921 -0.168733 126.303
-0.571035 -0.374608 0.730471 446.728
-0.72736 -0.181674 -0.661771 71.3901
0.380612 -0.90921 -0.168733 126.303
-0.571035 -0.374608 0.730471 446.728
-0.72736 -0.181674 -0.661771 71.3901
0.380138 -0.909408 -0.168736 126.249
-0.571407 -0.374356 0.730309 446.799
-0.727316 -0.181201 -0.66195 71.59
0.380138 -0.909408 -0.168736 126.249
-0.571407 -0.374356 0.730309 446.799
-0.727316 -0.181201 -0.66195 71.59
0.381721 -0.908959 -0.167577 126.331
-0.571428 -0.374589 0.730174 446.77
-0.726471 -0.182964 -0.662393 71.7538
0.381721 -0.908959 -0.167577 126.331
-0.571428 -0.374589 0.730174 446.77
-0.726471 -0.182964 -0.662393 71.7538
0.381933 -0.908779 -0.16807 126.123
-0.571905 -0.37526 0.729455 447.001
-0.725983 -0.182483 -0.66306 71.6916
0.381933 -0.908779 -0.16807 126.123
-0.571905 -0.37526 0.729455 447.001
-0.725983 -0.182483 -0.66306 71.6916
0.381654 -0.90893 -0.167886 126.075
-0.572271 -0.375 0.729301 447.065
-0.725842 -0.182264 -0.663275 71.7564
0.381654 -0.90893 -0.167886 126.075
-0.572271 -0.375 0.729301 447.065
-0.725842 -0.182264 -0.663275 71.7564
0.381187 -0.909107 -0.16799 126.169
-0.571657 -0.374587 0.729995 447.109
-0.72657 -0.182232 -0.662485 71.9879
0.381187 -0.909107 -0.16799 126.169
-0.571657 -0.374587 0.729995 447.109
-0.72657 -0.182232 -0.662485 71.9879
0.380179 -0.909338 -0.169022 126.085
-0.570704 -0.374441 0.730815 447.153
-0.727847 -0.18138 -0.661317 71.8534
0.380179 -0.909338 -0.169022 126.085
-0.570704 -0.374441 0.730815 447.153
-0.727847 -0.18138 -0.661317 71.8534
0.37362 -0.911753 -0.170631 125.959
-0.57071 -0.370966 0.732581 447.224
-0.731231 -0.176326 -0.658946 72.2285
0.37362 -0.911753 -0.170631 125.959
-0.57071 -0.370966 0.732581 447.224
-0.731231 -0.176326 -0.658946 72.2285
0.373256 -0.911711 -0.171646 126.001
-0.570665 -0.371507 0.732342 447.369
-0.731452 -0.175399 -0.658949 72.0232
0.373256 -0.911711 -0.171646 126.001
-0.570665 -0.371507 0.732342 447.369
-0.731452 -0.175399 -0.658949 72.0232
0.375294 -0.911195 -0.169937 125.83
-0.570813 -0.371647 0.732155 447.451
-0.730293 -0.177771 -0.659598 72.3932
0.375294 -0.911195 -0.169937 125.83
-0.570813 -0.371647 0.732155 447.451
-0.730293 -0.177771 -0.659598 72.3932
0.377996 -0.91 -0.170349 125.757
-0.570013 -0.373746 0.731709 447.579
-0.729523 -0.179482 -0.659987 72.6176
0.377996 -0.91 -0.170349 125.757
-0.570013 -0.373746 0.731709 447.579
-0.729523 -0.179482 -0.659987 72.6176
0.378958 -0.909751 -0.16954 125.749
-0.570592 -0.373939 0.73116 447.627
-0.728571 -0.180341 -0.660803 72.558
0.378958 -0.909751 -0.16954 125.749
-0.570592 -0.373939 0.73116 447.627
-0.728571 -0.180341 -0.660803 72.558
0.379431 -0.909413 -0.170296 125.766
-0.569387 -0.374593 0.731764 447.64
-0.729267 -0.18069 -0.65994 72.7997
0.379431 -0.909413 -0.170296 125.766
-0.569387 -0.374593 0.731764 447.64
-0.729267 -0.18069 -0.65994 72.7997
0.380306 -0.909186 -0.169552 125.69
-0.569732 -0.374717 0.731432 447.66
-0.728542 -0.181569 -0.660499 72.9428
0.380306 -0.909186 -0.169552 125.69
-0.569732 -0.374717 0.731432 447.66
-0.728542 -0.181569 -0.660499 72.9428
0.379944 -0.909317 -0.169665 125.659
-0.570552 -0.374748 0.730776 447.632
-0.728089 -0.180851 -0.661196 72.8647
0.379944 -0.909317 -0.169665 125.659
-0.570552 -0.374748 0.730776 447.632
-0.728089 -0.180851 -0.661196 72.8647
0.381281 -0.908734 -0.169786 125.712
-0.569032 -0.375443 0.731604 447.781
-0.728579 -0.182333 -0.660248 73.017
0.381281 -0.908734 -0.169786 125.712
-0.569032 -0.375443 0.731604 447.781
-0.728579 -0.182333 -0.660248 73.017
0.380501 -0.908939 -0.170438 125.532
-0.569016 -0.375395 0.731642 447.731
-0.728999 -0.181408 -0.660039 72.9701
0.380501 -0.908939 -0.170438 125.532
-0.569016 -0.375395 0.731642 447.731
-0.728999 -0.181408 -0.660039 72.9701
0.381219 -0.908776 -0.169698 125.505
-0.568904 -0.375294 0.731781 447.802
-0.728712 -0.182427 -0.660076 73.072
0.381219 -0.908776 -0.169698 125.505
-0.568904 -0.375294 0.731781 447.802
-0.728712 -0.182427 -0.660076 73.072
0.382514 -0.908218 -0.169774 125.552
-0.568498 -0.376199 0.731631 447.9
-0.72835 -0.183343 -0.660221 73.0926
0.382514 -0.908218 -0.169774 125.552
-0.568498 -0.376199 0.731631 447.9
-0.72835 -0.183343 -0.660221 73.0926
0.383751 -0.907896 -0.168702 125.455
-0.569205 -0.376419 0.730968 447.91
-0.727146 -0.184484 -0.66123 73.1572
0.383751 -0.907896 -0.168702 125.455
-0.569205 -0.376419 0.730968 447.91
-0.727146 -0.184484 -0.66123 73.1572
