0.924413 -0.178523 -0.337031 115.196
0.345 0.768131 0.539398 431.096
0.162589 -0.614902 0.771661 57.3749
0.924413 -0.178523 -0.337031 115.196
0.345 0.768131 0.539398 431.096
0.162589 -0.614902 0.771661 57.3749
0.92463 -0.178992 -0.336185 115.122
0.344638 0.768938 0.538479 431.103
0.162122 -0.613756 0.772671 57.4237
0.924644 -0.178467 -0.336427 115.031
0.344633 0.768029 0.539777 431.123
0.162054 -0.615045 0.771659 57.2544
0.924386 -0.178515 -0.337109 115.108
0.345069 0.76802 0.539511 431.195
0.162595 -0.615043 0.771547 57.2673
0.923843 -0.178416 -0.338648 115.046
0.346221 0.766793 0.540518 431.205
0.163236 -0.6166 0.770168 57.4215
0.923623 -0.178241 -0.339339 114.982
0.346834 0.765524 0.541922 431.209
0.16318 -0.618226 0.768875 57.4511
0.923248 -0.179155 -0.339877 114.895
0.347976 0.764916 0.542048 431.272
0.162866 -0.618714 0.768549 57.7404
0.922506 -0.179768 -0.341564 114.767
0.349546 0.764415 0.541746 431.449
0.163708 -0.619156 0.768014 57.8763
0.921842 -0.179112 -0.343694 114.566
0.351049 0.761666 0.544638 431.537
0.164229 -0.622724 0.765013 57.885
0.921257 -0.180021 -0.344788 114.604
0.352399 0.761499 0.543998 431.583
0.164625 -0.622665 0.764975 58.0814
0.920586 -0.18067 -0.346237 114.535
0.35359 0.762006 0.542514 431.675
0.165818 -0.621856 0.765375 58.3918
0.920245 -0.180494 -0.347234 114.582
0.353934 0.762438 0.541682 431.693
0.166974 -0.621377 0.765513 58.3169
0.920048 -0.181611 -0.347172 114.388
0.354693 0.762492 0.541109 431.889
0.166445 -0.620986 0.765946 58.4286
0.920285 -0.182129 -0.346272 114.545
0.354573 0.762368 0.541362 431.893
0.165389 -0.620986 0.766174 58.2722
0.920235 -0.181679 -0.346641 114.437
0.354457 0.762392 0.541405 431.874
0.165914 -0.621089 0.765977 58.5729
0.920068 -0.181294 -0.347286 114.356
0.354741 0.761705 0.542184 431.907
0.166235 -0.622043 0.765133 58.7147
0.919464 -0.180841 -0.349117 114.354
0.356056 0.7596 0.544272 431.975
0.166763 -0.624743 0.762814 58.6151
0.919282 -0.180745 -0.349646 114.411
0.356222 0.759894 0.543753 432.039
0.167413 -0.624414 0.762942 58.5001
0.919222 -0.181047 -0.349647 114.353
0.356404 0.760029 0.543444 432.121
0.167353 -0.624161 0.763162 58.5308
0.919277 -0.181834 -0.349092 114.219
0.356389 0.760987 0.542111 432.261
0.16708 -0.622764 0.764362 58.8434
0.919963 -0.182625 -0.346866 114.183
0.35521 0.762636 0.540566 432.34
0.165812 -0.620512 0.766467 58.9802
0.919601 -0.181229 -0.348555 114.184
0.355356 0.762022 0.541336 432.392
0.167501 -0.621674 0.765157 59.1598
0.919215 -0.179978 -0.350216 114.083
0.356146 0.759367 0.544537 432.461
0.167938 -0.625275 0.762121 59.0414
0.918422 -0.179137 -0.352718 113.969
0.357773 0.75659 0.54733 432.511
0.168816 -0.628873 0.758959 59.0572
0.918242 -0.178347 -0.353588 114.038
0.358078 0.755271 0.548949 432.528
0.169152 -0.63068 0.757384 59.1831
0.917817 -0.177935 -0.354895 113.933
0.358969 0.753766 0.550434 432.648
0.169567 -0.632595 0.755693 59.3518
0.917126 -0.176965 -0.357161 113.887
0.359919 0.752713 0.551254 432.878
0.171287 -0.634118 0.754026 59.2963
0.917443 -0.175908 -0.356868 113.971
0.359073 0.752395 0.552239 432.743
0.171362 -0.63479 0.753444 59.5065
0.917166 -0.176498 -0.357288 113.855
0.359994 0.75148 0.552886 432.907
0.170912 -0.63571 0.75277 59.4213
0.916571 -0.174883 -0.359603 113.791
0.360588 0.750191 0.554247 432.99
0.172843 -0.637675 0.750664 59.6429
0.916059 -0.173856 -0.361401 113.704
0.361059 0.749776 0.554502 433.105
0.174566 -0.638443 0.749611 60.0187
0.916112 -0.174225 -0.361089 113.71
0.361323 0.749075 0.555277 433.17
0.173739 -0.639165 0.749188 59.9301
0.916017 -0.17385 -0.361509 113.569
0.361439 0.748605 0.555835 433.21
0.173995 -0.639817 0.748572 59.8583
0.91564 -0.174787 -0.362012 113.584
0.362249 0.749193 0.554513 433.289
0.174295 -0.638873 0.749308 60.0862
0.915178 -0.174723 -0.36321 113.632
0.362627 0.750291 0.552779 433.414
0.17593 -0.637601 0.750009 60.4763
0.915359 -0.175521 -0.362367 113.452
0.362821 0.749792 0.553329 433.474
0.174579 -0.637969 0.750012 60.334
0.915018 -0.174985 -0.363485 113.478
0.362784 0.750995 0.551719 433.451
0.176433 -0.6367 0.750656 60.5751
0.915352 -0.175143 -0.362567 113.595
0.362489 0.750469 0.552629 433.515
0.175306 -0.637277 0.750431 60.296
0.914893 -0.175915 -0.363352 113.416
0.363397 0.750881 0.551471 433.527
0.175822 -0.636578 0.750903 60.4305
0.914969 -0.174684 -0.363755 113.322
0.362961 0.750174 0.552719 433.53
0.176329 -0.637749 0.749789 60.3324
0.914619 -0.174456 -0.364743 113.212
0.363371 0.750262 0.552331 433.532
0.177295 -0.637709 0.749596 60.5448
0.913965 -0.174951 -0.366143 113.301
0.364614 0.750095 0.551737 433.644
0.178115 -0.637769 0.74935 60.3539
0.914279 -0.173215 -0.366183 113.322
0.363793 0.748716 0.554148 433.577
0.17818 -0.63986 0.74755 60.3723
0.913898 -0.172345 -0.367542 113.259
0.364073 0.748458 0.554312 433.632
0.179557 -0.640397 0.74676 60.6476
0.914324 -0.172293 -0.366505 113.229
0.363359 0.748634 0.554543 433.702
0.178834 -0.640205 0.747098 60.7614
0.915162 -0.174453 -0.36338 113.153
0.362587 0.750112 0.553049 433.922
0.176094 -0.637886 0.749728 60.8201
0.915261 -0.175906 -0.362429 112.981
0.362611 0.751691 0.550885 434.072
0.17553 -0.635624 0.751779 61.1269
0.915524 -0.178764 -0.360361 112.856
0.362815 0.753844 0.5478 434.154
0.173729 -0.632268 0.75502 61.275
0.915178 -0.177403 -0.361909 112.842
0.363248 0.752114 0.549887 434.342
0.174645 -0.634707 0.752759 61.1916
0.915326 -0.176584 -0.361934 112.78
0.362551 0.75258 0.54971 434.465
0.175314 -0.634383 0.752876 61.477
0.915457 -0.176874 -0.36146 112.776
0.362664 0.751885 0.550585 434.472
0.174392 -0.635126 0.752464 61.4699
0.915392 -0.176984 -0.361571 112.682
0.362811 0.751877 0.550499 434.563
0.174427 -0.635105 0.752474 61.8537
0.915091 -0.175129 -0.363233 112.717
0.3631 0.749673 0.553307 434.528
0.175406 -0.638216 0.749608 61.6521
0.914657 -0.175214 -0.364283 112.629
0.363923 0.749207 0.553398 434.648
0.17596 -0.63874 0.749032 61.8289
0.914718 -0.175467 -0.364008 112.563
0.364019 0.748907 0.55374 434.669
0.175445 -0.639022 0.748913 61.8912
0.9147 -0.176566 -0.363522 112.549
0.364543 0.748765 0.553587 434.853
0.174448 -0.638886 0.749262 61.9822
0.914769 -0.175848 -0.363697 112.516
0.363983 0.749335 0.553184 434.913
0.175255 -0.638415 0.749474 62.0758
0.915435 -0.176858 -0.361524 112.36
0.363712 0.748132 0.554989 434.84
0.172314 -0.639547 0.749192 61.9778
0.915204 -0.176026 -0.362514 112.436
0.363522 0.748865 0.554124 434.904
0.173934 -0.638918 0.749353 62.3217
0.91494 -0.176435 -0.362982 112.341
0.364155 0.748649 0.554 435.005
0.174002 -0.639058 0.749218 62.3352
0.915262 -0.177765 -0.361517 112.377
0.363883 0.749867 0.552529 435.119
0.17287 -0.637259 0.75101 62.615
0.91525 -0.178036 -0.361415 112.213
0.364072 0.749654 0.552694 435.241
0.172537 -0.637434 0.750939 62.6106
0.914567 -0.177321 -0.363491 112.157
0.364972 0.749088 0.552867 435.369
0.174252 -0.638298 0.749808 62.5552
0.914428 -0.176546 -0.364216 112.075
0.365079 0.748288 0.553879 435.381
0.174753 -0.63945 0.748709 62.618
0.914638 -0.177556 -0.363195 111.975
0.364877 0.749393 0.552517 435.473
0.174073 -0.637875 0.750209 62.9053
0.914889 -0.177107 -0.362783 111.907
0.364469 0.748806 0.553581 435.495
0.173611 -0.638688 0.749624 62.9665
0.914523 -0.17785 -0.363342 111.951
0.36526 0.749082 0.552686 435.686
0.173878 -0.638158 0.750014 62.8642
0.915015 -0.176667 -0.362678 111.835
0.364414 0.747623 0.555214 435.662
0.173058 -0.640194 0.748466 62.9627
0.91499 -0.177385 -0.362393 111.799
0.364536 0.748417 0.554063 435.749
0.172938 -0.639067 0.749457 63.1546
0.914825 -0.17774 -0.362633 111.763
0.364921 0.748464 0.553746 435.827
0.172995 -0.638913 0.749575 63.0771
0.915075 -0.178842 -0.36146 111.791
0.364819 0.749114 0.552934 435.846
0.171887 -0.637843 0.75074 63.0896
0.915081 -0.179097 -0.361319 111.735
0.364794 0.749562 0.552342 435.868
0.171909 -0.637245 0.751243 63.1493
0.915328 -0.178797 -0.36084 111.71
0.364527 0.748685 0.553706 435.878
0.171155 -0.638359 0.750469 63.4687
0.91515 -0.178382 -0.361497 111.644
0.364775 0.748145 0.554273 435.853
0.17158 -0.639108 0.749734 63.595
0.914811 -0.177672 -0.362702 111.705
0.36514 0.747629 0.554728 435.954
0.172607 -0.639909 0.748815 63.5998
0.914689 -0.177913 -0.362893 111.639
0.365396 0.747742 0.554408 436.013
0.172714 -0.63971 0.74896 63.7229
0.914336 -0.175837 -0.364788 111.64
0.366039 0.744181 0.558758 436.009
0.173218 -0.644419 0.744795 63.4824
0.913513 -0.175386 -0.36706 111.628
0.367291 0.743511 0.558828 436.101
0.174902 -0.645315 0.743625 63.4702
0.913027 -0.173714 -0.369059 111.485
0.368 0.741078 0.561586 436.172
0.175946 -0.648557 0.740551 63.5628
0.912967 -0.173169 -0.369463 111.476
0.367724 0.741602 0.561076 436.216
0.176834 -0.648104 0.740737 63.8497
0.913163 -0.172491 -0.369297 111.415
0.367452 0.740473 0.562742 436.262
0.176386 -0.649575 0.739554 63.7545
0.913478 -0.174615 -0.367515 111.357
0.367585 0.741446 0.561373 436.45
0.174469 -0.647895 0.74148 63.9276
0.913458 -0.17471 -0.367521 111.383
0.367618 0.741585 0.561167 436.535
0.174506 -0.64771 0.741633 64.1053
0.911979 -0.172854 -0.372043 111.252
0.369411 0.740425 0.561521 436.825
0.178409 -0.649532 0.739106 64.0408
0.912466 -0.172762 -0.370889 111.172
0.368876 0.739548 0.563027 436.864
0.177021 -0.650555 0.73854 64.3163
0.912331 -0.17282 -0.371193 111.023
0.368922 0.740215 0.562119 436.933
0.177617 -0.64978 0.739079 64.5244
0.912792 -0.173443 -0.369768 110.961
0.368396 0.740527 0.562054 437.043
0.176339 -0.649259 0.739843 64.8423
0.913253 -0.174127 -0.368304 110.914
0.368116 0.740002 0.562928 437.189
0.174525 -0.649675 0.739908 64.6777
0.913085 -0.172219 -0.369618 110.738
0.368149 0.737921 0.565632 437.287
0.175336 -0.652544 0.737186 65.1051
0.91295 -0.172487 -0.369824 110.741
0.368586 0.737468 0.565937 437.415
0.175117 -0.652985 0.736848 65.1088
0.912935 -0.172046 -0.370068 110.659
0.368706 0.736436 0.567202 437.563
0.174947 -0.654264 0.735752 65.3715
0.912953 -0.171533 -0.37026 110.553
0.368536 0.736178 0.567648 437.626
0.175207 -0.65469 0.735312 65.4348
0.912552 -0.17217 -0.370954 110.52
0.369569 0.735587 0.567741 437.669
0.175121 -0.655187 0.73489 65.3673
0.911848 -0.171191 -0.373131 110.513
0.370195 0.73576 0.567109 437.734
0.177451 -0.655249 0.734275 65.6622
0.912223 -0.171475 -0.372084 110.46
0.36973 0.735802 0.567358 437.722
0.176492 -0.655127 0.734615 65.7557
0.911592 -0.171988 -0.37339 110.344
0.370869 0.735914 0.566469 437.878
0.177357 -0.654867 0.734638 65.7334
0.912118 -0.172511 -0.371861 110.353
0.370343 0.735695 0.567096 437.819
0.175746 -0.654975 0.734929 65.8386
0.91221 -0.172492 -0.371645 110.199
0.37023 0.735565 0.567339 437.883
0.175508 -0.655126 0.734852 66.1512
0.912111 -0.17364 -0.371352 110.117
0.370414 0.737191 0.565104 438.084
0.175633 -0.652992 0.736719 66.1507
0.911672 -0.174314 -0.372115 109.968
0.371174 0.737869 0.563719 438.162
0.176308 -0.652046 0.737395 66.3052
0.91162 -0.173992 -0.372393 109.98
0.371483 0.73653 0.565264 438.318
0.175927 -0.653643 0.736071 66.2227
0.911191 -0.173547 -0.373648 109.948
0.371904 0.736699 0.564767 438.258
0.177252 -0.653572 0.735816 66.6229
0.910766 -0.172663 -0.375092 109.794
0.372119 0.736933 0.564321 438.351
0.17898 -0.653542 0.735424 66.7833
0.910297 -0.172783 -0.376172 109.699
0.373097 0.73611 0.564748 438.45
0.179325 -0.654437 0.734543 66.6986
0.910588 -0.172161 -0.375752 109.744
0.372727 0.734928 0.56653 438.406
0.178616 -0.655928 0.733385 66.7108
0.910397 -0.172649 -0.375992 109.704
0.373343 0.734458 0.566733 438.55
0.178305 -0.656326 0.733105 66.7178
0.91042 -0.171602 -0.376416 109.671
0.373123 0.733565 0.568034 438.631
0.17865 -0.657598 0.73188 66.7249
0.910227 -0.170709 -0.377287 109.546
0.373328 0.73253 0.569233 438.782
0.179201 -0.658983 0.730499 67.0202
0.910435 -0.170314 -0.376964 109.566
0.372935 0.732225 0.569882 438.833
0.178964 -0.659423 0.730159 67.0191
0.910965 -0.170247 -0.375711 109.544
0.372146 0.732072 0.570595 438.745
0.177906 -0.659611 0.730249 67.1512
0.91059 -0.170571 -0.376472 109.55
0.372877 0.731962 0.570259 438.906
0.178293 -0.65965 0.730119 67.0866
0.910543 -0.170419 -0.376655 109.41
0.373146 0.731001 0.571315 438.869
0.177972 -0.660754 0.729199 66.9597
0.909925 -0.170258 -0.378218 109.272
0.37414 0.730539 0.571255 438.986
0.179042 -0.661305 0.728436 67.2013
0.910133 -0.171403 -0.377198 109.288
0.37378 0.732436 0.569057 438.98
0.178736 -0.658906 0.730682 67.3214
0.910455 -0.172251 -0.376033 109.213
0.373334 0.733566 0.567894 439.162
0.178025 -0.657427 0.732186 67.4096
0.910512 -0.171413 -0.376278 109.207
0.373182 0.732543 0.569312 439.141
0.178052 -0.658786 0.730957 67.4999
0.910535 -0.171203 -0.376319 109.35
0.373055 0.73257 0.56936 439.139
0.178204 -0.65881 0.730898 67.5249
0.909832 -0.170165 -0.378484 109.224
0.3739 0.731798 0.569799 439.15
0.180014 -0.659936 0.729438 67.4491
0.909676 -0.17073 -0.378604 109.189
0.374268 0.732158 0.569094 439.252
0.180036 -0.65939 0.729925 67.5147
0.90952 -0.170628 -0.379023 109.035
0.374728 0.731175 0.570055 439.342
0.179865 -0.660507 0.728958 67.4555
0.909941 -0.170341 -0.378141 109.092
0.374068 0.730835 0.570923 439.152
0.179108 -0.660957 0.728736 67.6003
0.909378 -0.169736 -0.379765 109.018
0.374792 0.730384 0.571026 439.332
0.18045 -0.661611 0.72781 67.6401
0.909446 -0.169513 -0.379701 109.02
0.374566 0.7305 0.571026 439.397
0.180575 -0.661541 0.727844 67.7485
0.90917 -0.168552 -0.380788 109.034
0.374753 0.729889 0.571683 439.393
0.181575 -0.662459 0.726759 67.7675
0.90921 -0.168733 -0.380612 108.846
0.374608 0.730471 0.571035 439.536
0.181674 -0.661771 0.72736 67.9019
0.909315 -0.168735 -0.380361 108.816
0.374475 0.730385 0.571232 439.576
0.181423 -0.661866 0.727337 68.0128
0.908974 -0.167614 -0.381671 108.876
0.374582 0.730178 0.571427 439.579
0.182909 -0.662379 0.726497 68.2368
0.908779 -0.16807 -0.381933 108.674
0.37526 0.729455 0.571905 439.796
0.182483 -0.66306 0.725983 68.188
0.908949 -0.167897 -0.381605 108.633
0.374957 0.729375 0.572206 439.87
0.182261 -0.663192 0.725918 68.2814
0.909233 -0.168551 -0.38064 108.666
0.374508 0.730441 0.571139 439.942
0.181769 -0.661851 0.727264 68.4249
0.911483 -0.170451 -0.374359 108.473
0.371357 0.732382 0.57071 440.086
0.176896 -0.659214 0.730852 68.7899
0.911711 -0.171646 -0.373256 108.496
0.371507 0.732342 0.570665 440.236
0.175399 -0.658949 0.731452 68.6556
0.911016 -0.169999 -0.375699 108.328
0.371962 0.732088 0.570693 440.328
0.178028 -0.659657 0.730178 69.0087
0.909872 -0.169933 -0.378491 108.283
0.373845 0.731427 0.570311 440.426
0.179924 -0.660407 0.729034 69.1324
0.909425 -0.170267 -0.379413 108.304
0.374568 0.731742 0.569432 440.448
0.180677 -0.659972 0.729241 69.3217
0.909224 -0.169585 -0.3802 108.224
0.374726 0.73124 0.569972 440.457
0.181359 -0.660703 0.728409 69.4379
0.908933 -0.169745 -0.380825 108.242
0.375206 0.731322 0.569551 440.526
0.181827 -0.660571 0.728412 69.4739
0.908939 -0.170438 -0.380501 108.081
0.375395 0.731642 0.569016 440.523
0.181408 -0.660039 0.728999 69.487
0.908776 -0.169698 -0.381219 108.056
0.375294 0.731781 0.568904 440.596
0.182427 -0.660076 0.728712 69.5694
0.908113 -0.169424 -0.382918 108.084
0.376271 0.731415 0.568729 440.679
0.183716 -0.660551 0.727957 69.5864
0.907825 -0.168847 -0.383855 108.025
0.376565 0.731037 0.569021 440.735
0.184535 -0.661117 0.727235 69.6027
0.907635 -0.168416 -0.384493 108.018
0.376931 0.730093 0.569989 440.728
0.18472 -0.66227 0.726139 69.7155
0.907703 -0.168176 -0.384436 108.007
0.376659 0.73035 0.56984 440.779
0.18494 -0.662047 0.726286 69.7462
0.907728 -0.168186 -0.384373 107.997
0.376724 0.73 0.570245 440.831
0.184685 -0.66243 0.726001 69.7698
0.907534 -0.167743 -0.385025 107.941
0.377101 0.729021 0.571247 440.835
0.184868 -0.66362 0.724867 69.5304
0.907825 -0.167806 -0.384311 107.972
0.376569 0.729477 0.571015 440.792
0.184526 -0.663102 0.725428 69.6819
0.907384 -0.167245 -0.385596 107.925
0.377005 0.729426 0.570794 440.884
0.185801 -0.6633 0.724921 69.81
0.907238 -0.168107 -0.385563 107.918
0.377277 0.730498 0.56924 440.918
0.18596 -0.6619 0.726159 69.8929
0.907247 -0.168526 -0.38536 107.888
0.377548 0.730103 0.569567 440.959
0.185366 -0.66223 0.72601 69.645
0.907125 -0.168103 -0.385832 107.853
0.377555 0.730101 0.569566 440.901
0.18595 -0.66234 0.725761 69.7054
0.907354 -0.168404 -0.38516 107.741
0.377214 0.730552 0.569214 440.913
0.185522 -0.661766 0.726393 69.9249
0.907409 -0.168908 -0.38481 107.706
0.377166 0.731174 0.568445 441.025
0.185348 -0.66095 0.727181 69.9594
0.907332 -0.169057 -0.384927 107.702
0.377284 0.731384 0.568098 441.052
0.185488 -0.66068 0.72739 70.0799
0.90736 -0.169698 -0.384577 107.684
0.377519 0.731339 0.567998 441.089
0.184868 -0.660565 0.727652 70.1573
0.906715 -0.168795 -0.386492 107.585
0.378257 0.730767 0.568244 441.118
0.186519 -0.661428 0.726446 70.2922
0.906512 -0.168713 -0.387004 107.457
0.378354 0.731362 0.567414 441.242
0.18731 -0.660792 0.726821 70.3407
0.906714 -0.170113 -0.385917 107.516
0.378639 0.731356 0.567231 441.29
0.18575 -0.66044 0.727541 70.137
0.906138 -0.170559 -0.38707 107.509
0.379346 0.732489 0.565293 441.468
0.187109 -0.659067 0.728437 70.5612
0.906049 -0.16967 -0.387669 107.413
0.379367 0.73158 0.566455 441.48
0.187501 -0.660305 0.727215 70.6538
0.906309 -0.168736 -0.387468 107.407
0.378922 0.730438 0.568225 441.51
0.187141 -0.661807 0.72594 70.7642
0.906092 -0.168545 -0.388059 107.482
0.379553 0.729051 0.569583 441.558
0.186914 -0.663383 0.724559 70.7118
0.906178 -0.168025 -0.388084 107.393
0.379305 0.728717 0.570175 441.606
0.186999 -0.663882 0.72408 70.7148
0.906003 -0.168196 -0.388417 107.375
0.379448 0.729372 0.569242 441.704
0.187556 -0.663119 0.724635 70.9053
0.90627 -0.168426 -0.387695 107.294
0.379323 0.728763 0.570104 441.831
0.186518 -0.66373 0.724344 70.8399
0.906925 -0.16849 -0.386132 107.258
0.378343 0.728912 0.570565 441.859
0.185322 -0.66355 0.724816 71.0845
0.907271 -0.169493 -0.384878 107.139
0.377847 0.730337 0.56907 442.064
0.184637 -0.661725 0.726656 71.3169
0.907214 -0.170857 -0.384409 107.139
0.378358 0.73082 0.568109 442.111
0.183868 -0.66084 0.727656 71.383
0.906344 -0.168806 -0.387357 107.012
0.378746 0.730981 0.567642 442.148
0.187329 -0.661189 0.726455 71.5524
0.905641 -0.168599 -0.389086 106.979
0.379711 0.730894 0.56711 442.274
0.188767 -0.661338 0.725947 71.7205
0.905752 -0.169696 -0.388352 106.833
0.37984 0.731477 0.566271 442.355
0.187977 -0.660413 0.726994 71.8149
0.905878 -0.169968 -0.387938 106.819
0.380038 0.73053 0.56736 442.354
0.186967 -0.66139 0.726365 71.6086
0.906061 -0.169508 -0.387713 106.85
0.379394 0.731187 0.566944 442.427
0.187389 -0.660782 0.72681 71.7806
0.906181 -0.169572 -0.387404 106.735
0.37948 0.730352 0.567961 442.435
0.186631 -0.661688 0.72618 71.744
0.905775 -0.170217 -0.388069 106.735
0.380273 0.730591 0.567124 442.543
0.186986 -0.661259 0.72648 71.9004
0.90553 -0.169241 -0.389067 106.79
0.38032 0.730263 0.567514 442.572
0.188074 -0.661871 0.725641 71.9341
0.905334 -0.17011 -0.389143 106.658
0.38088 0.730564 0.566751 442.552
0.187884 -0.661316 0.726196 72.0769
0.905251 -0.169133 -0.389762 106.64
0.380849 0.729677 0.567914 442.63
0.188347 -0.662545 0.724955 71.9685
0.904983 -0.167557 -0.391063 106.68
0.380717 0.729211 0.568599 442.702
0.189895 -0.663457 0.723716 72.0421
0.905042 -0.167796 -0.390823 106.644
0.381007 0.728243 0.569645 442.755
0.18903 -0.664459 0.723023 72.1736
0.905839 -0.167288 -0.389192 106.52
0.379824 0.727561 0.571304 442.784
0.187589 -0.665334 0.722594 72.22
0.906198 -0.167502 -0.388264 106.646
0.379351 0.727683 0.571463 442.757
0.186812 -0.665147 0.722967 72.2782
0.905592 -0.166283 -0.390195 106.514
0.379934 0.726978 0.571974 442.748
0.188554 -0.666223 0.721522 72.3635
0.905565 -0.166645 -0.390104 106.479
0.380346 0.726191 0.572698 442.803
0.187853 -0.66699 0.720996 72.1341
0.90552 -0.167606 -0.389797 106.472
0.380647 0.726766 0.571768 442.902
0.187459 -0.666123 0.7219 72.2488
0.905109 -0.166535 -0.391209 106.428
0.380912 0.726393 0.572066 442.824
0.188903 -0.666798 0.720899 72.4129
0.904997 -0.166422 -0.391515 106.415
0.381199 0.725789 0.57264 442.871
0.188857 -0.667483 0.720277 72.2113
0.905345 -0.166457 -0.390696 106.363
0.380488 0.72656 0.572137 442.916
0.188628 -0.666636 0.721122 72.5244
0.905182 -0.166685 -0.390976 106.354
0.380605 0.727318 0.571094 443.03
0.189171 -0.665751 0.721796 72.3801
0.905347 -0.167536 -0.39023 106.333
0.38072 0.727305 0.571033 443.008
0.188147 -0.665552 0.722248 72.3659
0.905641 -0.167901 -0.389389 106.254
0.380356 0.727604 0.570896 442.997
0.187467 -0.665133 0.72281 72.4308
0.906005 -0.168544 -0.388263 106.174
0.379928 0.728171 0.570457 443.023
0.186575 -0.664349 0.723761 72.493
0.90588 -0.170201 -0.38783 106.257
0.380479 0.729289 0.568659 443.167
0.186054 -0.662698 0.725407 72.7441
0.905911 -0.169673 -0.387991 106.143
0.380451 0.728457 0.569744 443.114
0.185964 -0.663748 0.724469 72.5753
0.905636 -0.16886 -0.388986 106.215
0.380502 0.728518 0.569631 443.048
0.187195 -0.663888 0.724024 72.8174
0.905697 -0.16867 -0.388926 106.128
0.380432 0.728173 0.57012 443.101
0.187043 -0.664315 0.723671 72.7794
0.905528 -0.168998 -0.389176 106.175
0.380577 0.729009 0.568952 443.188
0.187562 -0.663314 0.724455 72.8705
0.905924 -0.168658 -0.388401 106.171
0.379971 0.728605 0.569874 443.164
0.186877 -0.663844 0.724146 72.7463
0.905738 -0.169085 -0.38865 106.072
0.380355 0.728837 0.56932 443.286
0.186999 -0.66348 0.724448 72.7641
0.905872 -0.169392 -0.388203 106.093
0.380312 0.728741 0.569473 443.307
0.186436 -0.663509 0.724568 72.7865
0.90616 -0.170049 -0.387242 106.041
0.379923 0.729587 0.568649 443.362
0.185829 -0.662409 0.725728 73.0637
0.906678 -0.170002 -0.386049 106.02
0.379121 0.72966 0.569091 443.404
0.184938 -0.662341 0.726018 73.1552
0.906835 -0.170919 -0.385276 105.933
0.378929 0.730872 0.567661 443.52
0.184563 -0.660767 0.727546 73.1942
0.907976 -0.173299 -0.381506 105.917
0.377583 0.73316 0.565604 443.469
0.181686 -0.657605 0.731126 73.4599
0.908429 -0.175038 -0.379629 105.817
0.37688 0.735852 0.562568 443.563
0.18088 -0.654128 0.734438 73.5481
0.911512 -0.179073 -0.370241 105.532
0.372825 0.739835 0.56004 443.795
0.173629 -0.648519 0.741132 73.8414
0.911429 -0.178382 -0.37078 105.408
0.372738 0.739588 0.560425 443.77
0.174254 -0.648991 0.740571 73.8009
0.910976 -0.178439 -0.371862 105.437
0.373558 0.739163 0.56044 443.802
0.174863 -0.649459 0.740018 73.7453
0.910537 -0.178585 -0.372868 105.538
0.373979 0.740265 0.558702 443.863
0.176245 -0.648163 0.740825 73.9268
