0.924413 -0.178523 -0.337031 115.196
0.345 0.768131 0.539398 431.096
0.162589 -0.614902 0.771661 57.3749
0.924413 -0.178523 -0.337031 115.196
0.345 0.768131 0.539398 431.096
0.162589 -0.614902 0.771661 57.3749
0.924639 -0.179011 -0.33615 115.119
0.344622 0.768972 0.538441 431.104
0.162103 -0.613708 0.772713 57.4258
0.92462 -0.178451 -0.336501 115.035
0.344671 0.768008 0.539783 431.124
0.16211 -0.615076 0.771623 57.2511
0.924394 -0.178539 -0.337075 115.11
0.34506 0.768046 0.53948 431.2
0.162571 -0.615003 0.771584 57.2726
0.923802 -0.178396 -0.338769 115.041
0.346303 0.766697 0.540602 431.203
0.163292 -0.616726 0.770055 57.4288
0.923622 -0.178244 -0.339339 114.98
0.346844 0.765491 0.541961 431.21
0.16316 -0.618265 0.768848 57.4525
0.92322 -0.179178 -0.339942 114.885
0.348049 0.764848 0.542098 431.278
0.162872 -0.618792 0.768485 57.7366
0.922444 -0.179819 -0.341706 114.76
0.349667 0.764411 0.541672 431.465
0.1638 -0.619145 0.768003 57.8949
0.921842 -0.179112 -0.343694 114.566
0.351049 0.761666 0.544638 431.537
0.164229 -0.622724 0.765013 57.885
0.92123 -0.179962 -0.344889 114.596
0.352401 0.761555 0.543918 431.58
0.164767 -0.622613 0.764987 58.1217
0.920538 -0.180781 -0.346306 114.534
0.353709 0.762014 0.542425 431.686
0.16583 -0.621814 0.765407 58.3923
0.920245 -0.180451 -0.347256 114.584
0.353912 0.762455 0.541673 431.69
0.167022 -0.621369 0.765509 58.3134
0.920048 -0.181611 -0.347172 114.388
0.354693 0.762492 0.541109 431.889
0.166445 -0.620986 0.765946 58.4286
0.92029 -0.1821 -0.346273 114.543
0.354553 0.762365 0.54138 431.888
0.165401 -0.620999 0.766161 58.285
0.920226 -0.18168 -0.346665 114.432
0.35447 0.762397 0.541389 431.877
0.165937 -0.621083 0.765977 58.5796
0.920066 -0.181268 -0.347304 114.355
0.354746 0.761654 0.542253 431.906
0.166232 -0.622114 0.765076 58.717
0.919464 -0.180841 -0.349117 114.354
0.356056 0.7596 0.544272 431.975
0.166763 -0.624743 0.762814 58.6151
0.919278 -0.180755 -0.34965 114.409
0.356226 0.759913 0.543723 432.042
0.167423 -0.624387 0.762962 58.4994
0.91922 -0.18107 -0.349641 114.349
0.356421 0.760015 0.543453 432.126
0.167329 -0.624173 0.763158 58.5359
0.919285 -0.181876 -0.34905 114.212
0.356367 0.76109 0.541983 432.267
0.167085 -0.622627 0.764473 58.8646
0.919963 -0.182625 -0.346866 114.183
0.35521 0.762636 0.540566 432.34
0.165812 -0.620512 0.766467 58.9802
0.919598 -0.181209 -0.348572 114.182
0.355365 0.761972 0.5414 432.393
0.167496 -0.621741 0.765104 59.1579
0.919182 -0.179916 -0.350336 114.082
0.356198 0.759273 0.544635 432.465
0.168012 -0.625408 0.761996 59.0356
0.918411 -0.179177 -0.352728 113.96
0.357831 0.756502 0.547414 432.509
0.168755 -0.628968 0.758895 59.0706
0.918221 -0.178327 -0.353652 114.033
0.358121 0.755199 0.549021 432.534
0.169172 -0.630773 0.757302 59.1912
0.917817 -0.177935 -0.354895 113.933
0.358969 0.753766 0.550434 432.648
0.169567 -0.632595 0.755693 59.3518
0.917126 -0.176965 -0.357161 113.887
0.359919 0.752713 0.551254 432.878
0.171287 -0.634118 0.754026 59.2963
0.917443 -0.175908 -0.356868 113.971
0.359073 0.752395 0.552239 432.743
0.171362 -0.63479 0.753444 59.5065
0.917142 -0.176432 -0.357383 113.852
0.360015 0.751438 0.552928 432.91
0.170997 -0.635777 0.752694 59.4304
0.916538 -0.174791 -0.359731 113.787
0.360631 0.750074 0.554377 432.995
0.172925 -0.637837 0.750507 59.6551
0.916031 -0.173818 -0.36149 113.698
0.361075 0.749815 0.554439 433.113
0.174679 -0.638408 0.749615 60.047
0.916115 -0.174215 -0.361085 113.7
0.361322 0.749043 0.55532 433.172
0.173723 -0.639205 0.749157 59.9239
0.916006 -0.17383 -0.361548 113.569
0.361449 0.748603 0.555831 433.211
0.174035 -0.639825 0.748555 59.8595
0.915631 -0.174849 -0.362005 113.585
0.362281 0.749224 0.554451 433.292
0.174278 -0.63882 0.749357 60.0966
0.915144 -0.17466 -0.363326 113.636
0.362632 0.750363 0.552678 433.422
0.176096 -0.637534 0.750027 60.5024
0.915354 -0.175511 -0.362385 113.453
0.362823 0.749802 0.553315 433.468
0.174604 -0.63796 0.750013 60.3383
0.914998 -0.174954 -0.363553 113.48
0.36278 0.751076 0.551611 433.455
0.176549 -0.636613 0.750703 60.5893
0.915374 -0.175158 -0.362506 113.6
0.362475 0.750424 0.552699 433.518
0.175223 -0.637325 0.750409 60.2787
0.914893 -0.175915 -0.363352 113.416
0.363397 0.750881 0.551471 433.527
0.175822 -0.636578 0.750903 60.4305
0.91495 -0.174669 -0.363808 113.325
0.363006 0.750088 0.552806 433.529
0.176331 -0.637854 0.7497 60.3199
0.914605 -0.174449 -0.364781 113.201
0.36337 0.750332 0.552235 433.533
0.17737 -0.637628 0.749647 60.5708
0.913965 -0.174951 -0.366143 113.301
0.364614 0.750095 0.551737 433.644
0.178115 -0.637769 0.74935 60.3539
0.914254 -0.173149 -0.366276 113.317
0.363814 0.748675 0.554189 433.584
0.178265 -0.639926 0.747473 60.3868
0.913888 -0.172332 -0.367574 113.259
0.364077 0.74848 0.55428 433.631
0.179602 -0.640375 0.746769 60.6597
0.914365 -0.1723 -0.366401 113.227
0.363302 0.748629 0.554587 433.708
0.178743 -0.640209 0.747117 60.7602
0.915177 -0.174412 -0.363362 113.146
0.362535 0.750158 0.55302 433.926
0.176125 -0.637842 0.749758 60.8339
0.915241 -0.176429 -0.362224 112.954
0.362781 0.751976 0.550383 434.101
0.17528 -0.635141 0.752245 61.1675
0.915524 -0.178764 -0.360361 112.856
0.362815 0.753844 0.5478 434.154
0.173729 -0.632268 0.75502 61.275
0.915178 -0.177403 -0.361909 112.842
0.363248 0.752114 0.549887 434.342
0.174645 -0.634707 0.752759 61.1916
0.915337 -0.176646 -0.361875 112.786
0.362571 0.752537 0.549754 434.462
0.175212 -0.634416 0.752872 61.4739
0.915457 -0.176818 -0.361488 112.766
0.362648 0.751858 0.550632 434.477
0.174427 -0.635173 0.752416 61.4738
0.915388 -0.177027 -0.361561 112.682
0.362831 0.751893 0.550464 434.565
0.174408 -0.635074 0.752505 61.8774
0.91507 -0.175123 -0.363289 112.713
0.363137 0.749644 0.553322 434.535
0.175438 -0.638252 0.749571 61.6607
0.914646 -0.175232 -0.364304 112.625
0.363949 0.749204 0.553384 434.649
0.175967 -0.638739 0.749032 61.8336
0.91473 -0.175472 -0.363976 112.562
0.364007 0.74889 0.553771 434.67
0.175407 -0.639041 0.748905 61.8922
0.914696 -0.176616 -0.363508 112.549
0.364571 0.748764 0.553571 434.862
0.174412 -0.638874 0.74928 61.9862
0.914769 -0.175848 -0.363697 112.516
0.363983 0.749335 0.553184 434.913
0.175255 -0.638415 0.749474 62.0758
0.915435 -0.176858 -0.361524 112.36
0.363712 0.748132 0.554989 434.84
0.172314 -0.639547 0.749192 61.9778
0.915175 -0.176069 -0.362567 112.431
0.363589 0.748851 0.554099 434.916
0.173949 -0.638922 0.749346 62.314
0.914943 -0.176432 -0.362976 112.337
0.364151 0.748644 0.55401 435.004
0.173995 -0.639065 0.749214 62.342
0.915282 -0.17782 -0.36144 112.365
0.363875 0.749872 0.552528 435.126
0.172783 -0.637238 0.751049 62.6181
0.915224 -0.177994 -0.361502 112.213
0.364102 0.749626 0.552712 435.245
0.172612 -0.637479 0.750884 62.6063
0.914541 -0.17732 -0.363555 112.153
0.365013 0.749079 0.552854 435.376
0.174299 -0.638309 0.749787 62.557
0.914434 -0.176499 -0.364222 112.072
0.365062 0.748245 0.553949 435.378
0.174756 -0.639514 0.748654 62.6208
0.91465 -0.177535 -0.363176 111.972
0.364858 0.749365 0.552568 435.474
0.174051 -0.637914 0.750182 62.9082
0.914889 -0.177107 -0.362783 111.907
0.364469 0.748806 0.553581 435.495
0.173611 -0.638688 0.749624 62.9665
0.914571 -0.177774 -0.363259 111.946
0.365181 0.748989 0.552864 435.672
0.173792 -0.638288 0.749923 62.8752
0.915011 -0.17664 -0.362703 111.83
0.364419 0.74759 0.555256 435.674
0.173073 -0.640241 0.748423 62.9603
0.91499 -0.177385 -0.362393 111.799
0.364536 0.748417 0.554063 435.749
0.172938 -0.639067 0.749457 63.1546
0.914846 -0.177842 -0.362531 111.764
0.364927 0.748482 0.553718 435.831
0.172874 -0.638864 0.749645 63.0652
0.915079 -0.178845 -0.361449 111.792
0.364801 0.749163 0.552879 435.843
0.171905 -0.637785 0.750786 63.1044
0.915076 -0.179116 -0.361322 111.728
0.364817 0.749534 0.552365 435.873
0.171886 -0.637272 0.751225 63.1343
0.915344 -0.178773 -0.360812 111.711
0.364504 0.748645 0.553776 435.876
0.171119 -0.638413 0.750431 63.4926
0.915135 -0.178338 -0.361556 111.649
0.364788 0.748115 0.554305 435.857
0.171632 -0.639155 0.749682 63.5921
0.914803 -0.177689 -0.362715 111.7
0.365158 0.747637 0.554706 435.958
0.172614 -0.639895 0.748825 63.6083
0.914689 -0.177913 -0.362893 111.639
0.365396 0.747742 0.554408 436.013
0.172714 -0.63971 0.74896 63.7229
0.914286 -0.175795 -0.364935 111.642
0.366107 0.744149 0.558756 436.014
0.173339 -0.644468 0.744725 63.4995
0.913474 -0.175381 -0.36716 111.625
0.36736 0.743469 0.558839 436.106
0.174962 -0.645364 0.743568 63.4502
0.913027 -0.173714 -0.369059 111.485
0.368 0.741078 0.561586 436.172
0.175946 -0.648557 0.740551 63.5628
0.912979 -0.173124 -0.369456 111.473
0.367708 0.741528 0.561184 436.216
0.176807 -0.648201 0.740658 63.8405
0.913159 -0.172525 -0.36929 111.415
0.367458 0.740526 0.562669 436.276
0.176394 -0.649505 0.739613 63.7725
0.913501 -0.17472 -0.367408 111.354
0.367588 0.741463 0.561348 436.451
0.174341 -0.647847 0.741552 63.9233
0.913442 -0.174648 -0.36759 111.386
0.367617 0.741583 0.561171 436.54
0.174591 -0.647729 0.741596 64.119
0.911957 -0.172828 -0.372109 111.25
0.369439 0.740408 0.561526 436.829
0.178466 -0.649559 0.739069 64.0393
0.912475 -0.172834 -0.370833 111.17
0.368882 0.739582 0.562979 436.867
0.17696 -0.650498 0.738605 64.3205
0.91229 -0.172889 -0.371263 111.011
0.369013 0.740215 0.56206 436.955
0.17764 -0.649763 0.739089 64.5352
0.912833 -0.173455 -0.369661 110.961
0.368334 0.740545 0.56207 437.042
0.176257 -0.649235 0.739884 64.8572
0.913253 -0.174127 -0.368304 110.914
0.368116 0.740002 0.562928 437.189
0.174525 -0.649675 0.739908 64.6777
0.913085 -0.172225 -0.369615 110.737
0.368152 0.737919 0.565632 437.288
0.17533 -0.652544 0.737188 65.1042
0.912929 -0.172419 -0.369909 110.748
0.368606 0.737416 0.565992 437.415
0.175189 -0.653061 0.736763 65.1264
0.912952 -0.172066 -0.370016 110.646
0.368699 0.736393 0.567262 437.576
0.174871 -0.654308 0.735732 65.3787
0.912952 -0.171519 -0.370271 110.553
0.368533 0.736177 0.56765 437.626
0.175222 -0.654694 0.735305 65.4354
0.912513 -0.172096 -0.371082 110.52
0.369597 0.735593 0.567716 437.667
0.175264 -0.655199 0.734844 65.385
0.911822 -0.171171 -0.373204 110.512
0.370223 0.735769 0.567078 437.741
0.177525 -0.655243 0.734262 65.6718
0.912258 -0.171502 -0.371985 110.457
0.369688 0.735801 0.567387 437.718
0.176399 -0.655122 0.734642 65.7569
0.911584 -0.171992 -0.373409 110.343
0.370884 0.735915 0.566457 437.88
0.177371 -0.654865 0.734637 65.7331
0.912118 -0.172511 -0.371861 110.353
0.370343 0.735695 0.567096 437.819
0.175746 -0.654975 0.734929 65.8386
0.91221 -0.172501 -0.371641 110.199
0.370231 0.735575 0.567325 437.884
0.175506 -0.655113 0.734864 66.1519
0.912106 -0.17358 -0.371392 110.112
0.370406 0.737156 0.565155 438.084
0.175674 -0.653047 0.73666 66.1372
0.911672 -0.174314 -0.372115 109.968
0.371174 0.737869 0.563719 438.162
0.176308 -0.652046 0.737395 66.3052
0.911593 -0.173987 -0.37246 109.981
0.371521 0.736529 0.565241 438.314
0.175983 -0.653647 0.736054 66.2457
0.911182 -0.173468 -0.373705 109.938
0.371873 0.736741 0.564733 438.257
0.17736 -0.653546 0.735813 66.636
0.910736 -0.172649 -0.37517 109.789
0.372161 0.736921 0.564309 438.359
0.179043 -0.65356 0.735393 66.7868
0.910284 -0.172795 -0.376198 109.696
0.373133 0.73607 0.564777 438.452
0.179317 -0.654479 0.734508 66.6925
0.910579 -0.172184 -0.375764 109.742
0.372756 0.734905 0.56654 438.413
0.178602 -0.655947 0.733372 66.7111
0.910397 -0.172649 -0.375992 109.704
0.373343 0.734458 0.566733 438.55
0.178305 -0.656326 0.733105 66.7178
0.910412 -0.171567 -0.376449 109.673
0.373149 0.733457 0.568156 438.632
0.178632 -0.657728 0.731768 66.7199
0.910223 -0.170693 -0.377303 109.542
0.37333 0.732521 0.569244 438.785
0.179216 -0.658997 0.730482 67.0277
0.910435 -0.170314 -0.376964 109.566
0.372935 0.732225 0.569882 438.833
0.178964 -0.659423 0.730159 67.0191
0.910954 -0.170241 -0.375741 109.547
0.372163 0.732061 0.570597 438.75
0.177926 -0.659624 0.730231 67.1427
0.91057 -0.170641 -0.37649 109.543
0.372931 0.73198 0.570199 438.914
0.178284 -0.659611 0.730156 67.105
0.910546 -0.170393 -0.376659 109.406
0.373143 0.730951 0.57138 438.865
0.17796 -0.660815 0.729146 66.9486
0.909929 -0.170278 -0.3782 109.272
0.374132 0.730576 0.571213 438.984
0.179039 -0.66126 0.728478 67.2042
0.910152 -0.171538 -0.377091 109.283
0.373763 0.732594 0.568864 438.997
0.178673 -0.658696 0.730887 67.322
0.910464 -0.172162 -0.376052 109.212
0.373308 0.733476 0.568026 439.159
0.178033 -0.657551 0.732073 67.4181
0.910502 -0.171459 -0.376281 109.209
0.373213 0.732555 0.569276 439.144
0.178039 -0.65876 0.730984 67.4975
0.910535 -0.171203 -0.376319 109.35
0.373055 0.73257 0.56936 439.139
0.178204 -0.65881 0.730898 67.5249
0.909821 -0.170189 -0.378499 109.227
0.37392 0.731821 0.569755 439.153
0.180028 -0.659904 0.729464 67.4501
0.909693 -0.170726 -0.378566 109.171
0.374249 0.732129 0.569144 439.255
0.179991 -0.659424 0.729906 67.521
0.909485 -0.17062 -0.379113 109.034
0.374803 0.731085 0.570121 439.35
0.17989 -0.660609 0.728859 67.442
0.909951 -0.170336 -0.378121 109.093
0.374052 0.730836 0.570933 439.148
0.179094 -0.660958 0.728739 67.6036
0.909384 -0.169732 -0.379751 109.017
0.37478 0.730391 0.571025 439.335
0.180446 -0.661604 0.727818 67.6441
0.909433 -0.169495 -0.379741 109.024
0.374582 0.730488 0.57103 439.396
0.18061 -0.661558 0.72782 67.7487
0.909171 -0.168519 -0.3808 109.03
0.374744 0.729868 0.571716 439.394
0.181589 -0.66249 0.726727 67.7684
0.90921 -0.168733 -0.380612 108.846
0.374608 0.730471 0.571035 439.536
0.181674 -0.661771 0.72736 67.9019
0.909326 -0.168735 -0.380335 108.812
0.374461 0.730376 0.571253 439.58
0.181397 -0.661876 0.727335 68.0242
0.908959 -0.167577 -0.381721 108.879
0.374589 0.730174 0.571428 439.578
0.182964 -0.662393 0.726471 68.2409
0.908779 -0.16807 -0.381933 108.674
0.37526 0.729455 0.571905 439.796
0.182483 -0.66306 0.725983 68.188
0.908957 -0.167902 -0.381584 108.637
0.374938 0.729406 0.572179 439.873
0.18226 -0.663156 0.725951 68.2918
0.909247 -0.168615 -0.380577 108.661
0.374499 0.730492 0.57108 439.945
0.181716 -0.661778 0.727344 68.4175
0.911622 -0.170544 -0.373978 108.463
0.371156 0.732484 0.57071 440.094
0.176602 -0.659076 0.731047 68.8173
0.911711 -0.171646 -0.373256 108.496
0.371507 0.732342 0.570665 440.236
0.175399 -0.658949 0.731452 68.6556
0.910976 -0.170013 -0.37579 108.326
0.372032 0.732074 0.570667 440.331
0.178085 -0.65967 0.730152 69.0151
0.909864 -0.169906 -0.378523 108.283
0.373851 0.731409 0.57033 440.427
0.179952 -0.660434 0.729002 69.1299
0.909409 -0.170283 -0.379446 108.304
0.374595 0.731759 0.569393 440.448
0.180705 -0.659949 0.729255 69.3326
0.909235 -0.169594 -0.380169 108.221
0.374729 0.731185 0.570041 440.455
0.181298 -0.660762 0.728371 69.4324
0.908888 -0.169754 -0.380928 108.247
0.37526 0.731386 0.569434 440.537
0.181942 -0.660498 0.72845 69.4835
0.908939 -0.170438 -0.380501 108.081
0.375395 0.731642 0.569016 440.523
0.181408 -0.660039 0.728999 69.487
0.908768 -0.1697 -0.381239 108.057
0.375309 0.731778 0.568897 440.597
0.182441 -0.660078 0.728706 69.5694
0.908086 -0.169334 -0.383022 108.077
0.376289 0.731359 0.568789 440.679
0.183812 -0.660636 0.727855 69.59
0.907816 -0.168865 -0.383868 108.025
0.376582 0.731045 0.568998 440.741
0.184541 -0.661104 0.727246 69.6012
0.907639 -0.168398 -0.384492 108.016
0.376915 0.730106 0.569983 440.728
0.184736 -0.662259 0.726144 69.7208
0.907699 -0.168227 -0.384425 108.011
0.376693 0.730328 0.569845 440.785
0.184893 -0.662058 0.726288 69.7227
0.907735 -0.168141 -0.384378 107.992
0.376699 0.729987 0.570277 440.83
0.184704 -0.662455 0.725974 69.793
0.907514 -0.167743 -0.385071 107.94
0.377149 0.728955 0.5713 440.836
0.184868 -0.663692 0.724801 69.4942
0.9078 -0.1678 -0.384372 107.967
0.376605 0.729469 0.571002 440.797
0.184573 -0.663113 0.725406 69.6883
0.907381 -0.167166 -0.385637 107.932
0.376973 0.729442 0.570794 440.885
0.185883 -0.663302 0.724899 69.813
0.907227 -0.168227 -0.385536 107.913
0.377319 0.73058 0.569107 440.921
0.185926 -0.66178 0.726277 69.8982
0.907247 -0.168526 -0.38536 107.888
0.377548 0.730103 0.569567 440.959
0.185366 -0.66223 0.72601 69.645
0.907143 -0.168125 -0.38578 107.853
0.377534 0.730109 0.569569 440.899
0.185903 -0.662326 0.725786 69.7143
0.907351 -0.168402 -0.385168 107.735
0.377212 0.73057 0.569191 440.915
0.185539 -0.661747 0.726407 69.9294
0.907412 -0.168928 -0.384794 107.707
0.377165 0.731193 0.568422 441.028
0.185336 -0.660924 0.727207 69.9594
0.907336 -0.169091 -0.384902 107.701
0.377292 0.731385 0.56809 441.054
0.185453 -0.660669 0.727409 70.0805
0.907353 -0.16967 -0.384607 107.685
0.377522 0.73133 0.568009 441.087
0.184901 -0.660582 0.727629 70.1634
0.906661 -0.168757 -0.386636 107.572
0.378334 0.730725 0.568248 441.126
0.186629 -0.661485 0.726366 70.2934
0.906548 -0.168749 -0.386903 107.451
0.378269 0.731525 0.56726 441.253
0.187305 -0.660602 0.726995 70.3478
0.906714 -0.170113 -0.385917 107.516
0.378639 0.731356 0.567231 441.29
0.18575 -0.66044 0.727541 70.137
0.906105 -0.170457 -0.387192 107.493
0.379382 0.732387 0.565402 441.468
0.187198 -0.659207 0.728288 70.5733
0.90608 -0.169672 -0.387596 107.421
0.379322 0.731579 0.566486 441.481
0.187441 -0.660305 0.72723 70.6516
0.906317 -0.168673 -0.387477 107.404
0.378905 0.73036 0.568335 441.511
0.187136 -0.661909 0.725849 70.7723
0.906094 -0.168539 -0.388058 107.481
0.37955 0.729046 0.569592 441.558
0.186914 -0.66339 0.724553 70.7114
0.90616 -0.168063 -0.388109 107.394
0.379328 0.728783 0.570074 441.611
0.187039 -0.663799 0.724146 70.7285
0.906005 -0.168182 -0.38842 107.374
0.379441 0.729367 0.569252 441.706
0.187563 -0.663128 0.724625 70.9076
0.906292 -0.168462 -0.387627 107.289
0.379319 0.728714 0.57017 441.84
0.186417 -0.663775 0.724328 70.8316
0.906953 -0.168487 -0.386068 107.257
0.378295 0.728928 0.570575 441.859
0.185281 -0.663533 0.724842 71.0981
0.907301 -0.169558 -0.38478 107.133
0.377816 0.730385 0.569027 442.069
0.184555 -0.661655 0.726741 71.3226
0.907214 -0.170857 -0.384409 107.139
0.378358 0.73082 0.568109 442.111
0.183868 -0.66084 0.727656 71.383
0.906291 -0.168768 -0.387497 107.015
0.378812 0.730964 0.56762 442.155
0.187451 -0.661217 0.726398 71.5607
0.905653 -0.168644 -0.38904 106.969
0.379708 0.730915 0.567085 442.277
0.188719 -0.661304 0.725991 71.7258
0.905747 -0.169734 -0.388347 106.834
0.379857 0.731502 0.566228 442.358
0.187969 -0.660375 0.72703 71.8163
0.905879 -0.169969 -0.387935 106.818
0.380038 0.730521 0.567371 442.354
0.18696 -0.661399 0.726359 71.6069
0.906071 -0.169512 -0.387686 106.848
0.379385 0.731167 0.566976 442.426
0.187354 -0.660803 0.7268 71.7779
0.906137 -0.169557 -0.387513 106.731
0.379535 0.730364 0.56791 442.445
0.186733 -0.661679 0.726163 71.7543
0.905779 -0.170247 -0.388048 106.736
0.380279 0.730595 0.567115 442.543
0.186956 -0.661247 0.726498 71.9018
0.905507 -0.16926 -0.389111 106.779
0.380368 0.73024 0.567512 442.572
0.188088 -0.661892 0.725619 71.9326
0.905338 -0.170182 -0.389103 106.657
0.380888 0.730621 0.566673 442.551
0.187849 -0.661235 0.726279 72.0939
0.905239 -0.168964 -0.389864 106.639
0.380839 0.72953 0.568108 442.64
0.188428 -0.662749 0.724747 71.9421
0.904983 -0.167557 -0.391063 106.68
0.380717 0.729211 0.568599 442.702
0.189895 -0.663457 0.723716 72.0421
0.905088 -0.167776 -0.390725 106.636
0.380932 0.728242 0.569697 442.757
0.188961 -0.664466 0.723034 72.1806
0.905865 -0.167248 -0.38915 106.518
0.379804 0.727441 0.571471 442.786
0.187506 -0.665476 0.722484 72.21
0.906212 -0.167539 -0.388215 106.657
0.379325 0.727754 0.57139 442.754
0.186795 -0.66506 0.723051 72.2878
0.905587 -0.166271 -0.390214 106.513
0.37994 0.726969 0.57198 442.748
0.18857 -0.666236 0.721507 72.364
0.905564 -0.166646 -0.390105 106.481
0.380348 0.726189 0.5727 442.803
0.187852 -0.666992 0.720994 72.141
0.905518 -0.16765 -0.389782 106.47
0.38066 0.726794 0.571724 442.907
0.187441 -0.666081 0.721943 72.2506
0.905072 -0.166393 -0.391353 106.426
0.380924 0.726331 0.572136 442.812
0.189053 -0.6669 0.720765 72.4262
0.905012 -0.166373 -0.391501 106.415
0.381146 0.72583 0.572624 442.869
0.188894 -0.667451 0.720297 72.2532
0.905381 -0.166545 -0.390573 106.353
0.380451 0.726629 0.572074 442.927
0.188526 -0.666539 0.721238 72.5099
0.905181 -0.166685 -0.390978 106.354
0.380606 0.727319 0.571091 443.031
0.189174 -0.66575 0.721797 72.3798
0.905361 -0.167555 -0.390187 106.329
0.38069 0.727364 0.570979 443.01
0.188138 -0.665482 0.722314 72.3785
0.905655 -0.167917 -0.38935 106.25
0.380359 0.727547 0.570966 442.992
0.187396 -0.665191 0.722775 72.419
0.906022 -0.16858 -0.388207 106.17
0.379896 0.728248 0.57038 443.028
0.186556 -0.664255 0.723852 72.5051
0.90588 -0.170201 -0.38783 106.257
0.380479 0.729289 0.568659 443.167
0.186054 -0.662698 0.725407 72.7441
0.905892 -0.169583 -0.388073 106.151
0.380438 0.728467 0.569739 443.109
0.18608 -0.66376 0.724428 72.5964
0.905631 -0.1689 -0.38898 106.212
0.380527 0.72851 0.569624 443.048
0.187166 -0.663887 0.724033 72.8144
0.905708 -0.168606 -0.388928 106.124
0.380395 0.728149 0.570174 443.106
0.187062 -0.664358 0.723627 72.7793
0.905528 -0.168998 -0.389176 106.175
0.380577 0.729009 0.568952 443.188
0.187562 -0.663314 0.724455 72.8705
0.905924 -0.168658 -0.388401 106.171
0.379971 0.728605 0.569874 443.164
0.186877 -0.663844 0.724146 72.7463
0.905733 -0.169076 -0.388667 106.077
0.380356 0.728847 0.569307 443.287
0.187022 -0.663472 0.72445 72.7821
0.90589 -0.16943 -0.388144 106.09
0.380307 0.728721 0.569501 443.308
0.186358 -0.66352 0.724577 72.7698
0.906165 -0.170059 -0.387228 106.04
0.379915 0.729606 0.56863 443.363
0.185823 -0.662386 0.725751 73.0709
0.906678 -0.170002 -0.386049 106.02
0.379121 0.72966 0.569091 443.404
0.184938 -0.662341 0.726018 73.1552
0.906897 -0.170973 -0.385106 105.93
0.37884 0.730943 0.567628 443.512
0.184442 -0.660674 0.727661 73.211
0.908 -0.173458 -0.381377 105.92
0.377579 0.733284 0.565446 443.476
0.181576 -0.657425 0.731316 73.4618
0.908443 -0.175053 -0.37959 105.81
0.376842 0.735941 0.562477 443.565
0.180892 -0.654024 0.734528 73.5522
0.911512 -0.179073 -0.370241 105.532
0.372825 0.739835 0.56004 443.795
0.173629 -0.648519 0.741132 73.8414
0.911398 -0.178403 -0.370844 105.408
0.3728 0.739556 0.560425 443.779
0.174278 -0.649021 0.740539 73.7928
0.91096 -0.17841 -0.371916 105.443
0.373572 0.739154 0.560442 443.792
0.174915 -0.649478 0.739989 73.7514
0.910525 -0.178598 -0.37289 105.54
0.373991 0.740308 0.558637 443.868
0.176281 -0.64811 0.740863 73.9318
