0.953931 0.0689413 -0.291997 160.595
0.261228 -0.669528 0.695336 427.463
-0.147563 -0.739581 -0.656693 44.4323
0.953931 0.0689413 -0.291997 160.595
0.261228 -0.669528 0.695336 427.463
-0.147563 -0.739581 -0.656693 44.4323
0.95447 0.071188 -0.289689 160.52
0.261309 -0.667948 0.696824 427.335
-0.143892 -0.740795 -0.656138 45.5595
0.95447 0.071188 -0.289689 160.52
0.261309 -0.667948 0.696824 427.335
-0.143892 -0.740795 -0.656138 45.5595
0.954666 0.0771437 -0.28751 159.787
0.264525 -0.662816 0.700501 427.258
-0.136527 -0.744798 -0.653174 48.0147
0.954666 0.0771437 -0.28751 159.787
0.264525 -0.662816 0.700501 427.258
-0.136527 -0.744798 -0.653174 48.0147
0.955479 0.0775075 -0.284698 159.862
0.262614 -0.663273 0.700788 427.152
-0.134516 -0.744353 -0.654097 48.0214
0.955479 0.0775075 -0.284698 159.862
0.262614 -0.663273 0.700788 427.152
-0.134516 -0.744353 -0.654097 48.0214
0.955822 0.0797174 -0.28293 159.493
0.263063 -0.661453 0.702337 427.126
-0.131157 -0.745738 -0.653202 48.9967
0.955822 0.0797174 -0.28293 159.493
0.263063 -0.661453 0.702337 427.126
-0.131157 -0.745738 -0.653202 48.9967
0.955825 0.0792577 -0.283048 159.781
0.262803 -0.66174 0.702164 427.17
-0.131652 -0.745532 -0.653337 48.3326
0.955825 0.0792577 -0.283048 159.781
0.262803 -0.66174 0.702164 427.17
-0.131652 -0.745532 -0.653337 48.3326
0.955918 0.0784083 -0.282973 160.065
0.262038 -0.66266 0.701582 427.203
-0.132505 -0.744804 -0.653995 47.7491
0.955918 0.0784083 -0.282973 160.065
0.262038 -0.66266 0.701582 427.203
-0.132505 -0.744804 -0.653995 47.7491
0.956557 0.0797986 -0.280411 160.11
0.260918 -0.663444 0.701259 427.074
-0.130078 -0.743959 -0.655443 47.7949
0.956557 0.0797986 -0.280411 160.11
0.260918 -0.663444 0.701259 427.074
-0.130078 -0.743959 -0.655443 47.7949
0.957594 0.0848871 -0.275332 159.702
0.261016 -0.660232 0.704248 426.819
-0.122001 -0.746249 -0.654391 49.4957
0.957594 0.0848871 -0.275332 159.702
0.261016 -0.660232 0.704248 426.819
-0.122001 -0.746249 -0.654391 49.4957
0.957884 0.0879567 -0.273355 159.206
0.261865 -0.658198 0.705834 426.774
-0.117839 -0.747689 -0.65351 50.7297
0.957884 0.0879567 -0.273355 159.206
0.261865 -0.658198 0.705834 426.774
-0.117839 -0.747689 -0.65351 50.7297
0.958321 0.0898386 -0.271201 159.312
0.261416 -0.658686 0.705545 426.816
-0.115251 -0.747035 -0.654718 50.7345
0.958321 0.0898386 -0.271201 159.312
0.261416 -0.658686 0.705545 426.816
-0.115251 -0.747035 -0.654718 50.7345
0.957917 0.0874333 -0.273404 159.492
0.261368 -0.659432 0.704866 426.855
-0.118662 -0.746663 -0.654534 50.0553
0.957917 0.0874333 -0.273404 159.492
0.261368 -0.659432 0.704866 426.855
-0.118662 -0.746663 -0.654534 50.0553
0.958287 0.0866231 -0.272364 159.609
0.25983 -0.661005 0.703961 426.896
-0.119055 -0.745365 -0.65594 49.6698
0.958287 0.0866231 -0.272364 159.609
0.25983 -0.661005 0.703961 426.896
-0.119055 -0.745365 -0.65594 49.6698
0.958624 0.0914761 -0.269579 159.2
0.261239 -0.658946 0.705368 426.651
-0.113114 -0.746607 -0.655579 50.524
0.958624 0.0914761 -0.269579 159.2
0.261239 -0.658946 0.705368 426.651
-0.113114 -0.746607 -0.655579 50.524
0.95822 0.0911184 -0.271129 159.249
0.261951 -0.660233 0.703899 426.672
-0.11487 -0.745513 -0.656517 49.8507
0.95822 0.0911184 -0.271129 159.249
0.261951 -0.660233 0.703899 426.672
-0.11487 -0.745513 -0.656517 49.8507
0.958466 0.0893723 -0.270842 159.483
0.260527 -0.660771 0.703923 426.571
-0.116053 -0.745248 -0.65661 49.4356
0.958466 0.0893723 -0.270842 159.483
0.260527 -0.660771 0.703923 426.571
-0.116053 -0.745248 -0.65661 49.4356
0.958369 0.0905493 -0.270795 159.178
0.261228 -0.660944 0.7035 426.549
-0.115279 -0.744952 -0.657082 49.5276
0.958369 0.0905493 -0.270795 159.178
0.261228 -0.660944 0.7035 426.549
-0.115279 -0.744952 -0.657082 49.5276
0.958209 0.0908015 -0.271277 159.155
0.261726 -0.661061 0.703206 426.603
-0.115478 -0.744818 -0.657199 49.4972
0.958209 0.0908015 -0.271277 159.155
0.261726 -0.661061 0.703206 426.603
-0.115478 -0.744818 -0.657199 49.4972
0.958394 0.0905463 -0.270707 159.356
0.261071 -0.661528 0.70301 426.556
-0.115425 -0.744434 -0.657643 49.2298
0.958394 0.0905463 -0.270707 159.356
0.261071 -0.661528 0.70301 426.556
-0.115425 -0.744434 -0.657643 49.2298
0.956911 0.075484 -0.2804 160.636
0.256088 -0.674598 0.692341 427.061
-0.136896 -0.734316 -0.664861 42.2414
0.956911 0.075484 -0.2804 160.636
0.256088 -0.674598 0.692341 427.061
-0.136896 -0.734316 -0.664861 42.2414
0.956829 0.0750698 -0.280789 160.494
0.256103 -0.674573 0.69236 427.078
-0.137437 -0.734381 -0.664676 42.0966
0.956829 0.0750698 -0.280789 160.494
0.256103 -0.674573 0.69236 427.078
-0.137437 -0.734381 -0.664676 42.0966
0.956998 0.0745227 -0.280358 160.633
0.255345 -0.675043 0.692182 427.052
-0.13767 -0.734005 -0.665044 41.9636
0.956998 0.0745227 -0.280358 160.633
0.255345 -0.675043 0.692182 427.052
-0.13767 -0.734005 -0.665044 41.9636
0.956708 0.0749508 -0.281233 160.345
0.256296 -0.674844 0.692025 427.032
-0.137921 -0.734145 -0.664838 42.1665
0.956708 0.0749508 -0.281233 160.345
0.256296 -0.674844 0.692025 427.032
-0.137921 -0.734145 -0.664838 42.1665
0.956708 0.0749508 -0.281233 160.345
0.256296 -0.674844 0.692025 427.032
-0.137921 -0.734145 -0.664838 42.1665
0.956777 0.0746384 -0.281083 160.194
0.255945 -0.675044 0.69196 427.02
-0.138097 -0.733993 -0.664969 42.3366
0.956777 0.0746384 -0.281083 160.194
0.255945 -0.675044 0.69196 427.02
-0.138097 -0.733993 -0.664969 42.3366
0.957045 0.0754499 -0.27995 160.132
0.25566 -0.675032 0.692077 426.959
-0.136758 -0.733921 -0.665325 42.469
0.957045 0.0754499 -0.27995 160.132
0.25566 -0.675032 0.692077 426.959
-0.136758 -0.733921 -0.665325 42.469
0.957088 0.0729172 -0.280472 160.222
0.254162 -0.676169 0.691518 426.877
-0.139223 -0.733129 -0.665686 42.0098
0.957088 0.0729172 -0.280472 160.222
0.254162 -0.676169 0.691518 426.877
-0.139223 -0.733129 -0.665686 42.0098
0.956095 0.0738387 -0.283603 159.927
0.257316 -0.674664 0.691821 427.036
-0.140253 -0.734422 -0.664043 42.1839
0.956095 0.0738387 -0.283603 159.927
0.257316 -0.674664 0.691821 427.036
-0.140253 -0.734422 -0.664043 42.1839
0.95738 0.0730485 -0.27944 160.273
0.253277 -0.677365 0.690672 426.837
-0.138831 -0.732012 -0.666997 41.9409
0.95738 0.0730485 -0.27944 160.273
0.253277 -0.677365 0.690672 426.837
-0.138831 -0.732012 -0.666997 41.9409
0.957464 0.0727751 -0.279226 160.069
0.252948 -0.677333 0.690824 426.857
-0.138854 -0.732068 -0.66693 42.183
0.957464 0.0727751 -0.279226 160.069
0.252948 -0.677333 0.690824 426.857
-0.138854 -0.732068 -0.66693 42.183
0.957203 0.0732764 -0.279987 160.066
0.253773 -0.677616 0.690243 426.87
-0.139145 -0.731756 -0.667212 42.0335
0.957203 0.0732764 -0.279987 160.066
0.253773 -0.677616 0.690243 426.87
-0.139145 -0.731756 -0.667212 42.0335
0.956551 0.0740582 -0.282002 159.927
0.255915 -0.676699 0.690352 426.952
-0.139704 -0.732526 -0.66625 42.0446
0.956551 0.0740582 -0.282002 159.927
0.255915 -0.676699 0.690352 426.952
-0.139704 -0.732526 -0.66625 42.0446
0.956267 0.0753192 -0.282631 159.797
0.257298 -0.676165 0.690361 426.978
-0.139108 -0.73289 -0.665974 42.1085
0.956267 0.0753192 -0.282631 159.797
0.257298 -0.676165 0.690361 426.978
-0.139108 -0.73289 -0.665974 42.1085
0.956968 0.073562 -0.280715 160.02
0.254341 -0.678375 0.689288 426.829
-0.139725 -0.731024 -0.667893 41.7213
0.956968 0.073562 -0.280715 160.02
0.254341 -0.678375 0.689288 426.829
-0.139725 -0.731024 -0.667893 41.7213
0.956619 0.0736849 -0.281871 159.77
0.255484 -0.677177 0.690043 426.791
-0.140031 -0.732121 -0.666626 42.1679
0.956619 0.0736849 -0.281871 159.77
0.255484 -0.677177 0.690043 426.791
-0.140031 -0.732121 -0.666626 42.1679
0.957575 0.0755747 -0.278097 159.94
0.253753 -0.678522 0.68936 426.74
-0.136597 -0.730682 -0.668914 41.902
0.957575 0.0755747 -0.278097 159.94
0.253753 -0.678522 0.68936 426.74
-0.136597 -0.730682 -0.668914 41.902
0.957237 0.0755249 -0.279274 159.735
0.254697 -0.677834 0.689689 426.794
-0.137212 -0.731326 -0.668083 41.9343
0.957528 0.0755319 -0.27827 159.73
0.253869 -0.678418 0.68942 426.757
-0.13671 -0.730783 -0.66878 41.9714
0.957528 0.0755319 -0.27827 159.73
0.253869 -0.678418 0.68942 426.757
-0.13671 -0.730783 -0.66878 41.9714
0.957528 0.0755319 -0.27827 159.73
0.253869 -0.678418 0.68942 426.757
-0.13671 -0.730783 -0.66878 41.9714
0.957299 0.0778658 -0.278417 159.556
0.255641 -0.677728 0.689444 426.841
-0.135007 -0.731178 -0.668694 42.0659
0.957299 0.0778658 -0.278417 159.556
0.255641 -0.677728 0.689444 426.841
-0.135007 -0.731178 -0.668694 42.0659
0.957025 0.0779237 -0.279339 159.638
0.256248 -0.678239 0.688716 426.882
-0.135791 -0.730698 -0.669059 41.7581
0.957025 0.0779237 -0.279339 159.638
0.256248 -0.678239 0.688716 426.882
-0.135791 -0.730698 -0.669059 41.7581
0.956963 0.0792685 -0.279175 159.7
0.256954 -0.678581 0.688115 426.815
-0.134897 -0.730236 -0.669745 41.6331
0.956963 0.0792685 -0.279175 159.7
0.256954 -0.678581 0.688115 426.815
-0.134897 -0.730236 -0.669745 41.6331
0.95651 0.0786518 -0.280895 159.474
0.258075 -0.677018 0.689234 426.659
-0.135962 -0.731752 -0.667873 42.3621
0.95651 0.0786518 -0.280895 159.474
0.258075 -0.677018 0.689234 426.659
-0.135962 -0.731752 -0.667873 42.3621
0.955637 0.0767287 -0.284378 159.301
0.259321 -0.677018 0.688766 426.803
-0.139681 -0.731956 -0.666881 42.0641
0.955637 0.0767287 -0.284378 159.301
0.259321 -0.677018 0.688766 426.803
-0.139681 -0.731956 -0.666881 42.0641
0.955585 0.0734658 -0.285412 159.419
0.257613 -0.678617 0.687834 426.764
-0.143153 -0.730809 -0.667402 41.7254
0.955585 0.0734658 -0.285412 159.419
0.257613 -0.678617 0.687834 426.764
-0.143153 -0.730809 -0.667402 41.7254
0.95543 0.0733918 -0.285949 159.335
0.257959 -0.678579 0.687741 426.806
-0.143565 -0.730852 -0.667267 41.6189
0.95543 0.0733918 -0.285949 159.335
0.257959 -0.678579 0.687741 426.806
-0.143565 -0.730852 -0.667267 41.6189
0.956373 0.0756598 -0.282181 159.568
0.256638 -0.679105 0.687716 426.648
-0.139598 -0.730132 -0.668895 41.5642
0.956373 0.0756598 -0.282181 159.568
0.256638 -0.679105 0.687716 426.648
-0.139598 -0.730132 -0.668895 41.5642
0.956187 0.0776421 -0.282272 159.397
0.258225 -0.677965 0.688246 426.611
-0.137934 -0.730982 -0.668311 41.7575
0.956187 0.0776421 -0.282272 159.397
0.258225 -0.677965 0.688246 426.611
-0.137934 -0.730982 -0.668311 41.7575
0.955727 0.078108 -0.283697 159.135
0.259888 -0.676217 0.68934 426.675
-0.137998 -0.73255 -0.666578 42.3494
0.955727 0.078108 -0.283697 159.135
0.259888 -0.676217 0.68934 426.675
-0.137998 -0.73255 -0.666578 42.3494
0.956262 0.0787419 -0.281714 159.18
0.258615 -0.677603 0.688457 426.655
-0.13668 -0.7312 -0.66833 42.1896
0.956262 0.0787419 -0.281714 159.18
0.258615 -0.677603 0.688457 426.655
-0.13668 -0.7312 -0.66833 42.1896
0.956163 0.0774683 -0.282401 159.091
0.258185 -0.678064 0.688164 426.58
-0.138175 -0.730909 -0.668341 42.096
0.956163 0.0774683 -0.282401 159.091
0.258185 -0.678064 0.688164 426.58
-0.138175 -0.730909 -0.668341 42.096
0.955964 0.0777074 -0.283011 158.987
0.258865 -0.677621 0.688345 426.669
-0.138284 -0.731294 -0.667897 42.2323
0.955964 0.0777074 -0.283011 158.987
0.258865 -0.677621 0.688345 426.669
-0.138284 -0.731294 -0.667897 42.2323
0.956224 0.0757284 -0.282668 158.892
0.257094 -0.678788 0.687859 426.633
-0.139781 -0.730419 -0.668542 41.981
0.956224 0.0757284 -0.282668 158.892
0.257094 -0.678788 0.687859 426.633
-0.139781 -0.730419 -0.668542 41.981
0.955471 0.0770623 -0.284844 158.718
0.259909 -0.676841 0.688719 426.702
-0.13972 -0.732084 -0.666731 42.1589
0.955471 0.0770623 -0.284844 158.718
0.259909 -0.676841 0.688719 426.702
-0.13972 -0.732084 -0.666731 42.1589
0.95657 0.0753711 -0.28159 158.909
0.256 -0.679226 0.687834 426.504
-0.139421 -0.730049 -0.669022 42.0497
0.95657 0.0753711 -0.28159 158.909
0.256 -0.679226 0.687834 426.504
-0.139421 -0.730049 -0.669022 42.0497
0.956423 0.0756105 -0.282024 158.85
0.25654 -0.678857 0.687998 426.564
-0.139434 -0.730368 -0.668671 42.0048
0.956423 0.0756105 -0.282024 158.85
0.25654 -0.678857 0.687998 426.564
-0.139434 -0.730368 -0.668671 42.0048
0.955681 0.0743067 -0.284872 158.82
0.25775 -0.678759 0.687642 426.617
-0.142263 -0.730592 -0.66783 41.8108
0.955681 0.0743067 -0.284872 158.82
0.25775 -0.678759 0.687642 426.617
-0.142263 -0.730592 -0.66783 41.8108
0.955835 0.0731908 -0.284643 158.737
0.256874 -0.67864 0.688087 426.524
-0.142808 -0.730816 -0.667469 42.1072
0.955835 0.0731908 -0.284643 158.737
0.256874 -0.67864 0.688087 426.524
-0.142808 -0.730816 -0.667469 42.1072
0.955951 0.0717776 -0.284615 158.579
0.25576 -0.679475 0.687677 426.504
-0.144029 -0.730179 -0.667903 42.0091
0.955951 0.0717776 -0.284615 158.579
0.25576 -0.679475 0.687677 426.504
-0.144029 -0.730179 -0.667903 42.0091
0.95606 0.0730629 -0.283921 158.511
0.256186 -0.679071 0.687918 426.574
-0.142541 -0.730427 -0.667951 42.1731
0.95606 0.0730629 -0.283921 158.511
0.256186 -0.679071 0.687918 426.574
-0.142541 -0.730427 -0.667951 42.1731
0.956568 0.0729629 -0.282232 158.626
0.254688 -0.680189 0.68737 426.555
-0.141818 -0.729396 -0.66923 42.0123
0.956568 0.0729629 -0.282232 158.626
0.254688 -0.680189 0.68737 426.555
-0.141818 -0.729396 -0.66923 42.0123
0.956741 0.074588 -0.281217 158.467
0.255117 -0.67974 0.687655 426.486
-0.139864 -0.729651 -0.669364 42.2762
0.956741 0.074588 -0.281217 158.467
0.255117 -0.67974 0.687655 426.486
-0.139864 -0.729651 -0.669364 42.2762
0.956566 0.0728088 -0.282276 158.417
0.254494 -0.680826 0.68681 426.537
-0.142175 -0.728817 -0.669785 41.9562
0.956566 0.0728088 -0.282276 158.417
0.254494 -0.680826 0.68681 426.537
-0.142175 -0.728817 -0.669785 41.9562
0.956324 0.0720878 -0.283279 158.32
0.254907 -0.679968 0.687507 426.462
-0.14306 -0.72969 -0.668645 42.2799
0.956324 0.0720878 -0.283279 158.32
0.254907 -0.679968 0.687507 426.462
-0.14306 -0.72969 -0.668645 42.2799
0.956353 0.073313 -0.282868 158.339
0.255401 -0.680058 0.687235 426.542
-0.141983 -0.729484 -0.669099 42.1149
0.956353 0.073313 -0.282868 158.339
0.255401 -0.680058 0.687235 426.542
-0.141983 -0.729484 -0.669099 42.1149
0.956798 0.0762897 -0.280565 158.264
0.255755 -0.679823 0.687336 426.529
-0.138298 -0.729398 -0.669965 41.9693
0.956798 0.0762897 -0.280565 158.264
0.255755 -0.679823 0.687336 426.529
-0.138298 -0.729398 -0.669965 41.9693
0.956553 0.0769686 -0.281217 158.199
0.256727 -0.67953 0.687263 426.364
-0.138198 -0.729599 -0.669766 42.1965
0.956553 0.0769686 -0.281217 158.199
0.256727 -0.67953 0.687263 426.364
-0.138198 -0.729599 -0.669766 42.1965
0.956298 0.0762326 -0.28228 158.204
0.256976 -0.67968 0.687021 426.342
-0.139487 -0.729537 -0.669567 41.9618
0.956298 0.0762326 -0.28228 158.204
0.256976 -0.67968 0.687021 426.342
-0.139487 -0.729537 -0.669567 41.9618
0.956583 0.0767137 -0.281182 158.268
0.256351 -0.680492 0.686451 426.356
-0.138682 -0.728729 -0.670613 41.8868
0.956583 0.0767137 -0.281182 158.268
0.256351 -0.680492 0.686451 426.356
-0.138682 -0.728729 -0.670613 41.8868
0.956393 0.079526 -0.281047 157.942
0.258387 -0.679024 0.687141 426.339
-0.136192 -0.729796 -0.669962 41.9808
0.956393 0.079526 -0.281047 157.942
0.258387 -0.679024 0.687141 426.339
-0.136192 -0.729796 -0.669962 41.9808
0.956499 0.0810765 -0.280242 157.718
0.258834 -0.679008 0.686988 426.203
-0.134588 -0.72964 -0.670456 42.1141
0.956499 0.0810765 -0.280242 157.718
0.258834 -0.679008 0.686988 426.203
-0.134588 -0.72964 -0.670456 42.1141
0.955901 0.0788951 -0.282893 157.372
0.259245 -0.679294 0.68655 426.265
-0.138002 -0.729613 -0.669791 42.3198
0.955901 0.0788951 -0.282893 157.372
0.259245 -0.679294 0.68655 426.265
-0.138002 -0.729613 -0.669791 42.3198
0.956156 0.0754425 -0.282974 157.548
0.256675 -0.681123 0.685703 426.095
-0.141009 -0.728272 -0.670624 42.2169
0.956156 0.0754425 -0.282974 157.548
0.256675 -0.681123 0.685703 426.095
-0.141009 -0.728272 -0.670624 42.2169
0.955284 0.0744344 -0.286169 157.319
0.258343 -0.680912 0.685287 426.228
-0.143847 -0.728573 -0.669693 42.0171
0.955284 0.0744344 -0.286169 157.319
0.258343 -0.680912 0.685287 426.228
-0.143847 -0.728573 -0.669693 42.0171
0.95551 0.0733222 -0.285699 157.21
0.256992 -0.682329 0.684385 426.075
-0.14476 -0.727359 -0.670815 41.9553
0.95551 0.0733222 -0.285699 157.21
0.256992 -0.682329 0.684385 426.075
-0.14476 -0.727359 -0.670815 41.9553
0.954441 0.0749793 -0.288825 156.852
0.260489 -0.681502 0.683886 426.041
-0.145558 -0.727965 -0.669985 41.8358
0.954441 0.0749793 -0.288825 156.852
0.260489 -0.681502 0.683886 426.041
-0.145558 -0.727965 -0.669985 41.8358
0.954441 0.0749793 -0.288825 156.852
0.260489 -0.681502 0.683886 426.041
-0.145558 -0.727965 -0.669985 41.8358
0.954176 0.0750762 -0.289676 156.708
0.261188 -0.681379 0.683743 425.965
-0.146047 -0.728071 -0.669764 42.0548
0.954176 0.0750762 -0.289676 156.708
0.261188 -0.681379 0.683743 425.965
-0.146047 -0.728071 -0.669764 42.0548
0.953052 0.0732449 -0.293815 156.568
0.26306 -0.680835 0.683567 426.106
-0.149971 -0.728765 -0.668139 41.9575
0.953052 0.0732449 -0.293815 156.568
0.26306 -0.680835 0.683567 426.106
-0.149971 -0.728765 -0.668139 41.9575
0.953382 0.0749081 -0.292321 156.472
0.263006 -0.681211 0.683212 426.006
-0.147954 -0.728245 -0.669156 42.1504
0.953382 0.0749081 -0.292321 156.472
0.263006 -0.681211 0.683212 426.006
-0.147954 -0.728245 -0.669156 42.1504
0.953731 0.0777019 -0.290447 156.52
0.263457 -0.68145 0.6828 425.974
-0.14487 -0.727728 -0.670391 41.9611
0.953731 0.0777019 -0.290447 156.52
0.263457 -0.68145 0.6828 425.974
-0.14487 -0.727728 -0.670391 41.9611
0.953444 0.0770159 -0.291569 156.303
0.263749 -0.681745 0.682393 425.993
-0.14622 -0.727525 -0.670319 41.8633
0.953444 0.0770159 -0.291569 156.303
0.263749 -0.681745 0.682393 425.993
-0.14622 -0.727525 -0.670319 41.8633
0.953187 0.0785269 -0.292006 156.151
0.265276 -0.68065 0.682893 425.925
-0.145128 -0.728388 -0.669619 42.2135
0.953187 0.0785269 -0.292006 156.151
0.265276 -0.68065 0.682893 425.925
-0.145128 -0.728388 -0.669619 42.2135
0.9532 0.0779858 -0.292111 156.261
0.264811 -0.68157 0.682157 425.926
-0.145895 -0.727586 -0.670324 41.9244
0.9532 0.0779858 -0.292111 156.261
0.264811 -0.68157 0.682157 425.926
-0.145895 -0.727586 -0.670324 41.9244
0.953133 0.0773194 -0.292504 156.22
0.264621 -0.681734 0.682067 425.909
-0.146673 -0.727503 -0.670243 41.8447
0.953133 0.0773194 -0.292504 156.22
0.264621 -0.681734 0.682067 425.909
-0.146673 -0.727503 -0.670243 41.8447
0.952698 0.077257 -0.293935 156.116
0.265711 -0.681202 0.682174 425.96
-0.147526 -0.728008 -0.669508 41.9841
0.952698 0.077257 -0.293935 156.116
0.265711 -0.681202 0.682174 425.96
-0.147526 -0.728008 -0.669508 41.9841
0.952492 0.0759984 -0.294928 156.075
0.265573 -0.681304 0.682126 425.869
-0.149095 -0.728045 -0.66912 41.9953
0.952492 0.0759984 -0.294928 156.075
0.265573 -0.681304 0.682126 425.869
-0.149095 -0.728045 -0.66912 41.9953
0.952374 0.0774343 -0.294936 156.06
0.266591 -0.680975 0.682057 425.986
-0.14803 -0.728201 -0.669187 41.9168
0.952374 0.0774343 -0.294936 156.06
0.266591 -0.680975 0.682057 425.986
-0.14803 -0.728201 -0.669187 41.9168
0.952102 0.0768139 -0.295976 155.78
0.26697 -0.680767 0.682117 425.965
-0.149095 -0.728462 -0.668666 42.268
0.952102 0.0768139 -0.295976 155.78
0.26697 -0.680767 0.682117 425.965
-0.149095 -0.728462 -0.668666 42.268
0.952102 0.0768139 -0.295976 155.78
0.26697 -0.680767 0.682117 425.965
-0.149095 -0.728462 -0.668666 42.268
0.95216 0.0753724 -0.29616 155.802
0.266106 -0.680998 0.682223 425.874
-0.150263 -0.728396 -0.668476 42.4583
0.95216 0.0753724 -0.29616 155.802
0.266106 -0.680998 0.682223 425.874
-0.150263 -0.728396 -0.668476 42.4583
0.952506 0.0768728 -0.294656 155.766
0.265829 -0.681915 0.681415 425.881
-0.148548 -0.72738 -0.669963 42.1601
0.952506 0.0768728 -0.294656 155.766
0.265829 -0.681915 0.681415 425.881
-0.148548 -0.72738 -0.669963 42.1601
0.951578 0.0777776 -0.297405 155.575
0.268582 -0.680985 0.681266 425.855
-0.149541 -0.728155 -0.6689 42.109
0.951578 0.0777776 -0.297405 155.575
0.268582 -0.680985 0.681266 425.855
-0.149541 -0.728155 -0.6689 42.109
0.951528 0.0781993 -0.297454 155.41
0.268789 -0.681502 0.680667 425.871
-0.149488 -0.727626 -0.669488 42.1177
0.951528 0.0781993 -0.297454 155.41
0.268789 -0.681502 0.680667 425.871
-0.149488 -0.727626 -0.669488 42.1177
0.952292 0.0790313 -0.294778 155.368
0.267328 -0.681966 0.680777 425.784
-0.147226 -0.727101 -0.670558 42.3865
0.952292 0.0790313 -0.294778 155.368
0.267328 -0.681966 0.680777 425.784
-0.147226 -0.727101 -0.670558 42.3865
0.951145 0.0776204 -0.298829 155.291
0.269472 -0.681112 0.680787 425.878
-0.150693 -0.728053 -0.668753 42.3339
0.951145 0.0776204 -0.298829 155.291
0.269472 -0.681112 0.680787 425.878
-0.150693 -0.728053 -0.668753 42.3339
0.950988 0.0769198 -0.299507 155.369
0.269353 -0.681802 0.680144 425.909
-0.151888 -0.727482 -0.669104 42.0586
0.950988 0.0769198 -0.299507 155.369
0.269353 -0.681802 0.680144 425.909
-0.151888 -0.727482 -0.669104 42.0586
0.9506 0.0761561 -0.30093 155.161
0.269973 -0.681309 0.680392 425.885
-0.153211 -0.728024 -0.668212 42.3025
0.9506 0.0761561 -0.30093 155.161
0.269973 -0.681309 0.680392 425.885
-0.153211 -0.728024 -0.668212 42.3025
0.950734 0.0748524 -0.300837 155.171
0.268833 -0.682334 0.679816 425.878
-0.154385 -0.727199 -0.66884 42.2142
0.950734 0.0748524 -0.300837 155.171
0.268833 -0.682334 0.679816 425.878
-0.154385 -0.727199 -0.66884 42.2142
0.950539 0.0759893 -0.301167 155.152
0.269797 -0.682424 0.679343 425.832
-0.153901 -0.726996 -0.669172 42.3293
0.950539 0.0759893 -0.301167 155.152
0.269797 -0.682424 0.679343 425.832
-0.153901 -0.726996 -0.669172 42.3293
0.949059 0.0760339 -0.305787 154.977
0.273388 -0.681216 0.67912 426.013
-0.156671 -0.728123 -0.667301 42.2883
0.949059 0.0760339 -0.305787 154.977
0.273388 -0.681216 0.67912 426.013
-0.156671 -0.728123 -0.667301 42.2883
0.949088 0.07397 -0.306202 154.918
0.272086 -0.682347 0.678507 425.945
-0.158747 -0.727277 -0.667733 42.1601
0.949088 0.07397 -0.306202 154.918
0.272086 -0.682347 0.678507 425.945
-0.158747 -0.727277 -0.667733 42.1601
0.948634 0.0741935 -0.307552 154.772
0.273242 -0.682141 0.678249 426.017
-0.159472 -0.727447 -0.667375 42.2472
0.949095 0.0729093 -0.306435 154.937
0.271305 -0.683492 0.677667 425.915
-0.160038 -0.726308 -0.668479 41.8966
0.949095 0.0729093 -0.306435 154.937
0.271305 -0.683492 0.677667 425.915
-0.160038 -0.726308 -0.668479 41.8966
0.949095 0.0729093 -0.306435 154.937
0.271305 -0.683492 0.677667 425.915
-0.160038 -0.726308 -0.668479 41.8966
0.949086 0.0755393 -0.305827 154.823
0.272976 -0.681755 0.678745 425.902
-0.157227 -0.72767 -0.667664 42.4288
0.949086 0.0755393 -0.305827 154.823
0.272976 -0.681755 0.678745 425.902
-0.157227 -0.72767 -0.667664 42.4288
0.948765 0.0770992 -0.306433 154.61
0.274522 -0.681341 0.678537 425.92
-0.156471 -0.727894 -0.667598 42.4894
0.948765 0.0770992 -0.306433 154.61
0.274522 -0.681341 0.678537 425.92
-0.156471 -0.727894 -0.667598 42.4894
0.94805 0.0773722 -0.30857 154.453
0.276352 -0.680776 0.678362 425.946
-0.157581 -0.728394 -0.666791 42.6341
0.94805 0.0773722 -0.30857 154.453
0.276352 -0.680776 0.678362 425.946
-0.157581 -0.728394 -0.666791 42.6341
0.948337 0.0783449 -0.30744 154.722
0.27609 -0.6812 0.678042 425.919
-0.156307 -0.727893 -0.667638 42.1441
0.948337 0.0783449 -0.30744 154.722
0.27609 -0.6812 0.678042 425.919
-0.156307 -0.727893 -0.667638 42.1441
0.948041 0.0796924 -0.308006 154.455
0.277531 -0.680484 0.678173 425.962
-0.155548 -0.728417 -0.667243 42.534
0.948041 0.0796924 -0.308006 154.455
0.277531 -0.680484 0.678173 425.962
-0.155548 -0.728417 -0.667243 42.534
0.948556 0.0815132 -0.305938 154.528
0.277071 -0.681314 0.677527 425.927
-0.153212 -0.727439 -0.668849 42.1553
0.948556 0.0815132 -0.305938 154.528
0.277071 -0.681314 0.677527 425.927
-0.153212 -0.727439 -0.668849 42.1553
0.948281 0.0857554 -0.305629 154.458
0.280062 -0.679253 0.678366 425.989
-0.149426 -0.728877 -0.66814 42.4401
0.948281 0.0857554 -0.305629 154.458
0.280062 -0.679253 0.678366 425.989
-0.149426 -0.728877 -0.66814 42.4401
0.948303 0.0848914 -0.305803 154.335
0.279524 -0.679721 0.67812 425.908
-0.150294 -0.728542 -0.66831 42.5276
0.948303 0.0848914 -0.305803 154.335
0.279524 -0.679721 0.67812 425.908
-0.150294 -0.728542 -0.66831 42.5276
0.94799 0.0843975 -0.306907 154.205
0.279956 -0.679882 0.677779 425.911
-0.151458 -0.728449 -0.668149 42.4384
0.94799 0.0843975 -0.306907 154.205
0.279956 -0.679882 0.677779 425.911
-0.151458 -0.728449 -0.668149 42.4384
0.94793 0.0851029 -0.306898 154.151
0.28036 -0.680134 0.677359 425.972
-0.151087 -0.728131 -0.668579 42.3515
0.94793 0.0851029 -0.306898 154.151
0.28036 -0.680134 0.677359 425.972
-0.151087 -0.728131 -0.668579 42.3515
0.947763 0.0869157 -0.306904 154.212
0.281704 -0.679403 0.677536 425.972
-0.149623 -0.7286 -0.668398 42.4304
0.947763 0.0869157 -0.306904 154.212
0.281704 -0.679403 0.677536 425.972
-0.149623 -0.7286 -0.668398 42.4304
0.946962 0.086015 -0.309619 153.842
0.283174 -0.678833 0.677494 426.021
-0.151905 -0.729238 -0.667186 42.6416
0.946962 0.086015 -0.309619 153.842
0.283174 -0.678833 0.677494 426.021
-0.151905 -0.729238 -0.667186 42.6416
0.946962 0.086015 -0.309619 153.842
0.283174 -0.678833 0.677494 426.021
-0.151905 -0.729238 -0.667186 42.6416
0.947491 0.0870397 -0.30771 153.745
0.282372 -0.679352 0.677309 425.824
-0.150091 -0.728632 -0.668257 42.6783
0.947491 0.0870397 -0.30771 153.745
0.282372 -0.679352 0.677309 425.824
-0.150091 -0.728632 -0.668257 42.6783
0.946807 0.0867356 -0.309892 153.707
0.283788 -0.679087 0.676982 425.942
-0.151725 -0.728915 -0.667579 42.3974
0.946807 0.0867356 -0.309892 153.707
0.283788 -0.679087 0.676982 425.942
-0.151725 -0.728915 -0.667579 42.3974
0.946559 0.0878622 -0.310332 153.591
0.284921 -0.678697 0.676898 425.877
-0.151147 -0.729144 -0.667461 42.7581
0.946559 0.0878622 -0.310332 153.591
0.284921 -0.678697 0.676898 425.877
-0.151147 -0.729144 -0.667461 42.7581
0.946373 0.0865915 -0.311256 153.629
0.284512 -0.679835 0.675927 425.924
-0.153074 -0.728235 -0.668014 42.3542
0.946373 0.0865915 -0.311256 153.629
0.284512 -0.679835 0.675927 425.924
-0.153074 -0.728235 -0.668014 42.3542
0.946252 0.0859613 -0.311797 153.511
0.284562 -0.679474 0.676269 425.908
-0.153725 -0.728647 -0.667415 42.4935
0.946252 0.0859613 -0.311797 153.511
0.284562 -0.679474 0.676269 425.908
-0.153725 -0.728647 -0.667415 42.4935
0.945807 0.0854584 -0.313282 153.53
0.285264 -0.679616 0.67583 425.787
-0.155156 -0.728573 -0.667164 42.2248
0.945807 0.0854584 -0.313282 153.53
0.285264 -0.679616 0.67583 425.787
-0.155156 -0.728573 -0.667164 42.2248
0.945006 0.0865688 -0.315387 153.221
0.287937 -0.677536 0.676785 425.812
-0.155098 -0.730377 -0.665202 43.0072
0.945006 0.0865688 -0.315387 153.221
0.287937 -0.677536 0.676785 425.812
-0.155098 -0.730377 -0.665202 43.0072
0.945335 0.0860848 -0.314532 153.084
0.286836 -0.678351 0.676436 425.72
-0.155132 -0.729678 -0.665961 42.8354
0.945335 0.0860848 -0.314532 153.084
0.286836 -0.678351 0.676436 425.72
-0.155132 -0.729678 -0.665961 42.8354
0.945085 0.0832584 -0.31604 153.271
0.285826 -0.679483 0.675727 425.817
-0.158484 -0.728952 -0.665967 42.4839
0.945085 0.0832584 -0.31604 153.271
0.285826 -0.679483 0.675727 425.817
-0.158484 -0.728952 -0.665967 42.4839
0.945116 0.085013 -0.31548 153.143
0.286657 -0.679084 0.675775 425.792
-0.156788 -0.729121 -0.666183 42.4492
0.945116 0.085013 -0.31548 153.143
0.286657 -0.679084 0.675775 425.792
-0.156788 -0.729121 -0.666183 42.4492
0.944749 0.0847762 -0.316642 153.014
0.287329 -0.679104 0.67547 425.746
-0.157769 -0.72913 -0.665941 42.5857
0.944749 0.0847762 -0.316642 153.014
0.287329 -0.679104 0.67547 425.746
-0.157769 -0.72913 -0.665941 42.5857
0.945403 0.0818091 -0.315468 152.845
0.284445 -0.679595 0.676196 425.681
-0.159071 -0.729012 -0.665761 42.6063
0.945403 0.0818091 -0.315468 152.845
0.284445 -0.679595 0.676196 425.681
-0.159071 -0.729012 -0.665761 42.6063
0.945403 0.0818091 -0.315468 152.845
0.284445 -0.679595 0.676196 425.681
-0.159071 -0.729012 -0.665761 42.6063
0.944468 0.0817024 -0.318285 152.692
0.286554 -0.67885 0.676054 425.651
-0.160832 -0.729718 -0.664564 42.7463
0.944468 0.0817024 -0.318285 152.692
0.286554 -0.67885 0.676054 425.651
-0.160832 -0.729718 -0.664564 42.7463
0.944174 0.0816361 -0.319172 152.558
0.287029 -0.679376 0.675324 425.567
-0.161707 -0.729235 -0.664882 42.7444
0.944174 0.0816361 -0.319172 152.558
0.287029 -0.679376 0.675324 425.567
-0.161707 -0.729235 -0.664882 42.7444
0.944111 0.0818499 -0.319304 152.233
0.287232 -0.679522 0.675091 425.642
-0.161718 -0.729075 -0.665054 43.0817
0.944111 0.0818499 -0.319304 152.233
0.287232 -0.679522 0.675091 425.642
-0.161718 -0.729075 -0.665054 43.0817
0.94421 0.0805623 -0.319339 152.357
0.286138 -0.680769 0.674299 425.603
-0.163073 -0.728055 -0.66584 42.8085
0.94421 0.0805623 -0.319339 152.357
0.286138 -0.680769 0.674299 425.603
-0.163073 -0.728055 -0.66584 42.8085
0.943753 0.0809689 -0.320584 152.053
0.287403 -0.680274 0.67426 425.669
-0.163491 -0.728472 -0.665282 43.0191
0.943753 0.0809689 -0.320584 152.053
0.287403 -0.680274 0.67426 425.669
-0.163491 -0.728472 -0.665282 43.0191
0.942446 0.0770564 -0.325359 151.581
0.288017 -0.681347 0.672913 425.804
-0.16983 -0.727893 -0.664326 42.9545
0.942446 0.0770564 -0.325359 151.581
0.288017 -0.681347 0.672913 425.804
-0.16983 -0.727893 -0.664326 42.9545
0.942545 0.074328 -0.325705 151.39
0.286371 -0.681841 0.673115 425.789
-0.172048 -0.727714 -0.663952 43.1622
0.942545 0.074328 -0.325705 151.39
0.286371 -0.681841 0.673115 425.789
-0.172048 -0.727714 -0.663952 43.1622
0.942383 0.0703853 -0.327049 151.312
0.284466 -0.683071 0.672676 425.812
-0.176051 -0.726953 -0.663736 43.0243
0.942383 0.0703853 -0.327049 151.312
0.284466 -0.683071 0.672676 425.812
-0.176051 -0.726953 -0.663736 43.0243
0.941804 0.077685 -0.327064 150.945
0.289757 -0.680865 0.672655 425.882
-0.170431 -0.728278 -0.66375 43.2994
0.941804 0.077685 -0.327064 150.945
0.289757 -0.680865 0.672655 425.882
-0.170431 -0.728278 -0.66375 43.2994
0.941798 0.0806209 -0.326369 150.862
0.291124 -0.681074 0.671852 425.877
-0.168116 -0.727762 -0.664905 43.2104
0.941798 0.0806209 -0.326369 150.862
0.291124 -0.681074 0.671852 425.877
-0.168116 -0.727762 -0.664905 43.2104
0.941874 0.0849266 -0.325057 150.687
0.293155 -0.680374 0.671678 425.845
-0.164117 -0.727928 -0.665723 43.2849
0.941874 0.0849266 -0.325057 150.687
0.293155 -0.680374 0.671678 425.845
-0.164117 -0.727928 -0.665723 43.2849
0.941332 0.0915789 -0.324819 150.576
0.297762 -0.678395 0.671653 425.745
-0.158847 -0.728967 -0.665864 43.382
0.941332 0.0915789 -0.324819 150.576
0.297762 -0.678395 0.671653 425.745
-0.158847 -0.728967 -0.665864 43.382
0.941332 0.0915789 -0.324819 150.576
0.297762 -0.678395 0.671653 425.745
-0.158847 -0.728967 -0.665864 43.382
0.940888 0.092077 -0.325963 150.451
0.298774 -0.678978 0.670614 425.666
-0.159573 -0.728362 -0.666353 43.2267
0.940888 0.092077 -0.325963 150.451
0.298774 -0.678978 0.670614 425.666
-0.159573 -0.728362 -0.666353 43.2267
0.93978 0.0939274 -0.328619 150.175
0.302103 -0.677931 0.670182 425.791
-0.159833 -0.729101 -0.665482 43.2574
0.93978 0.0939274 -0.328619 150.175
0.302103 -0.677931 0.670182 425.791
-0.159833 -0.729101 -0.665482 43.2574
0.939911 0.0948032 -0.327993 150.075
0.30203 -0.678834 0.6693 425.712
-0.159201 -0.728146 -0.666677 43.4109
0.939911 0.0948032 -0.327993 150.075
0.30203 -0.678834 0.6693 425.712
-0.159201 -0.728146 -0.666677 43.4109
0.939193 0.0952377 -0.32992 149.972
0.303857 -0.678051 0.669266 425.737
-0.159963 -0.728818 -0.665759 43.5811
0.939193 0.0952377 -0.32992 149.972
0.303857 -0.678051 0.669266 425.737
-0.159963 -0.728818 -0.665759 43.5811
0.939125 0.0946854 -0.330271 149.992
0.303521 -0.679078 0.668377 425.779
-0.160994 -0.727934 -0.666478 43.1982
0.939125 0.0946854 -0.330271 149.992
0.303521 -0.679078 0.668377 425.779
-0.160994 -0.727934 -0.666478 43.1982
0.939053 0.0945345 -0.330519 149.732
0.303693 -0.678654 0.66873 425.609
-0.16109 -0.728349 -0.666002 43.606
0.939053 0.0945345 -0.330519 149.732
0.303693 -0.678654 0.66873 425.609
-0.16109 -0.728349 -0.666002 43.606
0.93798 0.0955889 -0.333251 149.349
0.306306 -0.678738 0.667452 425.669
-0.162389 -0.728133 -0.665922 43.5569
0.93798 0.0955889 -0.333251 149.349
0.306306 -0.678738 0.667452 425.669
-0.162389 -0.728133 -0.665922 43.5569
0.937951 0.0975634 -0.33276 149.336
0.307199 -0.67893 0.666845 425.65
-0.160861 -0.727691 -0.666775 43.3944
0.937951 0.0975634 -0.33276 149.336
0.307199 -0.67893 0.666845 425.65
-0.160861 -0.727691 -0.666775 43.3944
0.937383 0.0980491 -0.334214 149.04
0.308572 -0.678829 0.666315 425.631
-0.161542 -0.727721 -0.666578 43.5324
0.937383 0.0980491 -0.334214 149.04
0.308572 -0.678829 0.666315 425.631
-0.161542 -0.727721 -0.666578 43.5324
0.937159 0.0985208 -0.334705 148.84
0.309256 -0.678702 0.666126 425.589
-0.161538 -0.727775 -0.66652 43.6599
0.937159 0.0985208 -0.334705 148.84
0.309256 -0.678702 0.666126 425.589
-0.161538 -0.727775 -0.66652 43.6599
0.93751 0.0996163 -0.333394 148.711
0.308956 -0.679074 0.665887 425.553
-0.160066 -0.72728 -0.667415 43.8215
0.93751 0.0996163 -0.333394 148.711
0.308956 -0.679074 0.665887 425.553
-0.160066 -0.72728 -0.667415 43.8215
0.935919 0.0985304 -0.338153 148.352
0.311654 -0.678964 0.66474 425.673
-0.164097 -0.72753 -0.666163 43.847
0.935919 0.0985304 -0.338153 148.352
0.311654 -0.678964 0.66474 425.673
-0.164097 -0.72753 -0.666163 43.847
0.935321 0.0971065 -0.340213 148.274
0.312137 -0.679199 0.664273 425.656
-0.166567 -0.727502 -0.66558 43.7891
0.935321 0.0971065 -0.340213 148.274
0.312137 -0.679199 0.664273 425.656
-0.166567 -0.727502 -0.66558 43.7891
0.934459 0.0956135 -0.342993 148.114
0.313033 -0.679672 0.663367 425.713
-0.169696 -0.727258 -0.665056 43.6982
0.934459 0.0956135 -0.342993 148.114
0.313033 -0.679672 0.663367 425.713
-0.169696 -0.727258 -0.665056 43.6982
0.933965 0.0943115 -0.344695 148.105
0.313335 -0.679934 0.662957 425.701
-0.171845 -0.727183 -0.664585 43.446
0.933965 0.0943115 -0.344695 148.105
0.313335 -0.679934 0.662957 425.701
-0.171845 -0.727183 -0.664585 43.446
0.9347 0.0946022 -0.342616 148.125
0.31193 -0.680437 0.663103 425.699
-0.170398 -0.726675 -0.665514 43.4394
0.9347 0.0946022 -0.342616 148.125
0.31193 -0.680437 0.663103 425.699
-0.170398 -0.726675 -0.665514 43.4394
0.93508 0.0971258 -0.340869 148.002
0.312513 -0.679649 0.663636 425.623
-0.167215 -0.727079 -0.665879 43.925
0.93508 0.0971258 -0.340869 148.002
0.312513 -0.679649 0.663636 425.623
-0.167215 -0.727079 -0.665879 43.925
0.934238 0.09509 -0.343741 147.819
0.313134 -0.680056 0.662926 425.601
-0.170726 -0.726967 -0.66511 43.9531
0.934238 0.09509 -0.343741 147.819
0.313134 -0.680056 0.662926 425.601
-0.170726 -0.726967 -0.66511 43.9531
0.93424 0.0961023 -0.343452 147.607
0.313604 -0.67998 0.662782 425.659
-0.169845 -0.726906 -0.665403 44.0619
0.93424 0.0961023 -0.343452 147.607
0.313604 -0.67998 0.662782 425.659
-0.169845 -0.726906 -0.665403 44.0619
0.934814 0.094028 -0.342463 147.78
0.311188 -0.681543 0.662315 425.645
-0.171127 -0.725712 -0.666377 43.864
0.934814 0.094028 -0.342463 147.78
0.311188 -0.681543 0.662315 425.645
-0.171127 -0.725712 -0.666377 43.864
0.934709 0.0948835 -0.342515 147.657
0.311861 -0.681203 0.662348 425.555
-0.170477 -0.725919 -0.666317 43.9953
0.934709 0.0948835 -0.342515 147.657
0.311861 -0.681203 0.662348 425.555
-0.170477 -0.725919 -0.666317 43.9953
0.934146 0.0941742 -0.344242 147.515
0.312572 -0.681419 0.661791 425.577
-0.172249 -0.72581 -0.665981 43.9119
0.934146 0.0941742 -0.344242 147.515
0.312572 -0.681419 0.661791 425.577
-0.172249 -0.72581 -0.665981 43.9119
0.934175 0.0948097 -0.343989 147.439
0.312849 -0.68124 0.661844 425.557
-0.17159 -0.725895 -0.666058 43.9449
0.934175 0.0948097 -0.343989 147.439
0.312849 -0.68124 0.661844 425.557
-0.17159 -0.725895 -0.666058 43.9449
0.933795 0.0954202 -0.344851 147.386
0.313883 -0.681127 0.661471 425.535
-0.17177 -0.725921 -0.665983 44.0636
0.933795 0.0954202 -0.344851 147.386
0.313883 -0.681127 0.661471 425.535
-0.17177 -0.725921 -0.665983 44.0636
0.933166 0.0961811 -0.346338 147.211
0.315444 -0.681069 0.660787 425.647
-0.172325 -0.725875 -0.66589 43.9056
0.933166 0.0961811 -0.346338 147.211
0.315444 -0.681069 0.660787 425.647
-0.172325 -0.725875 -0.66589 43.9056
0.933311 0.0954031 -0.346164 147.234
0.314517 -0.682322 0.659937 425.587
-0.173235 -0.7248 -0.666824 43.7179
0.933311 0.0954031 -0.346164 147.234
0.314517 -0.682322 0.659937 425.587
-0.173235 -0.7248 -0.666824 43.7179
0.933325 0.0966193 -0.345788 147.125
0.31515 -0.681871 0.660101 425.583
-0.172004 -0.725063 -0.666856 43.9717
0.933325 0.0966193 -0.345788 147.125
0.31515 -0.681871 0.660101 425.583
-0.172004 -0.725063 -0.666856 43.9717
0.933181 0.0963413 -0.346255 147.04
0.31533 -0.681738 0.660152 425.497
-0.172455 -0.725225 -0.666564 44.0787
0.933181 0.0963413 -0.346255 147.04
0.31533 -0.681738 0.660152 425.497
-0.172455 -0.725225 -0.666564 44.0787
0.931898 0.0996837 -0.348754 146.925
0.319708 -0.679889 0.659953 425.488
-0.171328 -0.726509 -0.665456 44.1482
0.931898 0.0996837 -0.348754 146.925
0.319708 -0.679889 0.659953 425.488
-0.171328 -0.726509 -0.665456 44.1482
0.930953 0.0998783 -0.351213 146.745
0.321778 -0.679036 0.659825 425.595
-0.172584 -0.727279 -0.664289 44.096
0.930953 0.0998783 -0.351213 146.745
0.321778 -0.679036 0.659825 425.595
-0.172584 -0.727279 -0.664289 44.096
0.932563 0.100055 -0.346866 146.941
0.318277 -0.681319 0.65917 425.538
-0.170373 -0.725116 -0.667217 44.0915
0.932563 0.100055 -0.346866 146.941
0.318277 -0.681319 0.65917 425.538
-0.170373 -0.725116 -0.667217 44.0915
0.932576 0.101826 -0.346313 146.924
0.319098 -0.681065 0.659035 425.486
-0.168755 -0.725108 -0.667638 43.9661
0.932576 0.101826 -0.346313 146.924
0.319098 -0.681065 0.659035 425.486
-0.168755 -0.725108 -0.667638 43.9661
0.931046 0.103511 -0.349912 146.584
0.322978 -0.680028 0.658216 425.531
-0.169817 -0.725843 -0.666569 43.7743
0.931046 0.103511 -0.349912 146.584
0.322978 -0.680028 0.658216 425.531
-0.169817 -0.725843 -0.666569 43.7743
0.930969 0.105196 -0.349615 146.373
0.324146 -0.678805 0.658903 425.504
-0.168007 -0.726745 -0.666045 44.3481
0.930969 0.105196 -0.349615 146.373
0.324146 -0.678805 0.658903 425.504
-0.168007 -0.726745 -0.666045 44.3481
0.931162 0.103491 -0.34961 146.515
0.322578 -0.680771 0.657643 425.552
-0.169944 -0.725149 -0.667292 43.8554
0.931162 0.103491 -0.34961 146.515
0.322578 -0.680771 0.657643 425.552
-0.169944 -0.725149 -0.667292 43.8554
0.930457 0.104 -0.351331 146.27
0.324312 -0.679972 0.657617 425.511
-0.170503 -0.725826 -0.666413 43.8176
0.930457 0.104 -0.351331 146.27
0.324312 -0.679972 0.657617 425.511
-0.170503 -0.725826 -0.666413 43.8176
0.931002 0.104247 -0.349812 146.274
0.323147 -0.681049 0.657076 425.456
-0.169741 -0.724779 -0.667744 43.8868
0.931002 0.104247 -0.349812 146.274
0.323147 -0.681049 0.657076 425.456
-0.169741 -0.724779 -0.667744 43.8868
0.930529 0.104086 -0.351116 146.091
0.324145 -0.680273 0.657388 425.446
-0.17043 -0.725531 -0.666752 44.2054
0.930529 0.104086 -0.351116 146.091
0.324145 -0.680273 0.657388 425.446
-0.17043 -0.725531 -0.666752 44.2054
0.930067 0.104471 -0.352224 146.005
0.325141 -0.680429 0.656734 425.448
-0.171054 -0.725329 -0.666812 44.0497
0.930067 0.104471 -0.352224 146.005
0.325141 -0.680429 0.656734 425.448
-0.171054 -0.725329 -0.666812 44.0497
0.929787 0.103767 -0.35317 146.094
0.325304 -0.680629 0.656446 425.44
-0.17226 -0.725243 -0.666595 43.8663
0.929787 0.103767 -0.35317 146.094
0.325304 -0.680629 0.656446 425.44
-0.17226 -0.725243 -0.666595 43.8663
0.929749 0.103399 -0.353378 146.089
0.324998 -0.68153 0.655663 425.48
-0.173043 -0.724449 -0.667256 43.6535
0.929749 0.103399 -0.353378 146.089
0.324998 -0.68153 0.655663 425.48
-0.173043 -0.724449 -0.667256 43.6535
0.92938 0.102707 -0.354547 145.89
0.325292 -0.681867 0.655166 425.341
-0.174464 -0.724229 -0.667124 44.0095
0.92938 0.102707 -0.354547 145.89
0.325292 -0.681867 0.655166 425.341
-0.174464 -0.724229 -0.667124 44.0095
0.929357 0.104606 -0.354052 145.893
0.326208 -0.681733 0.65485 425.415
-0.172868 -0.724084 -0.667697 43.8447
0.929357 0.104606 -0.354052 145.893
0.326208 -0.681733 0.65485 425.415
-0.172868 -0.724084 -0.667697 43.8447
0.929193 0.102949 -0.354968 145.885
0.325642 -0.682296 0.654545 425.345
