-0.0689413 -0.291997 -0.953931 161.919
0.669528 0.695336 -0.261228 414.608
0.739581 -0.656693 0.147563 30.2324
-0.0689413 -0.291997 -0.953931 161.919
0.669528 0.695336 -0.261228 414.608
0.739581 -0.656693 0.147563 30.2324
-0.071188 -0.289689 -0.95447 161.887
0.667948 0.696824 -0.261309 414.511
0.740795 -0.656138 0.143892 31.3362
-0.0771548 -0.287424 -0.954691 161.271
0.66283 0.70051 -0.264467 414.528
0.744785 -0.653202 0.136466 33.715
-0.0779771 -0.284322 -0.955552 161.281
0.662886 0.701117 -0.26271 414.419
0.744649 -0.653908 0.133802 33.9315
-0.0794765 -0.282992 -0.955824 161.17
0.661603 0.702247 -0.262927 414.446
0.74563 -0.653273 0.131416 34.3326
-0.0786516 -0.282994 -0.955891 161.494
0.662397 0.701749 -0.262257 414.476
0.745013 -0.653807 0.132261 33.612
-0.0796327 -0.280717 -0.956481 161.633
0.66335 0.701298 -0.261051 414.354
0.74406 -0.65527 0.130368 33.5035
-0.0850841 -0.275205 -0.957613 161.304
0.660102 0.704349 -0.26107 414.142
0.746342 -0.654335 0.121734 35.2451
-0.0892112 -0.27192 -0.958176 160.989
0.658523 0.705642 -0.261565 414.158
0.747254 -0.654316 0.116114 36.3856
-0.0876116 -0.273241 -0.957948 161.161
0.659377 0.704916 -0.261372 414.192
0.74669 -0.654548 0.11841 35.7692
-0.0866231 -0.272364 -0.958287 161.272
0.661005 0.703961 -0.25983 414.204
0.745365 -0.65594 0.119055 35.3587
-0.0914761 -0.269579 -0.958624 160.956
0.658946 0.705368 -0.261239 414
0.746607 -0.655579 0.113114 36.1891
-0.0905296 -0.271032 -0.958304 161.066
0.660414 0.703907 -0.261471 413.958
0.745424 -0.656548 0.115269 35.3985
-0.0900092 -0.270817 -0.958414 161.046
0.660865 0.703694 -0.260906 413.871
0.745088 -0.656866 0.115634 35.1797
-0.0907555 -0.271189 -0.958238 160.902
0.66104 0.703259 -0.261636 413.901
0.744842 -0.657178 0.115442 35.2018
-0.0905463 -0.270707 -0.958394 161.095
0.661528 0.70301 -0.261071 413.854
0.744434 -0.657643 0.115425 34.9367
-0.0754435 -0.280438 -0.956903 162.071
0.674596 0.692343 -0.25609 414.11
0.734322 -0.664843 0.136949 28.1282
-0.0749181 -0.280669 -0.956876 161.971
0.674703 0.692311 -0.255893 414.117
0.734277 -0.664778 0.137502 27.9616
-0.0747368 -0.280796 -0.956853 161.924
0.674943 0.692104 -0.255821 414.083
0.734075 -0.664941 0.137796 27.9708
-0.0749508 -0.281233 -0.956708 161.784
0.674844 0.692025 -0.256296 414.075
0.734145 -0.664838 0.137921 28.0709
-0.075303 -0.280155 -0.956997 161.589
0.675034 0.692056 -0.255711 414.009
0.733934 -0.665261 0.137 28.3535
-0.0729531 -0.280465 -0.957088 161.621
0.676153 0.691526 -0.254184 413.896
0.73314 -0.665681 0.139188 27.94
-0.0738387 -0.283603 -0.956095 161.344
0.674664 0.691821 -0.257316 414.082
0.734422 -0.664043 0.140253 28.083
-0.0730094 -0.27941 -0.957392 161.646
0.67736 0.690694 -0.25323 413.834
0.73202 -0.666988 0.138834 27.9208
-0.0729765 -0.279532 -0.957359 161.469
0.677447 0.690591 -0.25328 413.855
0.731943 -0.667043 0.138971 28.0696
-0.073758 -0.281227 -0.956802 161.396
0.677052 0.690311 -0.255092 413.921
0.73223 -0.66662 0.13949 27.9815
-0.0751132 -0.282528 -0.956314 161.261
0.676253 0.69036 -0.257072 413.99
0.73283 -0.666019 0.139205 28.0277
-0.0735697 -0.280724 -0.956965 161.431
0.678365 0.689293 -0.254354 413.805
0.731032 -0.667884 0.139722 27.6872
-0.0736787 -0.281812 -0.956637 161.197
0.677239 0.690004 -0.255426 413.79
0.732065 -0.666691 0.140015 28.0894
-0.0755572 -0.278514 -0.957455 161.318
0.678278 0.689477 -0.254088 413.736
0.73091 -0.668619 0.136815 27.88
-0.0755283 -0.278811 -0.957371 161.183
0.678103 0.689565 -0.254315 413.758
0.731076 -0.668404 0.136981 27.9147
-0.0778658 -0.278417 -0.957299 161.051
0.677728 0.689444 -0.255641 413.829
0.731178 -0.668694 0.135007 28.0273
-0.0779237 -0.279339 -0.957025 161.134
0.678239 0.688716 -0.256248 413.86
0.730698 -0.669059 0.135791 27.7287
-0.0792658 -0.279183 -0.956961 161.221
0.678574 0.68812 -0.256959 413.785
0.730243 -0.669737 0.134902 27.6157
-0.0781233 -0.281853 -0.956272 160.926
0.677018 0.689106 -0.258418 413.699
0.731809 -0.667601 0.136984 28.2295
-0.0752315 -0.284852 -0.955615 160.8
0.677753 0.688338 -0.258538 413.772
0.731431 -0.66712 0.141274 27.8652
-0.0734088 -0.285826 -0.955466 160.764
0.678587 0.687763 -0.257879 413.767
0.730842 -0.667298 0.14347 27.6112
-0.0755247 -0.282406 -0.956317 161.004
0.679073 0.687718 -0.256716 413.619
0.730175 -0.668798 0.139835 27.5481
-0.0776776 -0.28238 -0.956152 160.868
0.677833 0.688329 -0.258351 413.602
0.731101 -0.66818 0.137939 27.7652
-0.0782671 -0.283201 -0.955862 160.649
0.676564 0.689119 -0.259569 413.68
0.732213 -0.667017 0.137668 28.2509
-0.0775482 -0.282358 -0.95617 160.586
0.678035 0.688182 -0.258212 413.566
0.730927 -0.668341 0.138081 28.0681
-0.0777074 -0.283011 -0.955964 160.479
0.677621 0.688345 -0.258865 413.659
0.731294 -0.667897 0.138284 28.1915
-0.0757284 -0.282668 -0.956224 160.346
0.678788 0.687859 -0.257094 413.6
0.730419 -0.668542 0.139781 27.9569
-0.0767493 -0.28424 -0.955676 160.227
0.677285 0.688556 -0.259184 413.662
0.731707 -0.667157 0.139665 28.0898
-0.0754913 -0.281808 -0.956496 160.329
0.679041 0.687916 -0.256271 413.497
0.730209 -0.668846 0.139428 28.0072
-0.0746439 -0.284136 -0.955874 160.261
0.678784 0.687734 -0.257437 413.571
0.730534 -0.668048 0.141532 27.8347
-0.0732014 -0.284645 -0.955834 160.143
0.678641 0.688083 -0.256882 413.495
0.730813 -0.667472 0.142803 28.0727
-0.0718063 -0.2846 -0.955953 159.956
0.679466 0.687683 -0.25577 413.46
0.730184 -0.667904 0.143996 27.9932
-0.0730385 -0.283505 -0.956185 159.942
0.679347 0.687783 -0.255817 413.526
0.730173 -0.668266 0.142363 28.1141
-0.0737655 -0.281731 -0.956654 159.964
0.679967 0.68751 -0.2549 413.466
0.729523 -0.669296 0.140853 28.1358
-0.0734278 -0.281908 -0.956628 159.844
0.680448 0.687104 -0.254711 413.455
0.729108 -0.669639 0.141371 28.0687
-0.0720878 -0.283279 -0.956324 159.704
0.679968 0.687507 -0.254907 413.407
0.72969 -0.668645 0.14306 28.2698
-0.0736868 -0.282579 -0.95641 159.745
0.680028 0.687248 -0.255446 413.484
0.729474 -0.669208 0.141521 28.0907
-0.0766367 -0.280898 -0.956673 159.702
0.679673 0.687299 -0.256252 413.395
0.729501 -0.669863 0.138247 28.079
-0.0763984 -0.28204 -0.956356 159.67
0.679646 0.687076 -0.25692 413.298
0.729551 -0.669612 0.139196 28.0073
-0.0767137 -0.281182 -0.956583 159.741
0.680492 0.686451 -0.256351 413.29
0.728729 -0.670613 0.138682 27.8952
-0.079526 -0.281047 -0.956393 159.469
0.679024 0.687141 -0.258387 413.302
0.729796 -0.669962 0.136192 27.9687
-0.0804261 -0.281032 -0.956322 159.159
0.679093 0.686858 -0.258957 413.183
0.729633 -0.670259 0.135606 28.1665
-0.0771793 -0.282932 -0.95603 158.941
0.680204 0.68613 -0.257969 413.12
0.728948 -0.670205 0.139497 28.2729
-0.0747133 -0.285285 -0.955526 158.817
0.68097 0.685403 -0.257882 413.116
0.72849 -0.669952 0.143062 28.0853
-0.0734385 -0.285748 -0.955487 158.632
0.682181 0.684479 -0.257133 412.993
0.727486 -0.670698 0.144665 27.994
-0.0749793 -0.288825 -0.954441 158.292
0.681502 0.683886 -0.260489 412.956
0.727965 -0.669985 0.145558 27.8589
-0.0750762 -0.289676 -0.954176 158.15
0.681379 0.683743 -0.261188 412.882
0.728071 -0.669764 0.146047 28.0758
-0.0735115 -0.293575 -0.953105 157.964
0.680895 0.68351 -0.263051 413.017
0.728682 -0.668302 0.149648 27.9977
-0.0761257 -0.291505 -0.953535 157.955
0.681315 0.683033 -0.263203 412.911
0.728021 -0.669695 0.14661 28.0899
-0.0771995 -0.291269 -0.953521 157.843
0.681666 0.682502 -0.263671 412.9
0.72758 -0.670338 0.145859 27.92
-0.0783487 -0.291954 -0.953218 157.673
0.68078 0.682835 -0.265096 412.862
0.728286 -0.669701 0.145257 28.1891
-0.0779858 -0.292111 -0.9532 157.759
0.68157 0.682157 -0.264811 412.84
0.727586 -0.670324 0.145895 27.9548
-0.0773096 -0.292731 -0.953065 157.688
0.68165 0.682084 -0.264793 412.83
0.727583 -0.670127 0.146808 27.8972
-0.076718 -0.29436 -0.95261 157.571
0.681246 0.682154 -0.265652 412.841
0.728024 -0.669342 0.148198 28.0108
-0.0768528 -0.294933 -0.952422 157.542
0.681109 0.682085 -0.266179 412.861
0.728138 -0.66916 0.148461 27.9684
-0.0769318 -0.295779 -0.952154 157.31
0.680806 0.682106 -0.266898 412.898
0.728412 -0.668765 0.148893 28.2158
-0.0753724 -0.29616 -0.95216 157.249
0.680998 0.682223 -0.266106 412.798
0.728396 -0.668476 0.150263 28.4731
-0.0768728 -0.294656 -0.952506 157.242
0.681915 0.681415 -0.265829 412.788
0.72738 -0.669963 0.148548 28.1944
-0.0777816 -0.297405 -0.951578 157.067
0.68099 0.68126 -0.268584 412.78
0.72815 -0.668906 0.14954 28.1286
-0.0784966 -0.296499 -0.951802 156.902
0.681668 0.680707 -0.268267 412.752
0.727439 -0.669871 0.14868 28.2469
-0.0786364 -0.295914 -0.951972 156.856
0.681727 0.680781 -0.267929 412.721
0.727369 -0.670054 0.148198 28.4063
-0.0772701 -0.299168 -0.951067 156.814
0.681457 0.680465 -0.269413 412.81
0.727768 -0.668929 0.15129 28.2231
-0.0762761 -0.300707 -0.950662 156.658
0.681386 0.680353 -0.269876 412.806
0.727939 -0.668353 0.153003 28.2878
-0.0749168 -0.300842 -0.950727 156.609
0.682283 0.679844 -0.268889 412.779
0.727239 -0.668809 0.154327 28.2556
-0.0759927 -0.301487 -0.950437 156.598
0.68234 0.679328 -0.270046 412.744
0.727074 -0.669043 0.154093 28.3666
-0.0755526 -0.305884 -0.949066 156.414
0.68148 0.678977 -0.273085 412.913
0.727926 -0.667402 0.157155 28.2822
-0.074064 -0.30677 -0.948898 156.279
0.68226 0.678399 -0.272572 412.876
0.727348 -0.667583 0.159052 28.2317
-0.0729093 -0.306435 -0.949095 156.337
0.683492 0.677667 -0.271305 412.792
0.726308 -0.668479 0.160038 27.9515
-0.0755393 -0.305827 -0.949086 156.273
0.681755 0.678745 -0.272976 412.812
0.72767 -0.667664 0.157227 28.4575
-0.0771587 -0.306898 -0.94861 156.058
0.681218 0.678499 -0.27492 412.846
0.728003 -0.667422 0.156712 28.5432
-0.0778839 -0.307976 -0.948201 156.09
0.680999 0.678193 -0.276214 412.857
0.728131 -0.667237 0.156911 28.3963
-0.0794549 -0.307906 -0.948093 156.027
0.68061 0.67815 -0.277277 412.887
0.728324 -0.667313 0.155682 28.4814
-0.0815079 -0.305944 -0.948554 156.092
0.681311 0.677529 -0.277072 412.846
0.727442 -0.668844 0.153219 28.1896
-0.085711 -0.305638 -0.948282 156.097
0.679277 0.678353 -0.280034 412.943
0.728859 -0.668149 0.14947 28.4505
-0.0847437 -0.306133 -0.94821 155.923
0.679769 0.678018 -0.279653 412.857
0.728514 -0.668262 0.150642 28.5135
-0.0847395 -0.306903 -0.947961 155.806
0.680004 0.677576 -0.280152 412.885
0.728295 -0.668357 0.151278 28.413
-0.0864335 -0.306902 -0.947808 155.855
0.679598 0.677489 -0.281347 412.924
0.728475 -0.668446 0.150012 28.4227
-0.0861628 -0.309174 -0.947094 155.557
0.678926 0.677502 -0.282933 412.978
0.729133 -0.667385 0.151531 28.6076
-0.0870397 -0.30771 -0.947491 155.416
0.679352 0.677309 -0.282372 412.78
0.728632 -0.668257 0.150091 28.6886
-0.0867356 -0.309892 -0.946807 155.372
0.679087 0.676982 -0.283788 412.903
0.728915 -0.667579 0.151725 28.4023
-0.0877089 -0.310443 -0.946537 155.28
0.678834 0.676781 -0.284872 412.849
0.729034 -0.667528 0.15138 28.712
-0.0863569 -0.311458 -0.946328 155.243
0.679701 0.676054 -0.284531 412.868
0.728388 -0.667791 0.153316 28.421
-0.0856258 -0.312788 -0.945956 155.168
0.679569 0.675976 -0.28503 412.78
0.728598 -0.667248 0.15468 28.3252
-0.0864364 -0.315135 -0.945102 154.917
0.677785 0.676671 -0.287618 412.795
0.730162 -0.665437 0.155105 28.8946
-0.0860848 -0.314532 -0.945335 154.737
0.678351 0.676436 -0.286836 412.696
0.729678 -0.665961 0.155132 28.8256
-0.0834653 -0.315974 -0.945089 154.858
0.679436 0.675733 -0.285924 412.769
0.728972 -0.665992 0.158284 28.4835
-0.0849213 -0.31593 -0.944974 154.724
0.679092 0.675657 -0.286918 412.736
0.729125 -0.66609 0.157168 28.5029
-0.0830901 -0.315975 -0.945122 154.513
0.679384 0.675883 -0.285691 412.665
0.729063 -0.665839 0.158509 28.5994
-0.0817536 -0.316945 -0.944914 154.334
0.679204 0.676123 -0.285551 412.624
0.729382 -0.665134 0.159995 28.6756
-0.0816458 -0.319041 -0.944218 154.145
0.679299 0.675431 -0.28696 412.537
0.729306 -0.664835 0.161578 28.742
-0.0818499 -0.319304 -0.944111 153.804
0.679522 0.675091 -0.287232 412.595
0.729075 -0.665054 0.161718 29.0835
-0.0805623 -0.319339 -0.94421 153.904
0.680769 0.674299 -0.286138 412.533
0.728055 -0.66584 0.163073 28.8299
-0.0799412 -0.321838 -0.943414 153.464
0.680556 0.673906 -0.287566 412.638
0.728322 -0.665034 0.165156 29.0183
-0.0756895 -0.325533 -0.942496 152.939
0.681595 0.673014 -0.287192 412.71
0.727804 -0.664139 0.170942 29.0847
-0.0715046 -0.326667 -0.942431 152.707
0.682723 0.6728 -0.285007 412.697
0.72717 -0.663798 0.174915 29.1018
-0.0775438 -0.327064 -0.941815 152.441
0.680908 0.672655 -0.289655 412.808
0.728252 -0.66375 0.17054 29.3116
-0.0808876 -0.326287 -0.941803 152.404
0.681031 0.671841 -0.29125 412.799
0.727773 -0.664956 0.167868 29.2418
-0.0864299 -0.325003 -0.941755 152.321
0.67993 0.671672 -0.294197 412.768
0.728166 -0.665755 0.162927 29.3261
-0.0915789 -0.324819 -0.941332 152.334
0.678395 0.671653 -0.297762 412.72
0.728967 -0.665864 0.158847 29.3859
-0.0926332 -0.326761 -0.940556 152.147
0.678664 0.670485 -0.299775 412.673
0.728584 -0.666091 0.159652 29.2471
-0.094496 -0.328213 -0.939865 151.924
0.678517 0.669609 -0.302056 412.713
0.728481 -0.666258 0.159423 29.3702
-0.0952108 -0.3298 -0.939237 151.807
0.6781 0.669269 -0.303744 412.716
0.728777 -0.665816 0.159916 29.578
-0.0946854 -0.330271 -0.939125 151.81
0.679078 0.668377 -0.303521 412.741
0.727934 -0.666478 0.160994 29.2219
-0.0946039 -0.330699 -0.938983 151.523
0.67866 0.668646 -0.303865 412.583
0.728334 -0.665997 0.161175 29.6187
-0.0963554 -0.333061 -0.937969 151.194
0.678813 0.667216 -0.306653 412.628
0.727962 -0.666253 0.161796 29.517
-0.0978249 -0.333543 -0.937646 151.055
0.678876 0.66656 -0.307938 412.605
0.727707 -0.666669 0.161228 29.4967
-0.0984368 -0.334618 -0.937199 150.765
0.678725 0.66616 -0.309134 412.565
0.727766 -0.66653 0.161539 29.6641
-0.0995859 -0.333528 -0.937466 150.613
0.679071 0.665855 -0.309032 412.518
0.727287 -0.667381 0.160179 29.8583
-0.0982856 -0.338507 -0.935817 150.226
0.679005 0.66466 -0.311737 412.633
0.727525 -0.666063 0.164522 29.8685
-0.0961099 -0.342069 -0.934747 150.012
0.679515 0.663669 -0.312735 412.647
0.727339 -0.665231 0.168655 29.7635
-0.0943455 -0.344651 -0.933978 149.916
0.679927 0.662967 -0.313327 412.647
0.727185 -0.664598 0.171789 29.4907
-0.0946022 -0.342616 -0.9347 149.942
0.680437 0.663103 -0.31193 412.635
0.726675 -0.665514 0.170398 29.4872
-0.0967971 -0.341333 -0.934945 149.831
0.679715 0.663522 -0.312613 412.569
0.727061 -0.665756 0.167782 29.9699
-0.0955566 -0.343608 -0.934239 149.556
0.680021 0.66286 -0.31335 412.571
0.726939 -0.665245 0.17032 30.046
-0.0948026 -0.342832 -0.934601 149.536
0.680961 0.66249 -0.31209 412.575
0.726158 -0.666013 0.170649 29.9956
-0.0948104 -0.342511 -0.934718 149.488
0.681233 0.662345 -0.311803 412.483
0.725902 -0.666322 0.170532 30.0467
-0.0943195 -0.343888 -0.934262 149.355
0.681375 0.661905 -0.312427 412.49
0.725832 -0.66605 0.171886 29.993
-0.0947963 -0.343994 -0.934174 149.261
0.681244 0.661843 -0.312843 412.478
0.725893 -0.666057 0.171604 30.007
-0.0960338 -0.34605 -0.933288 149.089
0.68108 0.66092 -0.315142 412.549
0.725884 -0.665908 0.172218 29.9992
-0.0956519 -0.34622 -0.933264 149.063
0.681921 0.660209 -0.314814 412.514
0.725144 -0.666526 0.172944 29.8552
-0.0966193 -0.345788 -0.933325 148.98
0.681871 0.660101 -0.31515 412.491
0.725063 -0.666856 0.172004 30.0505
-0.0963413 -0.346255 -0.933181 148.89
0.681738 0.660152 -0.31533 412.408
0.725225 -0.666564 0.172455 30.1543
-0.0997015 -0.348977 -0.931813 148.823
0.679812 0.659942 -0.319895 412.446
0.726578 -0.665351 0.171441 30.1932
-0.0999348 -0.34986 -0.931457 148.725
0.679748 0.659623 -0.320687 412.526
0.726606 -0.665203 0.171897 30.1438
-0.101019 -0.346565 -0.93257 148.871
0.681181 0.659096 -0.318724 412.431
0.725112 -0.667446 0.169492 30.101
-0.103225 -0.349302 -0.931307 148.624
0.680204 0.658356 -0.32232 412.463
0.725718 -0.66675 0.169637 29.873
-0.104915 -0.349614 -0.931001 148.41
0.679129 0.658696 -0.323889 412.473
0.726483 -0.66625 0.168326 30.3186
-0.103536 -0.349763 -0.931099 148.481
0.6807 0.657641 -0.322732 412.479
0.725209 -0.667214 0.169994 29.928
-0.104063 -0.350943 -0.930597 148.269
0.680247 0.657479 -0.324014 412.436
0.725558 -0.666754 0.170308 29.9046
-0.104163 -0.350488 -0.930757 148.179
0.680647 0.657238 -0.323664 412.382
0.725169 -0.667231 0.170098 30.1286
-0.10446 -0.35224 -0.930062 148.012
0.680432 0.656729 -0.325144 412.383
0.725328 -0.666809 0.171074 30.1203
-0.103643 -0.35324 -0.929774 148.083
0.680931 0.656183 -0.325202 412.379
0.724976 -0.666817 0.172523 29.8754
-0.103288 -0.353566 -0.92969 148.041
0.681584 0.655583 -0.325045 412.371
0.724414 -0.667235 0.173271 29.802
-0.103768 -0.35427 -0.929368 147.884
0.681793 0.654989 -0.325804 412.292
0.724148 -0.667444 0.173572 30.0137
-0.102949 -0.354968 -0.929193 147.862
0.682296 0.654545 -0.325642 412.245
0.723791 -0.667509 0.174808 29.8863
-0.104981 -0.354095 -0.929298 147.472
0.681016 0.655374 -0.326653 412.26
0.724704 -0.667159 0.172343 30.4631
-0.103215 -0.35585 -0.928826 147.506
0.682264 0.654179 -0.326445 412.276
0.723784 -0.667398 0.175262 30.1844
-0.102837 -0.356954 -0.928444 147.538
0.682115 0.65405 -0.327012 412.295
0.723977 -0.666935 0.176223 30.1025
-0.1023 -0.357842 -0.928162 147.426
0.682503 0.653554 -0.327194 412.332
0.723688 -0.666945 0.17737 30.073
-0.100618 -0.358522 -0.928083 147.286
0.683035 0.653371 -0.326451 412.327
0.723422 -0.66676 0.179142 30.1558
-0.0985867 -0.360871 -0.92739 147.333
0.682945 0.653284 -0.32681 412.342
0.723786 -0.665576 0.18205 30.0871
-0.0989435 -0.361949 -0.926932 147.243
0.682302 0.653379 -0.327963 412.425
0.724344 -0.664898 0.182311 30.2069
