-0.0689413 -0.291997 -0.953931 161.919
0.669528 0.695336 -0.261228 414.608
0.739581 -0.656693 0.147563 30.2324
-0.0689413 -0.291997 -0.953931 161.919
0.669528 0.695336 -0.261228 414.608
0.739581 -0.656693 0.147563 30.2324
-0.071188 -0.289689 -0.95447 161.887
0.667948 0.696824 -0.261309 414.511
0.740795 -0.656138 0.143892 31.3362
-0.0771773 -0.287251 -0.954741 161.276
0.662858 0.700528 -0.264349 414.521
0.744757 -0.653259 0.136342 33.716
-0.0781106 -0.284215 -0.955573 161.261
0.662776 0.701211 -0.262737 414.42
0.744733 -0.653854 0.133599 33.9888
-0.079443 -0.283 -0.955824 161.191
0.661624 0.702234 -0.262908 414.449
0.745615 -0.653283 0.131452 34.2844
-0.0786058 -0.28299 -0.955896 161.508
0.662447 0.701717 -0.262216 414.477
0.744974 -0.653842 0.132307 33.5813
-0.0797048 -0.280584 -0.956514 161.637
0.663391 0.701281 -0.260993 414.346
0.744016 -0.655345 0.130242 33.5067
-0.0852284 -0.275112 -0.957627 161.283
0.660006 0.704424 -0.261111 414.142
0.74641 -0.654294 0.121538 35.3019
-0.0893727 -0.271735 -0.958213 161.002
0.658565 0.705617 -0.261527 414.161
0.747198 -0.654419 0.115892 36.3871
-0.0874333 -0.273404 -0.957917 161.171
0.659432 0.704866 -0.261368 414.194
0.746663 -0.654534 0.118662 35.7194
-0.0866231 -0.272364 -0.958287 161.272
0.661005 0.703961 -0.25983 414.204
0.745365 -0.65594 0.119055 35.3587
-0.0914654 -0.269625 -0.958612 160.958
0.658985 0.705324 -0.261261 414
0.746574 -0.655607 0.113166 36.1696
-0.0903772 -0.271007 -0.958325 161.084
0.660461 0.70391 -0.261347 413.948
0.745401 -0.656556 0.115373 35.3628
-0.0900788 -0.270814 -0.958408 161.03
0.660875 0.703669 -0.260948 413.869
0.745071 -0.656894 0.115589 35.1855
-0.0907704 -0.271218 -0.958228 160.901
0.661046 0.703242 -0.261665 413.904
0.744834 -0.657185 0.115454 35.2002
-0.0905463 -0.270707 -0.958394 161.095
0.661528 0.70301 -0.261071 413.854
0.744434 -0.657643 0.115425 34.9367
-0.0754153 -0.280464 -0.956897 162.06
0.674594 0.692344 -0.256091 414.111
0.734327 -0.66483 0.136986 28.1183
-0.0748911 -0.280648 -0.956885 161.977
0.674726 0.692302 -0.255856 414.115
0.734259 -0.664796 0.137513 27.9554
-0.0747563 -0.280836 -0.95684 161.911
0.674934 0.692096 -0.255864 414.082
0.734081 -0.664931 0.137807 27.9799
-0.0749494 -0.281233 -0.956708 161.784
0.674845 0.692024 -0.256295 414.075
0.734144 -0.664839 0.137922 28.0717
-0.0753913 -0.280032 -0.957026 161.584
0.675033 0.692068 -0.25568 414.003
0.733926 -0.6653 0.136854 28.368
-0.0729172 -0.280472 -0.957088 161.622
0.676169 0.691518 -0.254162 413.895
0.733129 -0.665686 0.139223 27.9337
-0.0738387 -0.283603 -0.956095 161.344
0.674664 0.691821 -0.257316 414.082
0.734422 -0.664043 0.140253 28.083
-0.0729873 -0.279392 -0.957399 161.629
0.677358 0.690706 -0.253203 413.836
0.732024 -0.666982 0.138836 27.9402
-0.073016 -0.279592 -0.957339 161.469
0.677469 0.690545 -0.253345 413.856
0.731918 -0.667065 0.138994 28.0583
-0.0737877 -0.281304 -0.956778 161.392
0.677017 0.690315 -0.255173 413.925
0.732259 -0.666583 0.139511 27.9814
-0.0751797 -0.282561 -0.956299 161.255
0.676224 0.69036 -0.257145 413.992
0.73285 -0.666005 0.139174 28.0307
-0.073562 -0.280715 -0.956968 161.432
0.678375 0.689288 -0.254341 413.804
0.731024 -0.667893 0.139725 27.6856
-0.0736848 -0.28187 -0.956619 161.185
0.677178 0.690042 -0.255483 413.789
0.73212 -0.666627 0.140031 28.1108
-0.0755541 -0.278587 -0.957434 161.305
0.678235 0.689497 -0.254146 413.74
0.73095 -0.668568 0.136853 27.8812
-0.0755288 -0.278725 -0.957396 161.182
0.678153 0.689542 -0.254245 413.753
0.731029 -0.668464 0.136938 27.9188
-0.0778658 -0.278417 -0.957299 161.051
0.677728 0.689444 -0.255641 413.829
0.731178 -0.668694 0.135007 28.0273
-0.0779237 -0.279339 -0.957025 161.134
0.678239 0.688716 -0.256248 413.86
0.730698 -0.669059 0.135791 27.7287
-0.0791987 -0.279371 -0.956911 161.195
0.678404 0.688243 -0.257081 413.771
0.730408 -0.669533 0.135018 27.6921
-0.0779624 -0.282144 -0.956199 160.909
0.677018 0.689067 -0.258522 413.711
0.731826 -0.667519 0.137295 28.2042
-0.0750451 -0.284911 -0.955612 160.803
0.677844 0.688285 -0.258441 413.768
0.731366 -0.66715 0.141473 27.8471
-0.0734047 -0.285856 -0.955457 160.759
0.678585 0.687757 -0.257898 413.77
0.730844 -0.66729 0.143493 27.6053
-0.0756598 -0.282181 -0.956373 161.021
0.679105 0.687716 -0.256638 413.609
0.730132 -0.668895 0.139598 27.5457
-0.0777007 -0.282451 -0.95613 160.856
0.677746 0.688384 -0.258433 413.606
0.731179 -0.668094 0.137942 27.793
-0.0783277 -0.283012 -0.955913 160.654
0.676696 0.689035 -0.259447 413.676
0.732084 -0.667185 0.137542 28.2382
-0.0774683 -0.282401 -0.956163 160.579
0.678064 0.688164 -0.258185 413.561
0.730909 -0.668341 0.138175 28.0626
-0.0777074 -0.283011 -0.955964 160.479
0.677621 0.688345 -0.258865 413.659
0.731294 -0.667897 0.138284 28.1915
-0.0757284 -0.282668 -0.956224 160.346
0.678788 0.687859 -0.257094 413.6
0.730419 -0.668542 0.139781 27.9569
-0.0766314 -0.284012 -0.955753 160.238
0.677451 0.688495 -0.258911 413.645
0.731565 -0.667317 0.139644 28.0849
-0.0755064 -0.281836 -0.956487 160.325
0.679017 0.687927 -0.256305 413.501
0.730229 -0.668824 0.139428 28.004
-0.0745369 -0.28437 -0.955813 160.257
0.678776 0.687705 -0.257536 413.576
0.730553 -0.667979 0.141764 27.8184
-0.0731908 -0.284643 -0.955835 160.142
0.67864 0.688087 -0.256874 413.494
0.730816 -0.667469 0.142808 28.0755
-0.0718972 -0.284551 -0.955961 159.953
0.679438 0.6877 -0.2558 413.466
0.730202 -0.667907 0.143891 28.0045
-0.0730334 -0.283419 -0.956211 159.947
0.679404 0.687755 -0.25574 413.524
0.730121 -0.668331 0.142327 28.1069
-0.0739188 -0.281635 -0.95667 159.952
0.679925 0.687537 -0.25494 413.46
0.729547 -0.669309 0.140669 28.1602
-0.0733443 -0.281957 -0.956619 159.84
0.680499 0.687065 -0.254682 413.456
0.729069 -0.669658 0.14148 28.0544
-0.0720878 -0.283279 -0.956324 159.704
0.679968 0.687507 -0.254907 413.407
0.72969 -0.668645 0.14306 28.2698
-0.0739236 -0.282396 -0.956445 159.743
0.680009 0.687256 -0.255474 413.483
0.729467 -0.669277 0.141228 28.0793
-0.0767001 -0.280959 -0.95665 159.697
0.679646 0.687292 -0.256342 413.38
0.72952 -0.669844 0.138237 28.0999
-0.076348 -0.282113 -0.956338 159.669
0.679656 0.687059 -0.256937 413.296
0.729546 -0.669598 0.139284 27.9913
-0.0767137 -0.281182 -0.956583 159.741
0.680492 0.686451 -0.256351 413.29
0.728729 -0.670613 0.138682 27.8952
-0.0795271 -0.281047 -0.956393 159.469
0.679024 0.687141 -0.258387 413.302
0.729796 -0.669963 0.136191 27.9688
-0.0802223 -0.28128 -0.956267 159.122
0.67912 0.686817 -0.258995 413.189
0.72963 -0.670197 0.135925 28.1857
-0.0769447 -0.282938 -0.956047 158.949
0.680329 0.686072 -0.257794 413.106
0.728857 -0.670262 0.139701 28.2677
-0.0746457 -0.2855 -0.955467 158.8
0.680956 0.685375 -0.257994 413.126
0.72851 -0.669889 0.143252 28.0715
-0.0733844 -0.285725 -0.955498 158.626
0.68225 0.684436 -0.257067 412.984
0.727427 -0.670753 0.144709 27.9922
-0.0749793 -0.288825 -0.954441 158.292
0.681502 0.683886 -0.260489 412.956
0.727965 -0.669985 0.145558 27.8589
-0.0750762 -0.289676 -0.954176 158.15
0.681379 0.683743 -0.261188 412.882
0.728071 -0.669764 0.146047 28.0758
-0.0737103 -0.293397 -0.953145 157.956
0.68094 0.683468 -0.263045 413.004
0.72862 -0.668424 0.149407 28.022
-0.076322 -0.291373 -0.95356 157.962
0.681332 0.683004 -0.263234 412.908
0.727985 -0.669782 0.146394 28.0773
-0.0771534 -0.291344 -0.953502 157.828
0.681686 0.682475 -0.26369 412.901
0.727566 -0.670333 0.14595 27.9137
-0.0784095 -0.291972 -0.953207 157.668
0.680735 0.682855 -0.265158 412.86
0.728321 -0.669673 0.145213 28.2026
-0.0779735 -0.292118 -0.953198 157.758
0.681573 0.682155 -0.264808 412.839
0.727584 -0.670322 0.14591 27.9533
-0.0773064 -0.292805 -0.953042 157.682
0.681622 0.68209 -0.26485 412.833
0.727609 -0.670089 0.146852 27.9039
-0.0766539 -0.294411 -0.9526 157.568
0.681251 0.682151 -0.265645 412.837
0.728026 -0.669322 0.148278 28.0113
-0.0769472 -0.294933 -0.952415 157.543
0.681087 0.68208 -0.266245 412.87
0.728148 -0.669164 0.148391 27.963
-0.0769034 -0.295826 -0.952141 157.297
0.680797 0.682108 -0.266916 412.897
0.728424 -0.668741 0.148941 28.2316
-0.0753724 -0.29616 -0.95216 157.249
0.680998 0.682223 -0.266106 412.798
0.728396 -0.668476 0.150263 28.4731
-0.0768728 -0.294656 -0.952506 157.242
0.681915 0.681415 -0.265829 412.788
0.72738 -0.669963 0.148548 28.1944
-0.0778113 -0.297409 -0.951574 157.056
0.681026 0.681218 -0.268599 412.78
0.728113 -0.668947 0.149537 28.1299
-0.0785346 -0.296376 -0.951837 156.901
0.681689 0.680712 -0.2682 412.747
0.727415 -0.66992 0.148577 28.2596
-0.0785495 -0.296164 -0.951902 156.85
0.681674 0.680782 -0.268061 412.728
0.727427 -0.669943 0.148412 28.4019
-0.0772278 -0.299209 -0.951057 156.818
0.681499 0.680427 -0.269405 412.811
0.727733 -0.66895 0.151362 28.2072
-0.0762322 -0.300789 -0.950639 156.645
0.681358 0.680367 -0.269911 412.805
0.72797 -0.668301 0.153079 28.3012
-0.0748524 -0.300837 -0.950734 156.608
0.682334 0.679816 -0.268833 412.777
0.727199 -0.66884 0.154385 28.252
-0.0759951 -0.301718 -0.950363 156.59
0.68228 0.679317 -0.270226 412.754
0.727131 -0.66895 0.154232 28.3635
-0.0753931 -0.305916 -0.949069 156.406
0.681567 0.67893 -0.272984 412.906
0.727861 -0.667435 0.157316 28.2736
-0.0740743 -0.306832 -0.948877 156.272
0.682251 0.678387 -0.272626 412.88
0.727356 -0.667566 0.159085 28.2355
-0.0729093 -0.306435 -0.949095 156.337
0.683492 0.677667 -0.271305 412.792
0.726308 -0.668479 0.160038 27.9515
-0.0755393 -0.305827 -0.949086 156.273
0.681755 0.678745 -0.272976 412.812
0.72767 -0.667664 0.157227 28.4575
-0.0771837 -0.307093 -0.948544 156.044
0.681166 0.678483 -0.275087 412.85
0.728049 -0.667349 0.156814 28.5555
-0.077949 -0.3079 -0.94822 156.109
0.681027 0.678172 -0.276196 412.855
0.728097 -0.667293 0.156826 28.3641
-0.0795414 -0.307943 -0.948074 156.012
0.680564 0.678158 -0.27737 412.891
0.728358 -0.667288 0.155633 28.5059
-0.0815132 -0.305938 -0.948556 156.093
0.681314 0.677527 -0.277071 412.846
0.727439 -0.668849 0.153212 28.1885
-0.0856478 -0.30565 -0.948284 156.087
0.679311 0.678335 -0.279995 412.936
0.728835 -0.668161 0.149534 28.4574
-0.0847106 -0.306207 -0.948189 155.914
0.67978 0.677995 -0.279682 412.857
0.728508 -0.668251 0.15072 28.5076
-0.0847749 -0.306902 -0.947958 155.804
0.680017 0.677555 -0.280172 412.888
0.728279 -0.668379 0.151259 28.409
-0.0865203 -0.306903 -0.9478 155.86
0.679563 0.677497 -0.281411 412.925
0.728498 -0.668437 0.149942 28.426
-0.0861365 -0.309253 -0.947071 155.546
0.67891 0.6775 -0.282976 412.979
0.729152 -0.66735 0.151597 28.6134
-0.0870397 -0.30771 -0.947491 155.416
0.679352 0.677309 -0.282372 412.78
0.728632 -0.668257 0.150091 28.6886
-0.0867356 -0.309892 -0.946807 155.372
0.679087 0.676982 -0.283788 412.903
0.728915 -0.667579 0.151725 28.4023
-0.0871565 -0.310845 -0.946456 155.285
0.679329 0.676359 -0.284694 412.86
0.728639 -0.667768 0.152217 28.544
-0.086303 -0.311504 -0.946318 155.232
0.67967 0.676083 -0.284535 412.867
0.728423 -0.66774 0.153372 28.4322
-0.0854897 -0.313189 -0.945835 155.171
0.679607 0.675858 -0.28522 412.746
0.728578 -0.66718 0.155067 28.2529
-0.0865676 -0.315385 -0.945007 154.883
0.677538 0.676784 -0.287935 412.803
0.730376 -0.665204 0.155098 28.9832
-0.0860627 -0.314544 -0.945334 154.738
0.67836 0.67643 -0.286828 412.697
0.729672 -0.665961 0.155158 28.8229
-0.0835846 -0.315936 -0.945091 154.852
0.679409 0.675736 -0.28598 412.768
0.728984 -0.666007 0.158169 28.4809
-0.0848944 -0.316062 -0.944933 154.708
0.679094 0.675623 -0.286994 412.731
0.729126 -0.666062 0.157279 28.5183
-0.0828677 -0.315887 -0.945171 154.496
0.679421 0.675938 -0.285474 412.659
0.729054 -0.665825 0.158607 28.6011
-0.081734 -0.317458 -0.944743 154.306
0.679069 0.676097 -0.285935 412.622
0.72951 -0.664916 0.160316 28.6986
-0.0816388 -0.319135 -0.944186 154.131
0.679355 0.675354 -0.28701 412.527
0.729255 -0.664869 0.161671 28.7428
-0.0818499 -0.319304 -0.944111 153.804
0.679522 0.675091 -0.287232 412.595
0.729075 -0.665054 0.161718 29.0835
-0.0805657 -0.31935 -0.944206 153.901
0.680765 0.674298 -0.286149 412.533
0.728058 -0.665836 0.163077 28.8315
-0.0796322 -0.322216 -0.943311 153.421
0.68064 0.6738 -0.287614 412.647
0.728277 -0.664959 0.165657 29.0141
-0.075475 -0.32556 -0.942504 152.919
0.681634 0.67303 -0.287063 412.708
0.72779 -0.664109 0.171116 29.1013
-0.0712105 -0.326768 -0.942418 152.695
0.682814 0.672768 -0.284865 412.697
0.727113 -0.663782 0.175213 29.0926
-0.077685 -0.327064 -0.941804 152.436
0.680865 0.672655 -0.289757 412.81
0.728278 -0.66375 0.170431 29.3165
-0.0811006 -0.326223 -0.941808 152.399
0.680997 0.671832 -0.29135 412.799
0.727782 -0.664997 0.167671 29.2453
-0.0868333 -0.324989 -0.941723 152.322
0.67981 0.671671 -0.294477 412.764
0.728229 -0.665763 0.162607 29.3307
-0.0916082 -0.324887 -0.941306 152.327
0.67843 0.671592 -0.297821 412.714
0.728931 -0.665893 0.158889 29.3774
-0.0928342 -0.327049 -0.940436 152.121
0.678551 0.670438 -0.300136 412.689
0.728664 -0.665997 0.15968 29.2489
-0.09458 -0.328153 -0.939878 151.916
0.678604 0.669525 -0.302049 412.703
0.72839 -0.666372 0.159362 29.3867
-0.0952377 -0.32992 -0.939193 151.801
0.678051 0.669266 -0.303857 412.719
0.728818 -0.665759 0.159963 29.5878
-0.0946854 -0.330271 -0.939125 151.81
0.679078 0.668377 -0.303521 412.741
0.727934 -0.666478 0.160994 29.2219
-0.0946888 -0.330919 -0.938897 151.494
0.678667 0.668543 -0.304076 412.587
0.728317 -0.66599 0.16128 29.6151
-0.0964677 -0.333033 -0.937968 151.195
0.678824 0.667182 -0.306703 412.627
0.727937 -0.666302 0.161709 29.5082
-0.0978506 -0.333619 -0.937616 151.04
0.67887 0.666532 -0.308011 412.605
0.727709 -0.666659 0.161264 29.5039
-0.0984618 -0.334644 -0.937187 150.755
0.678718 0.66615 -0.309171 412.563
0.727769 -0.666527 0.161538 29.6707
-0.0995356 -0.333748 -0.937393 150.596
0.679065 0.665802 -0.309157 412.524
0.727298 -0.667323 0.160366 29.8592
-0.0981966 -0.338636 -0.935779 150.22
0.679019 0.664631 -0.311767 412.631
0.727523 -0.666027 0.164676 29.8649
-0.0959438 -0.342378 -0.934651 149.991
0.679567 0.663568 -0.312835 412.653
0.727312 -0.665173 0.169004 29.7539
-0.0943115 -0.344695 -0.933965 149.916
0.679934 0.662957 -0.313335 412.647
0.727183 -0.664585 0.171845 29.4841
-0.0946022 -0.342616 -0.9347 149.942
0.680437 0.663103 -0.31193 412.635
0.726675 -0.665514 0.170398 29.4872
-0.0965701 -0.341653 -0.934852 149.806
0.67976 0.663443 -0.312682 412.566
0.727049 -0.665671 0.168173 29.9733
-0.0956406 -0.343584 -0.934239 149.54
0.680015 0.662848 -0.313389 412.576
0.726934 -0.665269 0.170247 30.0552
-0.0945251 -0.3427 -0.934677 149.554
0.68117 0.662427 -0.311767 412.569
0.725998 -0.666144 0.170821 29.9722
-0.094859 -0.342514 -0.934712 149.482
0.681213 0.662347 -0.311842 412.478
0.725913 -0.666319 0.170495 30.054
-0.094294 -0.34395 -0.934241 149.349
0.681382 0.661885 -0.312452 412.491
0.725828 -0.666038 0.17195 29.9901
-0.0948097 -0.343989 -0.934175 149.259
0.68124 0.661844 -0.312849 412.477
0.725895 -0.666058 0.17159 30.0077
-0.0961059 -0.346191 -0.933228 149.074
0.681075 0.660855 -0.31529 412.559
0.725879 -0.6659 0.17227 29.9843
-0.0955542 -0.346198 -0.933283 149.064
0.682079 0.660102 -0.314697 412.503
0.725009 -0.666643 0.173059 29.8342
-0.0966193 -0.345788 -0.933325 148.98
0.681871 0.660101 -0.31515 412.491
0.725063 -0.666856 0.172004 30.0505
-0.0963413 -0.346255 -0.933181 148.89
0.681738 0.660152 -0.31533 412.408
0.725225 -0.666564 0.172455 30.1543
-0.0997152 -0.349149 -0.931747 148.811
0.679752 0.659933 -0.32004 412.454
0.726632 -0.665269 0.171529 30.1885
-0.0999461 -0.349585 -0.931558 148.737
0.679892 0.659582 -0.320466 412.52
0.72647 -0.665388 0.171758 30.1461
-0.10113 -0.346531 -0.932571 148.872
0.681165 0.659088 -0.318775 412.428
0.725112 -0.667473 0.169391 30.0932
-0.103325 -0.349515 -0.931216 148.606
0.680142 0.658307 -0.32255 412.467
0.725762 -0.666687 0.1697 29.8608
-0.104824 -0.349614 -0.931011 148.416
0.679235 0.658628 -0.323804 412.473
0.726397 -0.666317 0.16843 30.2937
-0.103562 -0.349851 -0.931063 148.469
0.680659 0.65764 -0.322821 412.478
0.725244 -0.667169 0.170023 29.9254
-0.104075 -0.350871 -0.930622 148.27
0.680298 0.657453 -0.323959 412.432
0.725509 -0.666817 0.170272 29.9088
-0.104153 -0.350571 -0.930727 148.168
0.680598 0.657258 -0.323727 412.383
0.725217 -0.667168 0.170142 30.148
-0.104399 -0.352321 -0.930038 148.018
0.68045 0.656704 -0.325158 412.382
0.72532 -0.66679 0.171178 30.1047
-0.103624 -0.353251 -0.929772 148.082
0.680979 0.656142 -0.325185 412.38
0.724934 -0.666852 0.172565 29.8649
-0.103239 -0.353648 -0.929664 148.026
0.681608 0.655548 -0.325066 412.361
0.724398 -0.667225 0.173371 29.8273
-0.103946 -0.354224 -0.929366 147.888
0.68178 0.654959 -0.32589 412.299
0.724135 -0.667498 0.173423 29.9986
-0.102949 -0.354968 -0.929193 147.862
0.682296 0.654545 -0.325642 412.245
0.723791 -0.667509 0.174808 29.8863
-0.104981 -0.354095 -0.929298 147.472
0.681016 0.655374 -0.326653 412.26
0.724704 -0.667159 0.172343 30.4631
-0.103186 -0.35591 -0.928806 147.511
0.682249 0.654181 -0.326471 412.276
0.723802 -0.667364 0.175317 30.18
-0.10283 -0.357037 -0.928413 147.533
0.682121 0.654018 -0.327065 412.3
0.723973 -0.666922 0.17629 30.0961
-0.102248 -0.3578 -0.928183 147.423
0.68254 0.653553 -0.327122 412.327
0.723661 -0.666969 0.177389 30.0808
-0.100589 -0.358553 -0.928074 147.283
0.683038 0.653366 -0.326453 412.329
0.723423 -0.666747 0.179184 30.1557
-0.0984491 -0.36103 -0.927343 147.337
0.682939 0.653279 -0.326835 412.343
0.723811 -0.665495 0.182247 30.0824
-0.0989435 -0.361949 -0.926932 147.243
0.682302 0.653379 -0.327963 412.425
0.724344 -0.664898 0.182311 30.2069
