-0.0689413 -0.291997 -0.953931 161.919
0.669528 0.695336 -0.261228 414.608
0.739581 -0.656693 0.147563 30.2324
-0.0689413 -0.291997 -0.953931 161.919
0.669528 0.695336 -0.261228 414.608
0.739581 -0.656693 0.147563 30.2324
-0.071188 -0.289689 -0.95447 161.887
0.667948 0.696824 -0.261309 414.511
0.740795 -0.656138 0.143892 31.3362
-0.0771698 -0.287309 -0.954724 161.274
0.662848 0.700522 -0.264388 414.524
0.744766 -0.65324 0.136383 33.7156
-0.0780661 -0.284251 -0.955566 161.268
0.662813 0.70118 -0.262728 414.419
0.744705 -0.653872 0.133667 33.9697
-0.0794514 -0.282998 -0.955824 161.185
0.661619 0.702237 -0.262913 414.448
0.745619 -0.65328 0.131443 34.2964
-0.0786058 -0.28299 -0.955896 161.508
0.662447 0.701717 -0.262216 414.477
0.744974 -0.653842 0.132307 33.5813
-0.0797048 -0.280584 -0.956514 161.637
0.663391 0.701281 -0.260993 414.346
0.744016 -0.655345 0.130242 33.5067
-0.0852284 -0.275112 -0.957627 161.283
0.660006 0.704424 -0.261111 414.142
0.74641 -0.654294 0.121538 35.3019
-0.0893727 -0.271735 -0.958213 161.002
0.658565 0.705617 -0.261527 414.161
0.747198 -0.654419 0.115892 36.3871
-0.0874333 -0.273404 -0.957917 161.171
0.659432 0.704866 -0.261368 414.194
0.746663 -0.654534 0.118662 35.7194
-0.0866231 -0.272364 -0.958287 161.272
0.661005 0.703961 -0.25983 414.204
0.745365 -0.65594 0.119055 35.3587
-0.0914736 -0.26959 -0.958621 160.957
0.658955 0.705358 -0.261244 414
0.746599 -0.655585 0.113126 36.1846
-0.0904153 -0.271014 -0.95832 161.079
0.66045 0.703909 -0.261378 413.951
0.745407 -0.656554 0.115347 35.3717
-0.0900556 -0.270815 -0.95841 161.035
0.660872 0.703678 -0.260934 413.87
0.745076 -0.656884 0.115604 35.1836
-0.0907655 -0.271208 -0.958232 160.901
0.661044 0.703248 -0.261655 413.903
0.744837 -0.657183 0.11545 35.2007
-0.0905463 -0.270707 -0.958394 161.095
0.661528 0.70301 -0.261071 413.854
0.744434 -0.657643 0.115425 34.9367
-0.0754224 -0.280458 -0.956899 162.063
0.674594 0.692344 -0.25609 414.111
0.734326 -0.664833 0.136977 28.1208
-0.0748911 -0.280648 -0.956885 161.977
0.674726 0.692302 -0.255856 414.115
0.734259 -0.664796 0.137513 27.9554
-0.0747498 -0.280822 -0.956844 161.915
0.674937 0.692099 -0.25585 414.082
0.734079 -0.664935 0.137803 27.9769
-0.0749508 -0.281233 -0.956708 161.784
0.674844 0.692025 -0.256296 414.075
0.734145 -0.664838 0.137921 28.0709
-0.0753692 -0.280062 -0.957019 161.585
0.675033 0.692065 -0.255688 414.004
0.733928 -0.66529 0.136891 28.3644
-0.0729172 -0.280472 -0.957088 161.622
0.676169 0.691518 -0.254162 413.895
0.733129 -0.665686 0.139223 27.9337
-0.0738387 -0.283603 -0.956095 161.344
0.674664 0.691821 -0.257316 414.082
0.734422 -0.664043 0.140253 28.083
-0.0729928 -0.279397 -0.957397 161.633
0.677358 0.690703 -0.25321 413.836
0.732023 -0.666983 0.138835 27.9354
-0.0730061 -0.279577 -0.957344 161.469
0.677463 0.690556 -0.253328 413.856
0.731924 -0.66706 0.138988 28.0611
-0.0737877 -0.281304 -0.956778 161.392
0.677017 0.690315 -0.255173 413.925
0.732259 -0.666583 0.139511 27.9814
-0.0751576 -0.28255 -0.956304 161.257
0.676234 0.69036 -0.257121 413.991
0.732843 -0.666009 0.139184 28.0297
-0.073562 -0.280715 -0.956968 161.432
0.678375 0.689288 -0.254341 413.804
0.731024 -0.667893 0.139725 27.6856
-0.0736848 -0.28187 -0.956619 161.185
0.677178 0.690042 -0.255483 413.789
0.73212 -0.666627 0.140031 28.1108
-0.0755549 -0.278569 -0.95744 161.309
0.678246 0.689492 -0.254132 413.739
0.73094 -0.668581 0.136844 27.8809
-0.0755286 -0.278754 -0.957388 161.182
0.678136 0.68955 -0.254268 413.755
0.731045 -0.668444 0.136952 27.9174
-0.0778658 -0.278417 -0.957299 161.051
0.677728 0.689444 -0.255641 413.829
0.731178 -0.668694 0.135007 28.0273
-0.0779237 -0.279339 -0.957025 161.134
0.678239 0.688716 -0.256248 413.86
0.730698 -0.669059 0.135791 27.7287
-0.0792121 -0.279333 -0.956921 161.2
0.678438 0.688218 -0.257056 413.774
0.730375 -0.669573 0.134995 27.6768
-0.0780027 -0.282072 -0.956217 160.913
0.677018 0.689077 -0.258496 413.708
0.731821 -0.667539 0.137218 28.2105
-0.0751072 -0.284891 -0.955613 160.802
0.677813 0.688303 -0.258473 413.769
0.731388 -0.66714 0.141407 27.8531
-0.0734047 -0.285856 -0.955457 160.759
0.678585 0.687757 -0.257898 413.77
0.730844 -0.66729 0.143493 27.6053
-0.0756598 -0.282181 -0.956373 161.021
0.679105 0.687716 -0.256638 413.609
0.730132 -0.668895 0.139598 27.5457
-0.0777007 -0.282451 -0.95613 160.856
0.677746 0.688384 -0.258433 413.606
0.731179 -0.668094 0.137942 27.793
-0.0783176 -0.283043 -0.955904 160.653
0.676674 0.689049 -0.259467 413.676
0.732105 -0.667157 0.137563 28.2403
-0.0774683 -0.282401 -0.956163 160.579
0.678064 0.688164 -0.258185 413.561
0.730909 -0.668341 0.138175 28.0626
-0.0777074 -0.283011 -0.955964 160.479
0.677621 0.688345 -0.258865 413.659
0.731294 -0.667897 0.138284 28.1915
-0.0757284 -0.282668 -0.956224 160.346
0.678788 0.687859 -0.257094 413.6
0.730419 -0.668542 0.139781 27.9569
-0.0766707 -0.284088 -0.955728 160.234
0.677396 0.688515 -0.259002 413.65
0.731612 -0.667264 0.139651 28.0866
-0.0755014 -0.281826 -0.95649 160.326
0.679025 0.687923 -0.256294 413.499
0.730222 -0.668831 0.139428 28.005
-0.0745637 -0.284311 -0.955828 160.258
0.678778 0.687712 -0.257511 413.574
0.730548 -0.667996 0.141706 27.8225
-0.0731908 -0.284643 -0.955835 160.142
0.67864 0.688087 -0.256874 413.494
0.730816 -0.667469 0.142808 28.0755
-0.0718745 -0.284563 -0.955959 159.954
0.679445 0.687695 -0.255793 413.464
0.730198 -0.667907 0.143917 28.0017
-0.0730351 -0.283447 -0.956203 159.946
0.679385 0.687764 -0.255766 413.525
0.730138 -0.66831 0.142339 28.1093
-0.0738932 -0.281651 -0.956667 159.954
0.679932 0.687533 -0.254934 413.461
0.729543 -0.669307 0.140699 28.1561
-0.0733443 -0.281957 -0.956619 159.84
0.680499 0.687065 -0.254682 413.456
0.729069 -0.669658 0.14148 28.0544
-0.0720878 -0.283279 -0.956324 159.704
0.679968 0.687507 -0.254907 413.407
0.72969 -0.668645 0.14306 28.2698
-0.0738447 -0.282457 -0.956433 159.744
0.680016 0.687253 -0.255465 413.484
0.729469 -0.669254 0.141325 28.0831
-0.0766842 -0.280944 -0.956656 159.699
0.679653 0.687294 -0.25632 413.384
0.729515 -0.669849 0.13824 28.0946
-0.0763648 -0.282089 -0.956344 159.67
0.679653 0.687065 -0.256931 413.297
0.729548 -0.669603 0.139255 27.9967
-0.0767137 -0.281182 -0.956583 159.741
0.680492 0.686451 -0.256351 413.29
0.728729 -0.670613 0.138682 27.8952
-0.079526 -0.281047 -0.956393 159.469
0.679024 0.687141 -0.258387 413.302
0.729796 -0.669962 0.136192 27.9687
-0.0802631 -0.281231 -0.956278 159.13
0.679115 0.686825 -0.258988 413.187
0.729631 -0.670209 0.135861 28.1819
-0.0770034 -0.282936 -0.956043 158.947
0.680298 0.686087 -0.257838 413.11
0.72888 -0.670248 0.13965 28.269
-0.0746626 -0.285446 -0.955482 158.805
0.680959 0.685382 -0.257966 413.123
0.728505 -0.669905 0.143205 28.075
-0.0734024 -0.285733 -0.955494 158.628
0.682227 0.68445 -0.257089 412.987
0.727447 -0.670734 0.144694 27.9928
-0.0749793 -0.288825 -0.954441 158.292
0.681502 0.683886 -0.260489 412.956
0.727965 -0.669985 0.145558 27.8589
-0.0750762 -0.289676 -0.954176 158.15
0.681379 0.683743 -0.261188 412.882
0.728071 -0.669764 0.146047 28.0758
-0.0736705 -0.293433 -0.953137 157.958
0.680931 0.683476 -0.263046 413.006
0.728633 -0.668399 0.149455 28.0171
-0.0762566 -0.291417 -0.953552 157.959
0.681327 0.683013 -0.263224 412.909
0.727997 -0.669753 0.146466 28.0815
-0.0771534 -0.291344 -0.953502 157.828
0.681686 0.682475 -0.26369 412.901
0.727566 -0.670333 0.14595 27.9137
-0.0784095 -0.291972 -0.953207 157.668
0.680735 0.682855 -0.265158 412.86
0.728321 -0.669673 0.145213 28.2026
-0.0779858 -0.292111 -0.9532 157.759
0.68157 0.682157 -0.264811 412.84
0.727586 -0.670324 0.145895 27.9548
-0.0773064 -0.292805 -0.953042 157.682
0.681622 0.68209 -0.26485 412.833
0.727609 -0.670089 0.146852 27.9039
-0.0766752 -0.294394 -0.952603 157.569
0.681249 0.682152 -0.265647 412.838
0.728025 -0.669329 0.148251 28.0112
-0.0769236 -0.294933 -0.952416 157.542
0.681092 0.682082 -0.266229 412.868
0.728145 -0.669163 0.148409 27.9643
-0.0769129 -0.295811 -0.952145 157.301
0.6808 0.682107 -0.26691 412.897
0.72842 -0.668749 0.148925 28.2263
-0.0753724 -0.29616 -0.95216 157.249
0.680998 0.682223 -0.266106 412.798
0.728396 -0.668476 0.150263 28.4731
-0.0768728 -0.294656 -0.952506 157.242
0.681915 0.681415 -0.265829 412.788
0.72738 -0.669963 0.148548 28.1944
-0.0778113 -0.297409 -0.951574 157.056
0.681026 0.681218 -0.268599 412.78
0.728113 -0.668947 0.149537 28.1299
-0.0785346 -0.296376 -0.951837 156.901
0.681689 0.680712 -0.2682 412.747
0.727415 -0.66992 0.148577 28.2596
-0.0785495 -0.296164 -0.951902 156.85
0.681674 0.680782 -0.268061 412.728
0.727427 -0.669943 0.148412 28.4019
-0.0772278 -0.299209 -0.951057 156.818
0.681499 0.680427 -0.269405 412.811
0.727733 -0.66895 0.151362 28.2072
-0.0762322 -0.300789 -0.950639 156.645
0.681358 0.680367 -0.269911 412.805
0.72797 -0.668301 0.153079 28.3012
-0.0748524 -0.300837 -0.950734 156.608
0.682334 0.679816 -0.268833 412.777
0.727199 -0.66884 0.154385 28.252
-0.0759951 -0.301718 -0.950363 156.59
0.68228 0.679317 -0.270226 412.754
0.727131 -0.66895 0.154232 28.3635
-0.075425 -0.30591 -0.949068 156.408
0.68155 0.678939 -0.273005 412.907
0.727874 -0.667429 0.157284 28.2753
-0.0740743 -0.306832 -0.948877 156.272
0.682251 0.678387 -0.272626 412.88
0.727356 -0.667566 0.159085 28.2355
-0.0729093 -0.306435 -0.949095 156.337
0.683492 0.677667 -0.271305 412.792
0.726308 -0.668479 0.160038 27.9515
-0.0755393 -0.305827 -0.949086 156.273
0.681755 0.678745 -0.272976 412.812
0.72767 -0.667664 0.157227 28.4575
-0.0771774 -0.307045 -0.948561 156.047
0.681179 0.678487 -0.275046 412.849
0.728037 -0.667367 0.156789 28.5525
-0.0779273 -0.307926 -0.948214 156.103
0.681018 0.678179 -0.276202 412.855
0.728108 -0.667274 0.156854 28.3748
-0.0795414 -0.307943 -0.948074 156.012
0.680564 0.678158 -0.27737 412.891
0.728358 -0.667288 0.155633 28.5059
-0.0815132 -0.305938 -0.948556 156.093
0.681314 0.677527 -0.277071 412.846
0.727439 -0.668849 0.153212 28.1885
-0.0856636 -0.305647 -0.948284 156.089
0.679303 0.67834 -0.280005 412.938
0.728841 -0.668158 0.149518 28.4556
-0.0847189 -0.306188 -0.948194 155.916
0.679777 0.678001 -0.279675 412.857
0.728509 -0.668254 0.1507 28.5091
-0.0847749 -0.306902 -0.947958 155.804
0.680017 0.677555 -0.280172 412.888
0.728279 -0.668379 0.151259 28.409
-0.0865203 -0.306903 -0.9478 155.86
0.679563 0.677497 -0.281411 412.925
0.728498 -0.668437 0.149942 28.426
-0.0861365 -0.309253 -0.947071 155.546
0.67891 0.6775 -0.282976 412.979
0.729152 -0.66735 0.151597 28.6134
-0.0870397 -0.30771 -0.947491 155.416
0.679352 0.677309 -0.282372 412.78
0.728632 -0.668257 0.150091 28.6886
-0.0867356 -0.309892 -0.946807 155.372
0.679087 0.676982 -0.283788 412.903
0.728915 -0.667579 0.151725 28.4023
-0.0871856 -0.310824 -0.94646 155.285
0.679303 0.676381 -0.284704 412.86
0.72866 -0.667756 0.152173 28.5528
-0.086303 -0.311504 -0.946318 155.232
0.67967 0.676083 -0.284535 412.867
0.728423 -0.66774 0.153372 28.4322
-0.0854897 -0.313189 -0.945835 155.171
0.679607 0.675858 -0.28522 412.746
0.728578 -0.66718 0.155067 28.2529
-0.0865458 -0.315343 -0.945023 154.889
0.677579 0.676765 -0.287882 412.802
0.73034 -0.665243 0.155099 28.9684
-0.0860848 -0.314532 -0.945335 154.737
0.678351 0.676436 -0.286836 412.696
0.729678 -0.665961 0.155132 28.8256
-0.0835548 -0.315946 -0.945091 154.854
0.679415 0.675735 -0.285966 412.768
0.728981 -0.666003 0.158198 28.4816
-0.0848944 -0.316062 -0.944933 154.708
0.679094 0.675623 -0.286994 412.731
0.729126 -0.666062 0.157279 28.5183
-0.0829122 -0.315905 -0.945161 154.5
0.679413 0.675927 -0.285518 412.661
0.729056 -0.665828 0.158587 28.6008
-0.0817373 -0.317373 -0.944772 154.311
0.679091 0.676101 -0.285871 412.622
0.729489 -0.664952 0.160262 28.6948
-0.0816406 -0.319112 -0.944194 154.135
0.679341 0.675373 -0.286997 412.529
0.729267 -0.66486 0.161648 28.7426
-0.0818499 -0.319304 -0.944111 153.804
0.679522 0.675091 -0.287232 412.595
0.729075 -0.665054 0.161718 29.0835
-0.0805623 -0.319339 -0.94421 153.904
0.680769 0.674299 -0.286138 412.533
0.728055 -0.66584 0.163073 28.8299
-0.0796322 -0.322216 -0.943311 153.421
0.68064 0.6738 -0.287614 412.647
0.728277 -0.664959 0.165657 29.0141
-0.0755286 -0.325553 -0.942502 152.924
0.681624 0.673026 -0.287095 412.709
0.727794 -0.664117 0.171072 29.0972
-0.0712105 -0.326768 -0.942418 152.695
0.682814 0.672768 -0.284865 412.697
0.727113 -0.663782 0.175213 29.0926
-0.077685 -0.327064 -0.941804 152.436
0.680865 0.672655 -0.289757 412.81
0.728278 -0.66375 0.170431 29.3165
-0.0811006 -0.326223 -0.941808 152.399
0.680997 0.671832 -0.29135 412.799
0.727782 -0.664997 0.167671 29.2453
-0.0867324 -0.324992 -0.941731 152.322
0.67984 0.671671 -0.294407 412.765
0.728213 -0.665761 0.162687 29.3296
-0.091593 -0.324852 -0.941319 152.331
0.678412 0.671623 -0.29779 412.717
0.72895 -0.665878 0.158867 29.3818
-0.092784 -0.326977 -0.940466 152.127
0.678579 0.67045 -0.300046 412.685
0.728644 -0.66602 0.159673 29.2485
-0.09458 -0.328153 -0.939878 151.916
0.678604 0.669525 -0.302049 412.703
0.72839 -0.666372 0.159362 29.3867
-0.0952377 -0.32992 -0.939193 151.801
0.678051 0.669266 -0.303857 412.719
0.728818 -0.665759 0.159963 29.5878
-0.0946854 -0.330271 -0.939125 151.81
0.679078 0.668377 -0.303521 412.741
0.727934 -0.666478 0.160994 29.2219
-0.0946676 -0.330864 -0.938918 151.501
0.678665 0.668569 -0.304023 412.586
0.728321 -0.665992 0.161254 29.616
-0.0964303 -0.333042 -0.937968 151.195
0.67882 0.667193 -0.306686 412.627
0.727946 -0.666285 0.161738 29.5111
-0.0978506 -0.333619 -0.937616 151.04
0.67887 0.666532 -0.308011 412.605
0.727709 -0.666659 0.161264 29.5039
-0.0984618 -0.334644 -0.937187 150.755
0.678718 0.66615 -0.309171 412.563
0.727769 -0.666527 0.161538 29.6707
-0.0995524 -0.333675 -0.937417 150.601
0.679067 0.66582 -0.309115 412.522
0.727294 -0.667342 0.160304 29.8589
-0.0982188 -0.338604 -0.935789 150.221
0.679016 0.664638 -0.31176 412.632
0.727524 -0.666036 0.164637 29.8658
-0.0959853 -0.342301 -0.934675 149.997
0.679554 0.663593 -0.31281 412.651
0.727319 -0.665187 0.168917 29.7563
-0.0943115 -0.344695 -0.933965 149.916
0.679934 0.662957 -0.313335 412.647
0.727183 -0.664585 0.171845 29.4841
-0.0946022 -0.342616 -0.9347 149.942
0.680437 0.663103 -0.31193 412.635
0.726675 -0.665514 0.170398 29.4872
-0.0966155 -0.341589 -0.93487 149.811
0.679751 0.663458 -0.312669 412.566
0.727052 -0.665688 0.168095 29.9726
-0.0956406 -0.343584 -0.934239 149.54
0.680015 0.662848 -0.313389 412.576
0.726934 -0.665269 0.170247 30.0552
-0.0945648 -0.342719 -0.934666 149.551
0.68114 0.662436 -0.311813 412.57
0.726021 -0.666125 0.170796 29.9756
-0.0948428 -0.342513 -0.934714 149.484
0.68122 0.662346 -0.311829 412.48
0.725909 -0.66632 0.170508 30.0516
-0.094294 -0.34395 -0.934241 149.349
0.681382 0.661885 -0.312452 412.491
0.725828 -0.666038 0.17195 29.9901
-0.0948097 -0.343989 -0.934175 149.259
0.68124 0.661844 -0.312849 412.477
0.725895 -0.666058 0.17159 30.0077
-0.0960819 -0.346144 -0.933248 149.079
0.681077 0.660877 -0.315241 412.556
0.725881 -0.665903 0.172253 29.9893
-0.0955787 -0.346203 -0.933278 149.064
0.682039 0.660129 -0.314726 412.506
0.725043 -0.666613 0.17303 29.8394
-0.0966193 -0.345788 -0.933325 148.98
0.681871 0.660101 -0.31515 412.491
0.725063 -0.666856 0.172004 30.0505
-0.0963413 -0.346255 -0.933181 148.89
0.681738 0.660152 -0.31533 412.408
0.725225 -0.666564 0.172455 30.1543
-0.0997152 -0.349149 -0.931747 148.811
0.679752 0.659933 -0.32004 412.454
0.726632 -0.665269 0.171529 30.1885
-0.0999423 -0.349677 -0.931524 148.733
0.679844 0.659596 -0.32054 412.522
0.726515 -0.665326 0.171804 30.1454
-0.101093 -0.346542 -0.932571 148.872
0.68117 0.659091 -0.318758 412.429
0.725112 -0.667464 0.169424 30.0958
-0.103292 -0.349444 -0.931246 148.612
0.680163 0.658323 -0.322474 412.466
0.725747 -0.666708 0.169679 29.8649
-0.104854 -0.349614 -0.931008 148.414
0.679199 0.658651 -0.323832 412.473
0.726426 -0.666295 0.168395 30.302
-0.103562 -0.349851 -0.931063 148.469
0.680659 0.65764 -0.322821 412.478
0.725244 -0.667169 0.170023 29.9254
-0.104075 -0.350871 -0.930622 148.27
0.680298 0.657453 -0.323959 412.432
0.725509 -0.666817 0.170272 29.9088
-0.104156 -0.35055 -0.930734 148.17
0.68061 0.657253 -0.323711 412.383
0.725205 -0.667183 0.170131 30.1431
-0.104419 -0.352294 -0.930046 148.016
0.680444 0.656713 -0.325153 412.383
0.725323 -0.666796 0.171143 30.1099
-0.103624 -0.353251 -0.929772 148.082
0.680979 0.656142 -0.325185 412.38
0.724934 -0.666852 0.172565 29.8649
-0.103255 -0.353621 -0.929672 148.031
0.6816 0.65556 -0.325059 412.364
0.724403 -0.667228 0.173338 29.8189
-0.103902 -0.354236 -0.929366 147.887
0.681783 0.654967 -0.325868 412.298
0.724138 -0.667485 0.17346 30.0024
-0.102949 -0.354968 -0.929193 147.862
0.682296 0.654545 -0.325642 412.245
0.723791 -0.667509 0.174808 29.8863
-0.104981 -0.354095 -0.929298 147.472
0.681016 0.655374 -0.326653 412.26
0.724704 -0.667159 0.172343 30.4631
-0.103186 -0.35591 -0.928806 147.511
0.682249 0.654181 -0.326471 412.276
0.723802 -0.667364 0.175317 30.18
-0.10283 -0.357037 -0.928413 147.533
0.682121 0.654018 -0.327065 412.3
0.723973 -0.666922 0.17629 30.0961
-0.102265 -0.357814 -0.928176 147.424
0.682528 0.653553 -0.327146 412.328
0.72367 -0.666961 0.177382 30.0782
-0.100589 -0.358553 -0.928074 147.283
0.683038 0.653366 -0.326453 412.329
0.723423 -0.666747 0.179184 30.1557
-0.0984835 -0.36099 -0.927355 147.336
0.682941 0.65328 -0.326829 412.343
0.723805 -0.665516 0.182198 30.0836
-0.0989435 -0.361949 -0.926932 147.243
0.682302 0.653379 -0.327963 412.425
0.724344 -0.664898 0.182311 30.2069
