0.182277 -0.941222 -0.284387 123.327
-0.194934 -0.318084 0.927806 448.252
-0.96373 -0.113681 -0.241455 75.1329
0.182277 -0.941222 -0.284387 123.327
-0.194934 -0.318084 0.927806 448.252
-0.96373 -0.113681 -0.241455 75.1329
0.18118 -0.941383 -0.284554 123.246
-0.194542 -0.317932 0.92794 448.231
-0.964016 -0.112766 -0.240742 75.3903
0.18118 -0.941383 -0.284554 123.246
-0.194542 -0.317932 0.92794 448.231
-0.964016 -0.112766 -0.240742 75.3903
0.180589 -0.941349 -0.285043 123.123
-0.193147 -0.318106 0.928172 448.301
-0.964407 -0.112562 -0.239266 75.2311
0.180589 -0.941349 -0.285043 123.123
-0.193147 -0.318106 0.928172 448.301
-0.964407 -0.112562 -0.239266 75.2311
0.180596 -0.941372 -0.284964 123.261
-0.19458 -0.318197 0.927841 448.193
-0.964118 -0.112116 -0.240637 74.9583
0.180596 -0.941372 -0.284964 123.261
-0.19458 -0.318197 0.927841 448.193
-0.964118 -0.112116 -0.240637 74.9583
0.180317 -0.941366 -0.285158 123.26
-0.193194 -0.318159 0.928144 448.214
-0.964449 -0.11227 -0.239236 75.2353
0.180317 -0.941366 -0.285158 123.26
-0.193194 -0.318159 0.928144 448.214
-0.964449 -0.11227 -0.239236 75.2353
0.180847 -0.941433 -0.284602 123.33
-0.196293 -0.318101 0.927513 448.158
-0.963724 -0.111873 -0.242325 74.9262
0.180847 -0.941433 -0.284602 123.33
-0.196293 -0.318101 0.927513 448.158
-0.963724 -0.111873 -0.242325 74.9262
0.183802 -0.941155 -0.283628 123.327
-0.196796 -0.317935 0.927463 448.075
-0.963062 -0.114653 -0.243653 75.084
0.183802 -0.941155 -0.283628 123.327
-0.196796 -0.317935 0.927463 448.075
-0.963062 -0.114653 -0.243653 75.084
0.185917 -0.940799 -0.28343 123.151
-0.198345 -0.318455 0.926955 448.015
-0.962338 -0.11612 -0.245809 75.0489
0.185917 -0.940799 -0.28343 123.151
-0.198345 -0.318455 0.926955 448.015
-0.962338 -0.11612 -0.245809 75.0489
0.192641 -0.939908 -0.281891 123.296
-0.201287 -0.319014 0.926128 447.892
-0.960403 -0.12167 -0.250646 74.5352
0.192641 -0.939908 -0.281891 123.296
-0.201287 -0.319014 0.926128 447.892
-0.960403 -0.12167 -0.250646 74.5352
0.194452 -0.939459 -0.282142 123.305
-0.202388 -0.319869 0.925593 447.776
-0.959806 -0.122881 -0.252335 74.513
0.194452 -0.939459 -0.282142 123.305
-0.202388 -0.319869 0.925593 447.776
-0.959806 -0.122881 -0.252335 74.513
0.195998 -0.939284 -0.281655 123.338
-0.203498 -0.319934 0.925328 447.697
-0.959257 -0.124046 -0.253849 74.5288
0.195998 -0.939284 -0.281655 123.338
-0.203498 -0.319934 0.925328 447.697
-0.959257 -0.124046 -0.253849 74.5288
0.193567 -0.939656 -0.282098 123.519
-0.204655 -0.319884 0.92509 447.637
-0.959504 -0.121334 -0.254224 74.1655
0.193567 -0.939656 -0.282098 123.519
-0.204655 -0.319884 0.92509 447.637
-0.959504 -0.121334 -0.254224 74.1655
0.194447 -0.939614 -0.281629 123.618
-0.204447 -0.319625 0.925225 447.581
-0.95937 -0.122329 -0.254252 74.4758
0.194447 -0.939614 -0.281629 123.618
-0.204447 -0.319625 0.925225 447.581
-0.95937 -0.122329 -0.254252 74.4758
0.19291 -0.939642 -0.282594 123.704
-0.204753 -0.320213 0.924954 447.559
-0.959615 -0.120571 -0.254167 74.1821
0.19291 -0.939642 -0.282594 123.704
-0.204753 -0.320213 0.924954 447.559
-0.959615 -0.120571 -0.254167 74.1821
0.194369 -0.939414 -0.282352 123.847
-0.204549 -0.320329 0.924959 447.576
-0.959365 -0.122028 -0.254418 73.8702
0.194369 -0.939414 -0.282352 123.847
-0.204549 -0.320329 0.924959 447.576
-0.959365 -0.122028 -0.254418 73.8702
0.194004 -0.939655 -0.281798 123.912
-0.204599 -0.319695 0.925167 447.469
-0.959428 -0.12183 -0.254275 74.2725
0.194004 -0.939655 -0.281798 123.912
-0.204599 -0.319695 0.925167 447.469
-0.959428 -0.12183 -0.254275 74.2725
0.19751 -0.93909 -0.281248 123.912
-0.206106 -0.320267 0.924635 447.46
-0.958389 -0.124658 -0.256808 73.9065
0.19751 -0.93909 -0.281248 123.912
-0.206106 -0.320267 0.924635 447.46
-0.958389 -0.124658 -0.256808 73.9065
0.196486 -0.939329 -0.281167 123.821
-0.207669 -0.320119 0.924336 447.451
-0.958262 -0.12323 -0.257968 73.8987
0.196486 -0.939329 -0.281167 123.821
-0.207669 -0.320119 0.924336 447.451
-0.958262 -0.12323 -0.257968 73.8987
0.197409 -0.939282 -0.280674 124.002
-0.206169 -0.319684 0.924822 447.439
-0.958396 -0.124702 -0.25676 74.1048
0.197409 -0.939282 -0.280674 124.002
-0.206169 -0.319684 0.924822 447.439
-0.958396 -0.124702 -0.25676 74.1048
0.197447 -0.938928 -0.281832 124.039
-0.204766 -0.320651 0.924799 447.372
-0.958689 -0.124889 -0.255572 74.0384
0.197447 -0.938928 -0.281832 124.039
-0.204766 -0.320651 0.924799 447.372
-0.958689 -0.124889 -0.255572 74.0384
0.198024 -0.938833 -0.281744 124.145
-0.206373 -0.320926 0.924347 447.344
-0.958226 -0.124899 -0.257301 73.799
0.198024 -0.938833 -0.281744 124.145
-0.206373 -0.320926 0.924347 447.344
-0.958226 -0.124899 -0.257301 73.799
0.196653 -0.939167 -0.281588 124.11
-0.206826 -0.320469 0.924404 447.249
-0.95841 -0.123547 -0.257265 73.971
0.196653 -0.939167 -0.281588 124.11
-0.206826 -0.320469 0.924404 447.249
-0.95841 -0.123547 -0.257265 73.971
0.197475 -0.939394 -0.280253 124.348
-0.209396 -0.319705 0.92409 447.208
-0.957683 -0.123801 -0.259839 73.738
0.197475 -0.939394 -0.280253 124.348
-0.209396 -0.319705 0.92409 447.208
-0.957683 -0.123801 -0.259839 73.738
0.196674 -0.93972 -0.279724 124.289
-0.208738 -0.318887 0.924521 447.165
-0.957991 -0.12344 -0.258872 73.8262
0.196674 -0.93972 -0.279724 124.289
-0.208738 -0.318887 0.924521 447.165
-0.957991 -0.12344 -0.258872 73.8262
0.197068 -0.93957 -0.27995 124.352
-0.208132 -0.319135 0.924572 447.223
-0.958042 -0.123937 -0.258446 73.6604
0.197068 -0.93957 -0.27995 124.352
-0.208132 -0.319135 0.924572 447.223
-0.958042 -0.123937 -0.258446 73.6604
0.197882 -0.9397 -0.278938 124.487
-0.210616 -0.318679 0.924167 447.121
-0.957331 -0.124127 -0.260977 73.368
0.197882 -0.9397 -0.278938 124.487
-0.210616 -0.318679 0.924167 447.121
-0.957331 -0.124127 -0.260977 73.368
0.197565 -0.939828 -0.278731 124.581
-0.211069 -0.318449 0.924143 446.995
-0.957297 -0.123746 -0.261283 73.5206
0.197565 -0.939828 -0.278731 124.581
-0.211069 -0.318449 0.924143 446.995
-0.957297 -0.123746 -0.261283 73.5206
0.196364 -0.940394 -0.27767 124.539
-0.213532 -0.317399 0.923938 446.878
-0.956998 -0.122136 -0.26313 73.3292
0.196364 -0.940394 -0.27767 124.539
-0.213532 -0.317399 0.923938 446.878
-0.956998 -0.122136 -0.26313 73.3292
0.197349 -0.940426 -0.276861 124.937
-0.214826 -0.317037 0.923763 446.871
-0.956506 -0.122827 -0.264595 72.9522
0.197349 -0.940426 -0.276861 124.937
-0.214826 -0.317037 0.923763 446.871
-0.956506 -0.122827 -0.264595 72.9522
0.197349 -0.940426 -0.276861 124.937
-0.214826 -0.317037 0.923763 446.871
-0.956506 -0.122827 -0.264595 72.9522
0.197265 -0.940291 -0.277378 124.967
-0.212997 -0.317287 0.9241 446.819
-0.956932 -0.123212 -0.262869 73.2114
0.197265 -0.940291 -0.277378 124.967
-0.212997 -0.317287 0.9241 446.819
-0.956932 -0.123212 -0.262869 73.2114
0.196936 -0.940476 -0.276985 124.973
-0.214783 -0.317041 0.923771 446.735
-0.9566 -0.122432 -0.264435 72.9768
0.196936 -0.940476 -0.276985 124.973
-0.214783 -0.317041 0.923771 446.735
-0.9566 -0.122432 -0.264435 72.9768
0.198133 -0.940137 -0.277282 125.005
-0.215512 -0.317751 0.923357 446.691
-0.956189 -0.12319 -0.265568 72.7706
0.198133 -0.940137 -0.277282 125.005
-0.215512 -0.317751 0.923357 446.691
-0.956189 -0.12319 -0.265568 72.7706
0.198617 -0.940341 -0.276244 124.973
-0.217031 -0.317061 0.923239 446.57
-0.955745 -0.123418 -0.267056 72.933
0.198617 -0.940341 -0.276244 124.973
-0.217031 -0.317061 0.923239 446.57
-0.955745 -0.123418 -0.267056 72.933
0.197587 -0.940292 -0.277148 124.929
-0.216761 -0.317632 0.923106 446.664
-0.95602 -0.122319 -0.266578 72.6709
0.197587 -0.940292 -0.277148 124.929
-0.216761 -0.317632 0.923106 446.664
-0.95602 -0.122319 -0.266578 72.6709
0.199493 -0.940451 -0.275236 125.171
-0.217928 -0.316428 0.923244 446.492
-0.955358 -0.124199 -0.268076 72.7457
0.199493 -0.940451 -0.275236 125.171
-0.217928 -0.316428 0.923244 446.492
-0.955358 -0.124199 -0.268076 72.7457
0.198637 -0.940542 -0.275545 125.211
-0.218968 -0.31663 0.922929 446.424
-0.955299 -0.122992 -0.268842 72.4603
0.198637 -0.940542 -0.275545 125.211
-0.218968 -0.31663 0.922929 446.424
-0.955299 -0.122992 -0.268842 72.4603
0.198505 -0.940901 -0.27441 125.289
-0.219667 -0.31557 0.923126 446.332
-0.955166 -0.122966 -0.269327 72.4518
0.198505 -0.940901 -0.27441 125.289
-0.219667 -0.31557 0.923126 446.332
-0.955166 -0.122966 -0.269327 72.4518
0.201858 -0.94064 -0.272855 125.293
-0.221351 -0.315196 0.922852 446.29
-0.954074 -0.125889 -0.271837 72.3164
0.201858 -0.94064 -0.272855 125.293
-0.221351 -0.315196 0.922852 446.29
-0.954074 -0.125889 -0.271837 72.3164
0.201471 -0.940647 -0.273115 125.333
-0.222079 -0.315439 0.922594 446.22
-0.953987 -0.125223 -0.272449 72.014
0.201471 -0.940647 -0.273115 125.333
-0.222079 -0.315439 0.922594 446.22
-0.953987 -0.125223 -0.272449 72.014
0.202862 -0.940318 -0.273221 125.328
-0.220715 -0.315752 0.922814 446.315
-0.954008 -0.1269 -0.271596 72.0661
0.202862 -0.940318 -0.273221 125.328
-0.220715 -0.315752 0.922814 446.315
-0.954008 -0.1269 -0.271596 72.0661
0.200376 -0.9406 -0.274084 125.369
-0.222168 -0.316094 0.922348 446.234
-0.954197 -0.123924 -0.272308 72.0886
0.200376 -0.9406 -0.274084 125.369
-0.222168 -0.316094 0.922348 446.234
-0.954197 -0.123924 -0.272308 72.0886
0.200376 -0.9406 -0.274084 125.369
-0.222168 -0.316094 0.922348 446.234
-0.954197 -0.123924 -0.272308 72.0886
0.201562 -0.94067 -0.27297 125.456
-0.222754 -0.315411 0.922441 446.108
-0.95381 -0.125124 -0.273113 72.028
0.201562 -0.94067 -0.27297 125.456
-0.222754 -0.315411 0.922441 446.108
-0.95381 -0.125124 -0.273113 72.028
0.202088 -0.940648 -0.272657 125.431
-0.223942 -0.315407 0.922154 446.172
-0.95342 -0.125297 -0.274391 71.7619
0.202088 -0.940648 -0.272657 125.431
-0.223942 -0.315407 0.922154 446.172
-0.95342 -0.125297 -0.274391 71.7619
0.204807 -0.94041 -0.271447 125.412
-0.225665 -0.315221 0.921798 446.086
-0.952433 -0.127535 -0.276777 71.7492
0.204807 -0.94041 -0.271447 125.412
-0.225665 -0.315221 0.921798 446.086
-0.952433 -0.127535 -0.276777 71.7492
0.203465 -0.94089 -0.270793 125.435
-0.227929 -0.314498 0.921488 445.988
-0.952182 -0.125769 -0.278445 71.737
0.203465 -0.94089 -0.270793 125.435
-0.227929 -0.314498 0.921488 445.988
-0.952182 -0.125769 -0.278445 71.737
0.203665 -0.940858 -0.270753 125.343
-0.225926 -0.314251 0.922065 446.109
-0.952616 -0.126623 -0.276566 72.1892
0.203665 -0.940858 -0.270753 125.343
-0.225926 -0.314251 0.922065 446.109
-0.952616 -0.126623 -0.276566 72.1892
0.20454 -0.940738 -0.270508 125.497
-0.226784 -0.314374 0.921812 445.944
-0.952225 -0.127201 -0.277647 71.91
0.20454 -0.940738 -0.270508 125.497
-0.226784 -0.314374 0.921812 445.944
-0.952225 -0.127201 -0.277647 71.91
0.20416 -0.94071 -0.270894 125.435
-0.226336 -0.314584 0.921851 445.948
-0.952413 -0.126892 -0.277142 71.9215
0.20416 -0.94071 -0.270894 125.435
-0.226336 -0.314584 0.921851 445.948
-0.952413 -0.126892 -0.277142 71.9215
0.204631 -0.940844 -0.270072 125.516
-0.228363 -0.314184 0.921487 445.906
-0.951828 -0.12689 -0.279146 71.8322
0.204631 -0.940844 -0.270072 125.516
-0.228363 -0.314184 0.921487 445.906
-0.951828 -0.12689 -0.279146 71.8322
0.206216 -0.94088 -0.268738 125.545
-0.231651 -0.313776 0.920806 445.968
-0.950691 -0.127632 -0.282661 71.5094
0.206216 -0.94088 -0.268738 125.545
-0.231651 -0.313776 0.920806 445.968
-0.950691 -0.127632 -0.282661 71.5094
0.205593 -0.941044 -0.26864 125.496
-0.230451 -0.313338 0.921255 445.923
-0.951117 -0.127495 -0.281284 71.6982
0.205593 -0.941044 -0.26864 125.496
-0.230451 -0.313338 0.921255 445.923
-0.951117 -0.127495 -0.281284 71.6982
0.204547 -0.940931 -0.269834 125.536
-0.231116 -0.314292 0.920764 445.931
-0.951181 -0.125976 -0.281751 71.5903
0.204547 -0.940931 -0.269834 125.536
-0.231116 -0.314292 0.920764 445.931
-0.951181 -0.125976 -0.281751 71.5903
0.205359 -0.940837 -0.269542 125.5
-0.229766 -0.314062 0.92118 445.957
-0.951333 -0.127241 -0.280668 71.8455
0.205359 -0.940837 -0.269542 125.5
-0.229766 -0.314062 0.92118 445.957
-0.951333 -0.127241 -0.280668 71.8455
0.206075 -0.940749 -0.269302 125.647
-0.230497 -0.314133 0.920973 445.825
-0.951002 -0.127716 -0.281575 71.7542
0.206075 -0.940749 -0.269302 125.647
-0.230497 -0.314133 0.920973 445.825
-0.951002 -0.127716 -0.281575 71.7542
0.204224 -0.941143 -0.269339 125.569
-0.230008 -0.313567 0.921288 445.853
-0.951519 -0.126199 -0.280508 71.8023
0.204224 -0.941143 -0.269339 125.569
-0.230008 -0.313567 0.921288 445.853
-0.951519 -0.126199 -0.280508 71.8023
0.206001 -0.940477 -0.270309 125.718
-0.228035 -0.314766 0.92137 445.884
-0.951611 -0.128164 -0.279304 71.5766
0.206001 -0.940477 -0.270309 125.718
-0.228035 -0.314766 0.92137 445.884
-0.951611 -0.128164 -0.279304 71.5766
0.205364 -0.940542 -0.270568 125.629
-0.227717 -0.314794 0.921439 445.809
-0.951825 -0.127618 -0.278824 71.6179
0.205364 -0.940542 -0.270568 125.629
-0.227717 -0.314794 0.921439 445.809
-0.951825 -0.127618 -0.278824 71.6179
0.203509 -0.941011 -0.270338 125.704
-0.228842 -0.314186 0.921368 445.848
-0.951954 -0.125642 -0.279282 71.4734
0.203509 -0.941011 -0.270338 125.704
-0.228842 -0.314186 0.921368 445.848
-0.951954 -0.125642 -0.279282 71.4734
0.205368 -0.940882 -0.269379 125.711
-0.229926 -0.313926 0.921187 445.767
-0.951293 -0.127245 -0.280803 71.668
0.205368 -0.940882 -0.269379 125.711
-0.229926 -0.313926 0.921187 445.767
-0.951293 -0.127245 -0.280803 71.668
0.20513 -0.940718 -0.270132 125.77
-0.229974 -0.314602 0.920944 445.835
-0.951332 -0.12679 -0.280875 71.4755
0.20513 -0.940718 -0.270132 125.77
-0.229974 -0.314602 0.920944 445.835
-0.951332 -0.12679 -0.280875 71.4755
0.206872 -0.940556 -0.269366 125.895
-0.233541 -0.314836 0.919966 445.647
-0.950086 -0.127407 -0.284789 71.1984
0.206872 -0.940556 -0.269366 125.895
-0.233541 -0.314836 0.919966 445.647
-0.950086 -0.127407 -0.284789 71.1984
0.207682 -0.940339 -0.269503 125.777
-0.232926 -0.315124 0.920023 445.793
-0.95006 -0.128298 -0.284475 71.4917
0.207682 -0.940339 -0.269503 125.777
-0.232926 -0.315124 0.920023 445.793
-0.95006 -0.128298 -0.284475 71.4917
0.2083 -0.940555 -0.268266 125.918
-0.234549 -0.314316 0.919887 445.754
-0.949525 -0.128691 -0.286078 71.3462
0.2083 -0.940555 -0.268266 125.918
-0.234549 -0.314316 0.919887 445.754
-0.949525 -0.128691 -0.286078 71.3462
0.210102 -0.940358 -0.267552 125.919
-0.235782 -0.314318 0.919571 445.665
-0.948822 -0.13012 -0.287759 71.7245
0.210102 -0.940358 -0.267552 125.919
-0.235782 -0.314318 0.919571 445.665
-0.948822 -0.13012 -0.287759 71.7245
0.211561 -0.940031 -0.26755 125.965
-0.237598 -0.315001 0.91887 445.674
-0.948045 -0.130827 -0.289991 71.489
0.211561 -0.940031 -0.26755 125.965
-0.237598 -0.315001 0.91887 445.674
-0.948045 -0.130827 -0.289991 71.489
0.21088 -0.940246 -0.267333 125.867
-0.238148 -0.31466 0.918844 445.725
-0.948058 -0.130101 -0.290274 71.4692
0.21088 -0.940246 -0.267333 125.867
-0.238148 -0.31466 0.918844 445.725
-0.948058 -0.130101 -0.290274 71.4692
0.212587 -0.940111 -0.266454 125.892
-0.241896 -0.314832 0.917806 445.567
-0.946728 -0.130659 -0.294338 71.3493
0.212587 -0.940111 -0.266454 125.892
-0.241896 -0.314832 0.917806 445.567
-0.946728 -0.130659 -0.294338 71.3493
0.212587 -0.940111 -0.266454 125.892
-0.241896 -0.314832 0.917806 445.567
-0.946728 -0.130659 -0.294338 71.3493
0.214745 -0.93962 -0.266455 126.023
-0.242291 -0.315544 0.917457 445.563
-0.946139 -0.132459 -0.295423 71.0425
0.214745 -0.93962 -0.266455 126.023
-0.242291 -0.315544 0.917457 445.563
-0.946139 -0.132459 -0.295423 71.0425
0.214954 -0.939512 -0.26667 125.935
-0.242577 -0.315858 0.917273 445.681
-0.946019 -0.132483 -0.295798 71.2132
0.214954 -0.939512 -0.26667 125.935
-0.242577 -0.315858 0.917273 445.681
-0.946019 -0.132483 -0.295798 71.2132
0.214562 -0.940116 -0.264848 125.872
-0.244766 -0.314266 0.917239 445.594
-0.945544 -0.131979 -0.297538 71.3676
0.214562 -0.940116 -0.264848 125.872
-0.244766 -0.314266 0.917239 445.594
-0.945544 -0.131979 -0.297538 71.3676
0.21735 -0.939925 -0.263249 126.002
-0.246723 -0.313842 0.916859 445.598
-0.944397 -0.13433 -0.300115 71.28
0.21735 -0.939925 -0.263249 126.002
-0.246723 -0.313842 0.916859 445.598
-0.944397 -0.13433 -0.300115 71.28
0.217591 -0.940086 -0.262474 126.029
-0.246927 -0.313189 0.917028 445.553
-0.944289 -0.134725 -0.30028 71.2835
0.217591 -0.940086 -0.262474 126.029
-0.246927 -0.313189 0.917028 445.553
-0.944289 -0.134725 -0.30028 71.2835
0.218955 -0.940176 -0.261012 125.993
-0.250051 -0.312637 0.916369 445.5
-0.943151 -0.135377 -0.303546 71.2099
0.218955 -0.940176 -0.261012 125.993
-0.250051 -0.312637 0.916369 445.5
-0.943151 -0.135377 -0.303546 71.2099
0.22021 -0.939817 -0.261248 125.949
-0.249463 -0.313176 0.916346 445.567
-0.943014 -0.136617 -0.303414 71.2745
0.22021 -0.939817 -0.261248 125.949
-0.249463 -0.313176 0.916346 445.567
-0.943014 -0.136617 -0.303414 71.2745
0.220377 -0.94016 -0.259872 126.072
-0.248997 -0.311818 0.916935 445.503
-0.943098 -0.137364 -0.302815 71.3922
0.220377 -0.94016 -0.259872 126.072
-0.248997 -0.311818 0.916935 445.503
-0.943098 -0.137364 -0.302815 71.3922
0.220682 -0.940429 -0.258637 126.19
-0.250959 -0.310996 0.916679 445.375
-0.942507 -0.137387 -0.304641 71.0471
0.220682 -0.940429 -0.258637 126.19
-0.250959 -0.310996 0.916679 445.375
-0.942507 -0.137387 -0.304641 71.0471
0.219459 -0.940868 -0.258078 126.17
-0.2528 -0.310332 0.916398 445.254
-0.9423 -0.135869 -0.305957 71.0498
0.219459 -0.940868 -0.258078 126.17
-0.2528 -0.310332 0.916398 445.254
-0.9423 -0.135869 -0.305957 71.0498
0.218094 -0.941156 -0.258188 126.219
-0.252497 -0.309965 0.916606 445.325
-0.942698 -0.134714 -0.305241 70.7826
0.218094 -0.941156 -0.258188 126.219
-0.252497 -0.309965 0.916606 445.325
-0.942698 -0.134714 -0.305241 70.7826
0.219554 -0.941216 -0.256728 126.235
-0.255097 -0.309378 0.916084 445.237
-0.941659 -0.13564 -0.308026 70.8248
0.219554 -0.941216 -0.256728 126.235
-0.255097 -0.309378 0.916084 445.237
-0.941659 -0.13564 -0.308026 70.8248
0.219554 -0.941216 -0.256728 126.235
-0.255097 -0.309378 0.916084 445.237
-0.941659 -0.13564 -0.308026 70.8248
0.22003 -0.941199 -0.256382 126.16
-0.253747 -0.308998 0.916587 445.285
-0.941912 -0.13662 -0.306816 71.0591
0.22003 -0.941199 -0.256382 126.16
-0.253747 -0.308998 0.916587 445.285
-0.941912 -0.13662 -0.306816 71.0591
0.222334 -0.941194 -0.254405 126.129
-0.256813 -0.308256 0.915983 445.266
-0.94054 -0.13832 -0.310247 71.0033
0.222334 -0.941194 -0.254405 126.129
-0.256813 -0.308256 0.915983 445.266
-0.94054 -0.13832 -0.310247 71.0033
0.223412 -0.941557 -0.252108 126.151
-0.260378 -0.306896 0.915433 445.231
-0.939303 -0.138875 -0.313725 70.8065
0.223412 -0.941557 -0.252108 126.151
-0.260378 -0.306896 0.915433 445.231
-0.939303 -0.138875 -0.313725 70.8065
0.224483 -0.94146 -0.251515 126.122
-0.261654 -0.306857 0.915083 445.369
-0.938693 -0.139611 -0.315221 70.7822
0.224483 -0.94146 -0.251515 126.122
-0.261654 -0.306857 0.915083 445.369
-0.938693 -0.139611 -0.315221 70.7822
0.226689 -0.941316 -0.250072 126.019
-0.261576 -0.306163 0.915337 445.382
-0.938184 -0.142084 -0.31563 71.1569
0.226689 -0.941316 -0.250072 126.019
-0.261576 -0.306163 0.915337 445.382
-0.938184 -0.142084 -0.31563 71.1569
0.228641 -0.941689 -0.24687 126.057
-0.26795 -0.304667 0.913992 445.412
-0.935909 -0.142828 -0.321985 70.9468
0.228641 -0.941689 -0.24687 126.057
-0.26795 -0.304667 0.913992 445.412
-0.935909 -0.142828 -0.321985 70.9468
0.229842 -0.941757 -0.24549 126.04
-0.270603 -0.304137 0.913386 445.394
-0.934851 -0.143504 -0.324746 70.8151
0.229842 -0.941757 -0.24549 126.04
-0.270603 -0.304137 0.913386 445.394
-0.934851 -0.143504 -0.324746 70.8151
0.23065 -0.941752 -0.244754 126.076
-0.273938 -0.304209 0.912368 445.356
-0.93368 -0.143391 -0.328147 70.6665
0.23065 -0.941752 -0.244754 126.076
-0.273938 -0.304209 0.912368 445.356
-0.93368 -0.143391 -0.328147 70.6665
0.233237 -0.941886 -0.241769 126.096
-0.278216 -0.302868 0.911519 445.471
-0.931771 -0.145335 -0.332688 70.8036
0.233237 -0.941886 -0.241769 126.096
-0.278216 -0.302868 0.911519 445.471
-0.931771 -0.145335 -0.332688 70.8036
0.232658 -0.942266 -0.240843 125.861
-0.279374 -0.301952 0.911469 445.416
-0.931569 -0.144775 -0.333496 70.9629
0.232658 -0.942266 -0.240843 125.861
-0.279374 -0.301952 0.911469 445.416
-0.931569 -0.144775 -0.333496 70.9629
0.233551 -0.94261 -0.23862 126.016
-0.28135 -0.300421 0.911367 445.475
-0.93075 -0.145715 -0.335367 71.0356
0.233551 -0.94261 -0.23862 126.016
-0.28135 -0.300421 0.911367 445.475
-0.93075 -0.145715 -0.335367 71.0356
0.232729 -0.942732 -0.238942 125.953
-0.282476 -0.300621 0.910953 445.616
-0.930615 -0.14451 -0.336262 71.0508
0.232729 -0.942732 -0.238942 125.953
-0.282476 -0.300621 0.910953 445.616
-0.930615 -0.14451 -0.336262 71.0508
0.232729 -0.942732 -0.238942 125.953
-0.282476 -0.300621 0.910953 445.616
-0.930615 -0.14451 -0.336262 71.0508
0.235261 -0.942236 -0.238418 125.856
-0.284492 -0.301318 0.910094 445.483
-0.929364 -0.146281 -0.338947 71.184
0.235261 -0.942236 -0.238418 125.856
-0.284492 -0.301318 0.910094 445.483
-0.929364 -0.146281 -0.338947 71.184
0.236644 -0.942175 -0.237287 125.884
-0.284166 -0.300661 0.910413 445.567
-0.929112 -0.148015 -0.338884 71.0879
0.236644 -0.942175 -0.237287 125.884
-0.284166 -0.300661 0.910413 445.567
-0.929112 -0.148015 -0.338884 71.0879
0.237374 -0.942156 -0.236632 125.961
-0.285218 -0.300454 0.910153 445.587
-0.928603 -0.148555 -0.34004 71.0232
0.237374 -0.942156 -0.236632 125.961
-0.285218 -0.300454 0.910153 445.587
-0.928603 -0.148555 -0.34004 71.0232
0.236099 -0.942517 -0.236472 125.927
-0.285101 -0.29983 0.910395 445.501
-0.928964 -0.147525 -0.339502 71.2124
0.236099 -0.942517 -0.236472 125.927
-0.285101 -0.29983 0.910395 445.501
-0.928964 -0.147525 -0.339502 71.2124
0.238331 -0.941908 -0.236661 125.857
-0.284924 -0.300773 0.91014 445.608
-0.928449 -0.149484 -0.340055 71.0357
0.238331 -0.941908 -0.236661 125.857
-0.284924 -0.300773 0.91014 445.608
-0.928449 -0.149484 -0.340055 71.0357
0.240716 -0.941485 -0.235929 125.822
-0.283698 -0.30071 0.910543 445.659
-0.928209 -0.15225 -0.339483 71.4792
0.240716 -0.941485 -0.235929 125.822
-0.283698 -0.30071 0.910543 445.659
-0.928209 -0.15225 -0.339483 71.4792
0.241156 -0.941513 -0.235365 125.936
-0.285471 -0.300612 0.910021 445.705
-0.927551 -0.152267 -0.341269 71.1476
0.241156 -0.941513 -0.235365 125.936
-0.285471 -0.300612 0.910021 445.705
-0.927551 -0.152267 -0.341269 71.1476
0.241265 -0.94155 -0.235105 125.878
-0.284617 -0.300259 0.910405 445.693
-0.927785 -0.152734 -0.340423 71.5071
0.241265 -0.94155 -0.235105 125.878
-0.284617 -0.300259 0.910405 445.693
-0.927785 -0.152734 -0.340423 71.5071
0.244083 -0.941393 -0.232813 125.762
-0.28739 -0.299509 0.909781 445.759
-0.926191 -0.155154 -0.343652 71.5761
0.244083 -0.941393 -0.232813 125.762
-0.28739 -0.299509 0.909781 445.759
-0.926191 -0.155154 -0.343652 71.5761
0.243227 -0.941877 -0.231751 125.787
-0.292612 -0.299044 0.908268 445.65
-0.924781 -0.153102 -0.34834 71.2078
0.243227 -0.941877 -0.231751 125.787
-0.292612 -0.299044 0.908268 445.65
-0.924781 -0.153102 -0.34834 71.2078
0.245441 -0.941822 -0.229629 125.69
-0.294757 -0.298164 0.907864 445.756
-0.923513 -0.155142 -0.350791 71.3013
0.245441 -0.941822 -0.229629 125.69
-0.294757 -0.298164 0.907864 445.756
-0.923513 -0.155142 -0.350791 71.3013
0.247822 -0.94131 -0.229173 125.871
-0.299772 -0.299449 0.905797 445.84
-0.921261 -0.155777 -0.356388 71.2794
0.247822 -0.94131 -0.229173 125.871
-0.299772 -0.299449 0.905797 445.84
-0.921261 -0.155777 -0.356388 71.2794
0.25037 -0.940873 -0.228195 125.779
-0.301725 -0.299793 0.905034 445.877
-0.919933 -0.157741 -0.358944 71.2418
0.25037 -0.940873 -0.228195 125.779
-0.301725 -0.299793 0.905034 445.877
-0.919933 -0.157741 -0.358944 71.2418
0.252038 -0.940479 -0.227982 125.839
-0.301929 -0.30025 0.904814 445.794
-0.919411 -0.159213 -0.359632 71.1911
0.252038 -0.940479 -0.227982 125.839
-0.301929 -0.30025 0.904814 445.794
-0.919411 -0.159213 -0.359632 71.1911
0.253063 -0.940472 -0.226875 125.712
-0.302653 -0.299697 0.904756 445.818
-0.918891 -0.160296 -0.360478 71.6734
0.253063 -0.940472 -0.226875 125.712
-0.302653 -0.299697 0.904756 445.818
-0.918891 -0.160296 -0.360478 71.6734
0.253842 -0.940415 -0.226239 125.8
-0.307424 -0.300214 0.902974 445.888
-0.91709 -0.159662 -0.365313 71.1888
0.253842 -0.940415 -0.226239 125.8
-0.307424 -0.300214 0.902974 445.888
-0.91709 -0.159662 -0.365313 71.1888
0.254619 -0.940345 -0.225656 125.685
-0.307656 -0.299991 0.902969 445.801
-0.916797 -0.160489 -0.365687 71.6802
0.254619 -0.940345 -0.225656 125.685
-0.307656 -0.299991 0.902969 445.801
-0.916797 -0.160489 -0.365687 71.6802
0.254744 -0.940368 -0.22542 125.685
-0.31175 -0.300527 0.901385 445.796
-0.915378 -0.159348 -0.369717 71.2468
0.254744 -0.940368 -0.22542 125.685
-0.31175 -0.300527 0.901385 445.796
-0.915378 -0.159348 -0.369717 71.2468
0.254721 -0.940709 -0.224016 125.657
-0.314727 -0.299692 0.900628 445.799
-0.914365 -0.158905 -0.372404 71.5418
0.254721 -0.940709 -0.224016 125.657
-0.314727 -0.299692 0.900628 445.799
-0.914365 -0.158905 -0.372404 71.5418
0.258681 -0.939987 -0.222507 125.676
-0.321202 -0.300943 0.897921 446.04
-0.910996 -0.160805 -0.379774 71.6187
0.258681 -0.939987 -0.222507 125.676
-0.321202 -0.300943 0.897921 446.04
-0.910996 -0.160805 -0.379774 71.6187
0.259913 -0.939984 -0.221076 125.686
-0.324269 -0.300612 0.896929 445.943
-0.909557 -0.161436 -0.382941 71.5424
0.259913 -0.939984 -0.221076 125.686
-0.324269 -0.300612 0.896929 445.943
-0.909557 -0.161436 -0.382941 71.5424
0.263246 -0.9395 -0.219184 125.735
-0.325447 -0.300362 0.896586 445.939
-0.908177 -0.16469 -0.384827 71.4133
0.263246 -0.9395 -0.219184 125.735
-0.325447 -0.300362 0.896586 445.939
-0.908177 -0.16469 -0.384827 71.4133
0.264145 -0.939586 -0.217726 125.588
-0.32751 -0.299711 0.896053 446.053
-0.907174 -0.165381 -0.386891 71.6635
0.264145 -0.939586 -0.217726 125.588
-0.32751 -0.299711 0.896053 446.053
-0.907174 -0.165381 -0.386891 71.6635
0.266523 -0.939315 -0.215991 125.623
-0.329997 -0.299484 0.895216 446.008
-0.905576 -0.167319 -0.38979 71.5289
0.266523 -0.939315 -0.215991 125.623
-0.329997 -0.299484 0.895216 446.008
-0.905576 -0.167319 -0.38979 71.5289
0.266576 -0.939173 -0.216542 125.664
-0.332219 -0.300441 0.894073 445.953
-0.904747 -0.166399 -0.392102 71.7258
0.266576 -0.939173 -0.216542 125.664
-0.332219 -0.300441 0.894073 445.953
-0.904747 -0.166399 -0.392102 71.7258
0.270511 -0.93858 -0.214224 125.627
-0.337911 -0.30093 0.891772 446.043
-0.901465 -0.168845 -0.398561 71.8262
0.270511 -0.93858 -0.214224 125.627
-0.337911 -0.30093 0.891772 446.043
-0.901465 -0.168845 -0.398561 71.8262
0.270511 -0.93858 -0.214224 125.627
-0.337911 -0.30093 0.891772 446.043
-0.901465 -0.168845 -0.398561 71.8262
0.271439 -0.938617 -0.212883 125.671
-0.340274 -0.300492 0.891021 446.133
-0.900297 -0.169419 -0.400952 71.4956
0.271439 -0.938617 -0.212883 125.671
-0.340274 -0.300492 0.891021 446.133
-0.900297 -0.169419 -0.400952 71.4956
0.272718 -0.93873 -0.210738 125.518
-0.343996 -0.299703 0.889857 446.094
-0.898494 -0.170187 -0.404654 71.9207
0.272718 -0.93873 -0.210738 125.518
-0.343996 -0.299703 0.889857 446.094
-0.898494 -0.170187 -0.404654 71.9207
0.277124 -0.937951 -0.208449 125.352
-0.350692 -0.300717 0.886896 446.198
-0.894549 -0.172678 -0.412268 71.751
0.277124 -0.937951 -0.208449 125.352
-0.350692 -0.300717 0.886896 446.198
-0.894549 -0.172678 -0.412268 71.751
0.278918 -0.93752 -0.207993 125.461
-0.350165 -0.300965 0.88702 446.164
-0.894198 -0.174574 -0.412231 71.7075
0.278918 -0.93752 -0.207993 125.461
-0.350165 -0.300965 0.88702 446.164
-0.894198 -0.174574 -0.412231 71.7075
0.27769 -0.937872 -0.208049 125.515
-0.351225 -0.300688 0.886695 446.131
-0.894164 -0.173154 -0.412902 71.699
0.27769 -0.937872 -0.208049 125.515
-0.351225 -0.300688 0.886695 446.131
-0.894164 -0.173154 -0.412902 71.699
0.280568 -0.937241 -0.207031 125.531
-0.355271 -0.301779 0.88471 446.183
-0.891664 -0.174669 -0.417644 71.4578
0.280568 -0.937241 -0.207031 125.531
-0.355271 -0.301779 0.88471 446.183
-0.891664 -0.174669 -0.417644 71.4578
0.282187 -0.937083 -0.205539 125.463
-0.356691 -0.301369 0.884278 446.195
-0.890585 -0.176217 -0.419292 71.735
0.282187 -0.937083 -0.205539 125.463
-0.356691 -0.301369 0.884278 446.195
-0.890585 -0.176217 -0.419292 71.735
0.285003 -0.936565 -0.20401 125.436
-0.364868 -0.302816 0.88044 446.275
-0.886366 -0.176491 -0.428026 71.5478
0.285003 -0.936565 -0.20401 125.436
-0.364868 -0.302816 0.88044 446.275
-0.886366 -0.176491 -0.428026 71.5478
0.290419 -0.93524 -0.20244 125.333
-0.379965 -0.306874 0.872614 446.371
-0.878227 -0.176504 -0.444481 71.8427
0.290419 -0.93524 -0.20244 125.333
-0.379965 -0.306874 0.872614 446.371
-0.878227 -0.176504 -0.444481 71.8427
0.292986 -0.934948 -0.200078 125.243
-0.384229 -0.306754 0.870787 446.483
-0.875515 -0.178252 -0.449109 71.8452
0.292986 -0.934948 -0.200078 125.243
-0.384229 -0.306754 0.870787 446.483
-0.875515 -0.178252 -0.449109 71.8452
0.293996 -0.935104 -0.197856 125.24
-0.389006 -0.306147 0.868878 446.405
-0.873064 -0.17848 -0.453767 71.9549
0.293996 -0.935104 -0.197856 125.24
-0.389006 -0.306147 0.868878 446.405
-0.873064 -0.17848 -0.453767 71.9549
0.297808 -0.934598 -0.194518 125.197
-0.397676 -0.306699 0.864748 446.404
-0.86785 -0.180173 -0.463005 72.0827
0.297808 -0.934598 -0.194518 125.197
-0.397676 -0.306699 0.864748 446.404
-0.86785 -0.180173 -0.463005 72.0827
0.297808 -0.934598 -0.194518 125.197
-0.397676 -0.306699 0.864748 446.404
-0.86785 -0.180173 -0.463005 72.0827
0.298687 -0.934574 -0.193279 125.228
-0.400514 -0.306579 0.86348 446.584
-0.866242 -0.1805 -0.465881 71.8031
0.298687 -0.934574 -0.193279 125.228
-0.400514 -0.306579 0.86348 446.584
-0.866242 -0.1805 -0.465881 71.8031
0.299128 -0.934924 -0.190889 125.193
-0.405672 -0.30567 0.861392 446.543
-0.863685 -0.180228 -0.470707 71.9324
0.299128 -0.934924 -0.190889 125.193
-0.405672 -0.30567 0.861392 446.543
-0.863685 -0.180228 -0.470707 71.9324
0.302694 -0.934007 -0.189755 125.054
-0.413166 -0.308007 0.856986 446.709
-0.858877 -0.181004 -0.479132 71.8071
0.302694 -0.934007 -0.189755 125.054
-0.413166 -0.308007 0.856986 446.709
-0.858877 -0.181004 -0.479132 71.8071
0.303599 -0.933863 -0.189018 125.11
-0.412307 -0.307611 0.857542 446.636
-0.85897 -0.182416 -0.478429 72.0539
0.303599 -0.933863 -0.189018 125.11
-0.412307 -0.307611 0.857542 446.636
-0.85897 -0.182416 -0.478429 72.0539
0.303306 -0.933925 -0.189179 125.039
-0.413824 -0.30793 0.856696 446.726
-0.858344 -0.181554 -0.479878 72.0608
0.303306 -0.933925 -0.189179 125.039
-0.413824 -0.30793 0.856696 446.726
-0.858344 -0.181554 -0.479878 72.0608
0.308167 -0.932765 -0.187036 125.098
-0.420567 -0.309925 0.852684 446.671
-0.853321 -0.184108 -0.487799 72.4673
0.308167 -0.932765 -0.187036 125.098
-0.420567 -0.309925 0.852684 446.671
-0.853321 -0.184108 -0.487799 72.4673
0.308234 -0.932946 -0.186021 125.041
-0.42478 -0.309942 0.850587 446.661
-0.851207 -0.183162 -0.491832 72.0436
0.308234 -0.932946 -0.186021 125.041
-0.42478 -0.309942 0.850587 446.661
-0.851207 -0.183162 -0.491832 72.0436
0.311996 -0.932097 -0.183996 125.076
-0.426264 -0.310407 0.849674 446.728
-0.849092 -0.186664 -0.494165 72.0229
0.311996 -0.932097 -0.183996 125.076
-0.426264 -0.310407 0.849674 446.728
-0.849092 -0.186664 -0.494165 72.0229
0.315999 -0.931041 -0.182504 125.023
-0.432254 -0.312516 0.845866 446.812
-0.844572 -0.188404 -0.501201 72.3263
0.315999 -0.931041 -0.182504 125.023
-0.432254 -0.312516 0.845866 446.812
-0.844572 -0.188404 -0.501201 72.3263
0.316318 -0.930748 -0.183442 125.094
-0.439438 -0.315133 0.841181 446.796
-0.840736 -0.185469 -0.508688 72.3062
0.316318 -0.930748 -0.183442 125.094
-0.439438 -0.315133 0.841181 446.796
-0.840736 -0.185469 -0.508688 72.3062
0.320966 -0.929229 -0.183069 125.034
-0.447185 -0.319083 0.835591 446.93
-0.834869 -0.186331 -0.517952 72.3993
0.320966 -0.929229 -0.183069 125.034
-0.447185 -0.319083 0.835591 446.93
-0.834869 -0.186331 -0.517952 72.3993
0.324128 -0.927549 -0.185997 124.915
-0.452565 -0.324687 0.83052 447.156
-0.830738 -0.185019 -0.525016 72.4118
0.324128 -0.927549 -0.185997 124.915
-0.452565 -0.324687 0.83052 447.156
-0.830738 -0.185019 -0.525016 72.4118
0.324128 -0.927549 -0.185997 124.915
-0.452565 -0.324687 0.83052 447.156
-0.830738 -0.185019 -0.525016 72.4118
0.325649 -0.927215 -0.184998 124.915
-0.452562 -0.324653 0.830535 447.059
-0.830145 -0.18674 -0.525345 72.6907
0.325649 -0.927215 -0.184998 124.915
-0.452562 -0.324653 0.830535 447.059
-0.830145 -0.18674 -0.525345 72.6907
0.328509 -0.926528 -0.183379 124.915
-0.453864 -0.325124 0.829639 447.189
-0.828305 -0.189314 -0.527324 72.5831
0.328509 -0.926528 -0.183379 124.915
-0.453864 -0.325124 0.829639 447.189
-0.828305 -0.189314 -0.527324 72.5831
0.332593 -0.92605 -0.178364 124.992
-0.464745 -0.325515 0.823439 447.191
-0.820606 -0.190976 -0.538641 72.5979
0.332593 -0.92605 -0.178364 124.992
-0.464745 -0.325515 0.823439 447.191
-0.820606 -0.190976 -0.538641 72.5979
0.334086 -0.925888 -0.176405 124.878
-0.47061 -0.326021 0.8199 447.345
-0.816647 -0.190899 -0.544651 72.4156
0.334086 -0.925888 -0.176405 124.878
-0.47061 -0.326021 0.8199 447.345
-0.816647 -0.190899 -0.544651 72.4156
0.335463 -0.925898 -0.173717 124.936
-0.474318 -0.32533 0.818036 447.326
-0.813933 -0.192023 -0.548306 72.6793
0.335463 -0.925898 -0.173717 124.936
-0.474318 -0.32533 0.818036 447.326
-0.813933 -0.192023 -0.548306 72.6793
0.337937 -0.925318 -0.172003 124.907
-0.478287 -0.326239 0.815358 447.315
-0.81058 -0.193273 -0.552816 72.7383
0.337937 -0.925318 -0.172003 124.907
-0.478287 -0.326239 0.815358 447.315
-0.81058 -0.193273 -0.552816 72.7383
0.337655 -0.925673 -0.17064 124.863
-0.481401 -0.325612 0.813775 447.229
-0.808853 -0.192628 -0.555564 72.7817
0.337655 -0.925673 -0.17064 124.863
-0.481401 -0.325612 0.813775 447.229
-0.808853 -0.192628 -0.555564 72.7817
0.338516 -0.925487 -0.169943 124.929
-0.483619 -0.326049 0.812284 447.37
-0.807168 -0.192783 -0.557956 72.688
0.338516 -0.925487 -0.169943 124.929
-0.483619 -0.326049 0.812284 447.37
-0.807168 -0.192783 -0.557956 72.688
0.340743 -0.925163 -0.167237 124.975
-0.48848 -0.326204 0.809307 447.411
-0.803294 -0.194074 -0.563075 72.4704
0.340743 -0.925163 -0.167237 124.975
-0.48848 -0.326204 0.809307 447.411
-0.803294 -0.194074 -0.563075 72.4704
0.342192 -0.924668 -0.167013 125.022
-0.486316 -0.326371 0.810542 447.344
-0.803991 -0.19614 -0.561363 72.6022
0.342192 -0.924668 -0.167013 125.022
-0.486316 -0.326371 0.810542 447.344
-0.803991 -0.19614 -0.561363 72.6022
0.341671 -0.924505 -0.168969 124.928
-0.483047 -0.326974 0.812252 447.299
-0.80618 -0.195903 -0.558297 72.7403
0.341671 -0.924505 -0.168969 124.928
-0.483047 -0.326974 0.812252 447.299
-0.80618 -0.195903 -0.558297 72.7403
0.346762 -0.922752 -0.168181 125.008
-0.478538 -0.328263 0.814399 447.291
-0.806696 -0.201921 -0.555401 72.6641
0.346762 -0.922752 -0.168181 125.008
-0.478538 -0.328263 0.814399 447.291
-0.806696 -0.201921 -0.555401 72.6641
0.351449 -0.921456 -0.165534 124.973
-0.478519 -0.328777 0.814202 447.338
-0.804676 -0.20694 -0.556483 72.6739
0.351449 -0.921456 -0.165534 124.973
-0.478519 -0.328777 0.814202 447.338
-0.804676 -0.20694 -0.556483 72.6739
0.352662 -0.92131 -0.163759 125.014
-0.47828 -0.327887 0.814702 447.279
-0.804287 -0.208992 -0.556277 72.6199
0.352662 -0.92131 -0.163759 125.014
-0.47828 -0.327887 0.814702 447.279
-0.804287 -0.208992 -0.556277 72.6199
0.352446 -0.921277 -0.164408 125.003
-0.476818 -0.327951 0.815532 447.173
-0.805249 -0.209039 -0.554867 72.6389
0.352446 -0.921277 -0.164408 125.003
-0.476818 -0.327951 0.815532 447.173
-0.805249 -0.209039 -0.554867 72.6389
0.352541 -0.921237 -0.164428 125.088
-0.47498 -0.327548 0.816766 447.052
-0.806294 -0.209844 -0.553043 72.628
0.352541 -0.921237 -0.164428 125.088
-0.47498 -0.327548 0.816766 447.052
-0.806294 -0.209844 -0.553043 72.628
0.35577 -0.920163 -0.163487 125.072
-0.474506 -0.328555 0.816636 446.916
-0.805153 -0.212959 -0.553513 72.1421
0.35577 -0.920163 -0.163487 125.072
-0.474506 -0.328555 0.816636 446.916
-0.805153 -0.212959 -0.553513 72.1421
0.356651 -0.920303 -0.160756 125.342
-0.474465 -0.326657 0.817422 446.734
-0.804788 -0.215261 -0.553154 72.2537
0.356651 -0.920303 -0.160756 125.342
-0.474465 -0.326657 0.817422 446.734
-0.804788 -0.215261 -0.553154 72.2537
0.355945 -0.920713 -0.159968 125.394
-0.477229 -0.326265 0.815968 446.632
-0.803465 -0.214098 -0.555524 71.7322
0.355945 -0.920713 -0.159968 125.394
-0.477229 -0.326265 0.815968 446.632
-0.803465 -0.214098 -0.555524 71.7322
0.357193 -0.920369 -0.159164 125.487
-0.476356 -0.326083 0.816551 446.564
-0.803429 -0.215848 -0.554898 71.8077
0.357193 -0.920369 -0.159164 125.487
-0.476356 -0.326083 0.816551 446.564
-0.803429 -0.215848 -0.554898 71.8077
0.355528 -0.921091 -0.158717 125.414
-0.476765 -0.324776 0.816833 446.487
-0.803925 -0.214736 -0.554611 71.8564
0.355528 -0.921091 -0.158717 125.414
-0.476765 -0.324776 0.816833 446.487
-0.803925 -0.214736 -0.554611 71.8564
0.355574 -0.921412 -0.15674 125.459
-0.477421 -0.323227 0.817064 446.413
-0.803515 -0.215695 -0.554833 71.7947
0.355574 -0.921412 -0.15674 125.459
-0.477421 -0.323227 0.817064 446.413
-0.803515 -0.215695 -0.554833 71.7947
0.351858 -0.922943 -0.156114 125.667
-0.478509 -0.32069 0.817427 446.284
-0.804503 -0.212917 -0.554474 71.5728
0.351858 -0.922943 -0.156114 125.667
-0.478509 -0.32069 0.817427 446.284
-0.804503 -0.212917 -0.554474 71.5728
0.351962 -0.923055 -0.155217 125.611
-0.47871 -0.320012 0.817575 446.246
-0.804338 -0.213451 -0.554508 71.6373
0.351962 -0.923055 -0.155217 125.611
-0.47871 -0.320012 0.817575 446.246
-0.804338 -0.213451 -0.554508 71.6373
0.350927 -0.92349 -0.154972 125.613
-0.478121 -0.319008 0.818311 446.214
-0.80514 -0.213073 -0.553489 71.6454
0.350927 -0.92349 -0.154972 125.613
-0.478121 -0.319008 0.818311 446.214
-0.80514 -0.213073 -0.553489 71.6454
0.350258 -0.92412 -0.152711 125.736
-0.480231 -0.317157 0.817796 446.035
-0.804175 -0.213103 -0.554878 71.4435
0.350258 -0.92412 -0.152711 125.736
-0.480231 -0.317157 0.817796 446.035
-0.804175 -0.213103 -0.554878 71.4435
0.349359 -0.924658 -0.151514 125.843
-0.480072 -0.315507 0.818527 445.958
-0.804661 -0.213222 -0.554127 71.3554
0.349359 -0.924658 -0.151514 125.843
-0.480072 -0.315507 0.818527 445.958
-0.804661 -0.213222 -0.554127 71.3554
0.347968 -0.925468 -0.149758 126.036
-0.480967 -0.313342 0.818833 445.833
-0.804729 -0.212899 -0.554152 71.1801
0.347968 -0.925468 -0.149758 126.036
-0.480967 -0.313342 0.818833 445.833
-0.804729 -0.212899 -0.554152 71.1801
0.346453 -0.925979 -0.150111 126.037
-0.479517 -0.312351 0.820061 445.836
-0.806247 -0.212132 -0.552237 71.0221
0.346453 -0.925979 -0.150111 126.037
-0.479517 -0.312351 0.820061 445.836
-0.806247 -0.212132 -0.552237 71.0221
0.345076 -0.926415 -0.150594 125.888
-0.478263 -0.311616 0.821072 445.727
-0.807581 -0.211309 -0.550601 71.3351
0.345076 -0.926415 -0.150594 125.888
-0.478263 -0.311616 0.821072 445.727
-0.807581 -0.211309 -0.550601 71.3351
0.340591 -0.927971 -0.151217 126.107
-0.479183 -0.309702 0.82126 445.54
-0.808938 -0.207253 -0.55015 70.9601
0.340591 -0.927971 -0.151217 126.107
-0.479183 -0.309702 0.82126 445.54
-0.808938 -0.207253 -0.55015 70.9601
0.337488 -0.929176 -0.150778 126.381
-0.481232 -0.307968 0.820714 445.387
-0.809022 -0.204422 -0.551085 70.5846
0.337488 -0.929176 -0.150778 126.381
-0.481232 -0.307968 0.820714 445.387
-0.809022 -0.204422 -0.551085 70.5846
0.33584 -0.930038 -0.149136 126.353
-0.482726 -0.305903 0.820609 445.229
-0.808818 -0.203602 -0.551688 70.5806
0.33584 -0.930038 -0.149136 126.353
-0.482726 -0.305903 0.820609 445.229
-0.808818 -0.203602 -0.551688 70.5806
0.334873 -0.930219 -0.150174 126.525
-0.48153 -0.305938 0.821298 445.018
-0.809932 -0.202717 -0.550379 70.2142
0.334873 -0.930219 -0.150174 126.525
-0.48153 -0.305938 0.821298 445.018
-0.809932 -0.202717 -0.550379 70.2142
0.334511 -0.930356 -0.150133 126.58
-0.481493 -0.305676 0.821418 444.954
-0.810103 -0.202486 -0.550212 70.0287
0.334511 -0.930356 -0.150133 126.58
-0.481493 -0.305676 0.821418 444.954
-0.810103 -0.202486 -0.550212 70.0287
0.333974 -0.930592 -0.149866 126.573
-0.481055 -0.305007 0.821923 444.872
