0.941222 -0.284387 -0.182277 105.255
0.318084 0.927806 0.194934 442.145
0.113681 -0.241455 0.96373 72.9502
0.941222 -0.284387 -0.182277 105.255
0.318084 0.927806 0.194934 442.145
0.113681 -0.241455 0.96373 72.9502
0.94138 -0.284603 -0.181121 105.159
0.31795 0.927963 0.194404 442.133
0.112746 -0.240596 0.964055 73.2098
0.941367 -0.284982 -0.180594 105.155
0.318176 0.927918 0.19425 442.109
0.112219 -0.240321 0.964185 72.8665
0.941366 -0.285158 -0.180317 105.185
0.318159 0.928144 0.193194 442.105
0.11227 -0.239236 0.964449 73.0797
0.941433 -0.284602 -0.180847 105.254
0.318101 0.927513 0.196293 442.05
0.111873 -0.242325 0.963724 72.7782
0.941042 -0.283566 -0.184472 105.203
0.3181 0.927303 0.197287 441.949
0.115117 -0.244336 0.962833 72.8626
0.94026 -0.282495 -0.190022 105.186
0.318794 0.926452 0.200141 441.819
0.119507 -0.248762 0.961164 72.4409
0.93947 -0.282137 -0.194411 105.267
0.319849 0.925606 0.202363 441.637
0.122854 -0.252296 0.95982 72.1548
0.939284 -0.281655 -0.195998 105.304
0.319934 0.925328 0.203498 441.555
0.124046 -0.253849 0.959257 72.1471
0.93964 -0.281915 -0.193911 105.517
0.319783 0.925142 0.204574 441.475
0.121722 -0.254235 0.959452 71.9495
0.939634 -0.282295 -0.193386 105.636
0.320031 0.925038 0.204658 441.421
0.121116 -0.254193 0.95954 71.9476
0.939442 -0.282382 -0.194187 105.792
0.320315 0.924958 0.204575 441.424
0.121847 -0.254387 0.959396 71.5696
0.93941 -0.281559 -0.195533 105.875
0.319944 0.924936 0.205256 441.322
0.123063 -0.255379 0.958977 71.7502
0.939329 -0.281167 -0.196486 105.785
0.320119 0.924336 0.207669 441.305
0.12323 -0.257968 0.958262 71.5327
0.939239 -0.280817 -0.197414 105.973
0.319804 0.92482 0.205996 441.291
0.124725 -0.256613 0.958433 71.7019
0.93889 -0.281797 -0.197676 106.054
0.32076 0.92462 0.205403 441.202
0.124893 -0.256258 0.958506 71.5455
0.939121 -0.28161 -0.196846 106.084
0.320533 0.924396 0.206762 441.108
0.123737 -0.25727 0.958385 71.5712
0.939394 -0.280253 -0.197475 106.312
0.319705 0.92409 0.209396 441.07
0.123801 -0.259839 0.957683 71.361
0.939696 -0.279761 -0.196739 106.258
0.318927 0.92453 0.208639 441.051
0.123522 -0.258802 0.958 71.4274
0.939626 -0.27952 -0.197415 106.369
0.318941 0.924401 0.209189 441.056
0.124018 -0.259523 0.957741 71.1548
0.939789 -0.278794 -0.197662 106.508
0.318519 0.92415 0.21093 440.918
0.123863 -0.261189 0.957308 71.0957
0.940394 -0.27767 -0.196364 106.484
0.317399 0.923938 0.213532 440.784
0.122136 -0.26313 0.956998 70.9841
0.940426 -0.276861 -0.197349 106.881
0.317037 0.923763 0.214826 440.784
0.122827 -0.264595 0.956506 70.5939
0.940305 -0.277348 -0.19724 106.913
0.317268 0.924075 0.213133 440.721
0.123153 -0.262988 0.956907 70.829
0.940313 -0.277128 -0.197512 106.934
0.317383 0.923572 0.215134 440.62
0.122797 -0.26498 0.956403 70.5198
0.940324 -0.276331 -0.198577 106.922
0.317118 0.923249 0.216904 440.492
0.123399 -0.266932 0.955782 70.5502
0.940292 -0.277148 -0.197587 106.875
0.317632 0.923106 0.216761 440.565
0.122319 -0.266578 0.95602 70.3223
0.940457 -0.275257 -0.199436 107.117
0.316442 0.923223 0.217998 440.412
0.124118 -0.268128 0.955355 70.3435
0.940688 -0.275084 -0.198583 107.181
0.3162 0.923009 0.219252 440.316
0.122982 -0.269039 0.955245 70.0956
0.940732 -0.2734 -0.200686 107.23
0.315326 0.922948 0.220762 440.25
0.124866 -0.27096 0.954458 69.9663
0.940647 -0.273115 -0.201471 107.272
0.315439 0.922594 0.222079 440.164
0.125223 -0.272449 0.953987 69.6097
0.940369 -0.273377 -0.202413 107.281
0.315814 0.92273 0.220977 440.237
0.126362 -0.271725 0.954043 69.644
0.940604 -0.274016 -0.200448 107.314
0.316052 0.922354 0.222203 440.158
0.123997 -0.272357 0.954173 69.7042
0.940653 -0.272723 -0.201976 107.376
0.315408 0.922215 0.223689 440.103
0.12526 -0.274119 0.953503 69.4134
0.94041 -0.271447 -0.204807 107.356
0.315221 0.921798 0.225665 440.034
0.127535 -0.276777 0.952433 69.3005
0.940886 -0.270788 -0.203488 107.359
0.314468 0.921556 0.227691 439.965
0.12587 -0.278222 0.952234 69.374
0.940801 -0.270637 -0.204079 107.352
0.314309 0.921946 0.226331 439.996
0.126896 -0.277077 0.952432 69.6209
0.940715 -0.27082 -0.204233 107.386
0.314544 0.921843 0.226422 439.908
0.126951 -0.277239 0.952377 69.4818
0.940844 -0.270072 -0.204631 107.452
0.314184 0.921487 0.228363 439.873
0.12689 -0.279146 0.951828 69.3959
0.940907 -0.268722 -0.206115 107.472
0.313705 0.920879 0.231456 439.938
0.12761 -0.282438 0.95076 69.0899
0.941007 -0.269038 -0.205244 107.442
0.313656 0.921092 0.230672 439.903
0.126989 -0.28144 0.951139 69.224
0.940874 -0.269657 -0.205038 107.45
0.314153 0.921016 0.230299 439.915
0.126741 -0.281096 0.951274 69.3113
0.940754 -0.269314 -0.206041 107.578
0.314129 0.920983 0.230463 439.8
0.127693 -0.281532 0.951017 69.3069
0.940713 -0.269965 -0.205373 107.604
0.314342 0.921341 0.228734 439.837
0.127468 -0.27973 0.951579 69.2091
0.940542 -0.270568 -0.205364 107.571
0.314794 0.921439 0.227717 439.765
0.127618 -0.278824 0.951825 69.1677
0.941011 -0.270338 -0.203509 107.637
0.314186 0.921368 0.228842 439.816
0.125642 -0.279282 0.951954 69.0611
0.940826 -0.269637 -0.205286 107.667
0.314157 0.921104 0.229942 439.759
0.127089 -0.280828 0.951306 69.162
0.940614 -0.269643 -0.206246 107.79
0.314751 0.920319 0.232259 439.672
0.127185 -0.283382 0.950536 68.8561
0.940339 -0.269503 -0.207682 107.723
0.315124 0.920023 0.232926 439.743
0.128298 -0.284475 0.95006 69.0284
0.940544 -0.268227 -0.208401 107.86
0.314316 0.91987 0.234618 439.714
0.128771 -0.286172 0.949486 68.8949
0.940246 -0.267552 -0.210601 107.882
0.314551 0.919332 0.236404 439.629
0.130362 -0.288522 0.948557 69.141
0.940166 -0.267414 -0.211133 107.852
0.314787 0.918854 0.237944 439.662
0.130371 -0.290169 0.948054 68.9734
0.940138 -0.266627 -0.212253 107.836
0.314798 0.91801 0.241163 439.554
0.13055 -0.293544 0.946989 68.8662
0.93962 -0.266455 -0.214745 107.982
0.315544 0.917457 0.242291 439.504
0.132459 -0.295423 0.946139 68.4993
0.939512 -0.26667 -0.214954 107.896
0.315858 0.917273 0.242577 439.616
0.132483 -0.295798 0.946019 68.6695
0.939975 -0.26366 -0.216635 107.921
0.31395 0.916957 0.246221 439.57
0.133727 -0.299454 0.944693 68.7349
0.940076 -0.262523 -0.217576 107.978
0.31323 0.917017 0.246914 439.541
0.1347 -0.300269 0.944296 68.697
0.940176 -0.261012 -0.218955 107.942
0.312637 0.916369 0.250051 439.497
0.135377 -0.303546 0.943151 68.6106
0.939913 -0.260864 -0.220257 107.937
0.312797 0.91651 0.249333 439.544
0.136826 -0.303247 0.943038 68.6803
0.940302 -0.259218 -0.220539 108.081
0.311383 0.9168 0.250036 439.457
0.137376 -0.303781 0.942786 68.5719
0.94076 -0.258216 -0.219761 108.112
0.310496 0.916468 0.252346 439.322
0.136244 -0.305632 0.942352 68.4333
0.941158 -0.258139 -0.218143 108.15
0.309945 0.916589 0.252586 439.371
0.134746 -0.305336 0.942663 68.1969
0.941216 -0.256728 -0.219554 108.163
0.309378 0.916084 0.255097 439.297
0.13564 -0.308026 0.941659 68.2206
0.941199 -0.256305 -0.220121 108.088
0.308969 0.916564 0.253868 439.352
0.136687 -0.306951 0.941859 68.4325
0.941359 -0.25336 -0.222826 108.065
0.307637 0.915735 0.258437 439.343
0.138572 -0.311831 0.939978 68.2531
0.941472 -0.251588 -0.224352 108.049
0.306862 0.915126 0.261497 439.46
0.139521 -0.315037 0.938768 68.1064
0.941352 -0.249763 -0.226879 107.949
0.306019 0.915209 0.262193 439.51
0.142156 -0.316245 0.937966 68.4073
0.941726 -0.246127 -0.229289 107.966
0.304381 0.913667 0.269379 439.558
0.143192 -0.323473 0.93534 68.1265
0.941753 -0.244961 -0.230423 107.984
0.304189 0.912655 0.273 439.527
0.143423 -0.327191 0.934011 67.9546
0.941879 -0.241918 -0.233108 108.011
0.302935 0.911562 0.278003 439.649
0.145238 -0.332462 0.931866 68.0082
0.942341 -0.240359 -0.232853 107.802
0.301619 0.911447 0.279805 439.637
0.14498 -0.333904 0.931391 68.1951
0.942657 -0.238744 -0.233235 107.893
0.300498 0.911208 0.281783 439.76
0.145251 -0.335711 0.930699 68.2526
0.942592 -0.238794 -0.233447 107.827
0.300818 0.91071 0.283047 439.802
0.145012 -0.337023 0.930262 68.3044
0.942189 -0.237544 -0.236331 107.787
0.30081 0.910341 0.28424 439.772
0.147622 -0.338899 0.929169 68.2754
0.942157 -0.236651 -0.237352 107.869
0.30046 0.910161 0.285186 439.817
0.148539 -0.340005 0.928619 68.1732
0.942517 -0.236472 -0.236099 107.831
0.29983 0.910395 0.285101 439.744
0.147525 -0.339502 0.928964 68.3799
0.941607 -0.236138 -0.240033 107.753
0.300729 0.910428 0.284049 439.871
0.151458 -0.339647 0.928278 68.4441
0.941513 -0.235365 -0.241156 107.859
0.300612 0.910021 0.285471 439.933
0.152267 -0.341269 0.927551 68.2241
0.941546 -0.235035 -0.241351 107.797
0.300236 0.910386 0.284702 439.93
0.152808 -0.340523 0.927736 68.5753
0.941581 -0.232401 -0.243753 107.693
0.299331 0.909199 0.289412 439.97
0.15436 -0.345467 0.925649 68.4699
0.941849 -0.230616 -0.244412 107.652
0.298573 0.908053 0.29376 439.974
0.154193 -0.349652 0.924104 68.2973
0.941428 -0.229279 -0.247275 107.754
0.299153 0.906274 0.29862 440.077
0.155632 -0.355103 0.921781 68.2963
0.940847 -0.228181 -0.250481 107.719
0.299823 0.905019 0.301739 440.115
0.157839 -0.35899 0.919898 68.2079
0.940475 -0.22734 -0.252632 107.708
0.299929 0.904781 0.302349 440.049
0.159841 -0.360123 0.919109 68.4018
0.940418 -0.226278 -0.253795 107.738
0.300182 0.903084 0.307133 440.12
0.159701 -0.365018 0.917201 68.1521
0.940345 -0.225656 -0.254619 107.631
0.299991 0.902969 0.307656 440.041
0.160489 -0.365687 0.916797 68.5988
0.940561 -0.224627 -0.254731 107.611
0.300056 0.900959 0.313432 440.037
0.159097 -0.371236 0.914807 68.3588
0.940117 -0.22278 -0.257972 107.622
0.300718 0.89841 0.320043 440.223
0.160466 -0.378455 0.911605 68.524
0.939984 -0.221076 -0.259913 107.639
0.300612 0.896929 0.324269 440.171
0.161436 -0.382941 0.909557 68.4429
0.939511 -0.218989 -0.263367 107.677
0.300275 0.896515 0.325723 440.189
0.164782 -0.385103 0.908043 68.2829
0.939479 -0.217035 -0.265094 107.564
0.29962 0.89572 0.328502 440.283
0.166154 -0.388048 0.906538 68.4196
0.939218 -0.216368 -0.266559 107.618
0.300139 0.894434 0.331518 440.207
0.16669 -0.391372 0.90501 68.4632
0.938658 -0.214528 -0.269997 107.61
0.300865 0.892075 0.337168 440.254
0.168526 -0.397718 0.901898 68.5774
0.938617 -0.212883 -0.271439 107.65
0.300492 0.891021 0.340274 440.364
0.169419 -0.400952 0.900297 68.2428
0.938399 -0.209765 -0.274602 107.43
0.300134 0.888599 0.34686 440.376
0.171252 -0.40791 0.896818 68.5602
0.937673 -0.208155 -0.278282 107.419
0.300877 0.886976 0.350352 440.399
0.173902 -0.412244 0.894322 68.384
0.937862 -0.208047 -0.277724 107.506
0.300696 0.886704 0.351195 440.358
0.173194 -0.412883 0.894165 68.374
0.937241 -0.207031 -0.280568 107.536
0.301779 0.88471 0.355271 440.389
0.174669 -0.417644 0.891664 68.1042
0.936945 -0.205137 -0.282935 107.466
0.301752 0.883268 0.358863 440.423
0.176291 -0.421611 0.889475 68.3006
0.935962 -0.203308 -0.287473 107.418
0.304664 0.876913 0.371759 440.469
0.176507 -0.435534 0.882698 68.2931
0.935018 -0.200641 -0.292376 107.312
0.306782 0.871224 0.383216 440.566
0.177836 -0.448009 0.876163 68.4301
0.934966 -0.196947 -0.295042 107.277
0.306296 0.867758 0.391381 440.524
0.178943 -0.456299 0.871648 68.5541
0.934598 -0.194514 -0.297811 107.253
0.306698 0.864744 0.397686 440.516
0.180174 -0.463014 0.867845 68.6224
0.934742 -0.192135 -0.2989 107.264
0.306144 0.862484 0.402985 440.686
0.180369 -0.468194 0.865021 68.4019
0.934155 -0.189939 -0.302122 107.141
0.307631 0.857699 0.411966 440.776
0.180881 -0.477782 0.859655 68.3543
0.933863 -0.189018 -0.303599 107.18
0.307611 0.857542 0.412307 440.73
0.182416 -0.478429 0.85897 68.5515
0.933898 -0.189127 -0.303424 107.11
0.307978 0.8566 0.413988 440.811
0.181617 -0.48007 0.858224 68.5836
0.932845 -0.186587 -0.308197 107.162
0.309933 0.85176 0.42243 440.716
0.18369 -0.489582 0.852389 68.7532
0.932354 -0.184608 -0.310863 107.164
0.310266 0.84995 0.425817 440.75
0.185609 -0.493463 0.849732 68.4655
0.931085 -0.182567 -0.315832 107.148
0.312429 0.846025 0.432006 440.81
0.188332 -0.50091 0.844761 68.6977
0.930181 -0.183308 -0.318058 107.212
0.316611 0.8391 0.442345 440.767
0.185797 -0.512162 0.838552 68.7737
0.928216 -0.184842 -0.322875 107.14
0.322473 0.832534 0.450443 440.875
0.185544 -0.522227 0.832378 68.8444
0.927316 -0.185299 -0.32519 107.11
0.324663 0.83053 0.452563 440.855
0.186221 -0.525246 0.830324 69.0311
0.926528 -0.183379 -0.328509 107.125
0.325124 0.829639 0.453864 440.947
0.189314 -0.527324 0.828305 68.9483
0.92605 -0.178364 -0.332593 107.212
0.325515 0.823439 0.464745 440.942
0.190976 -0.538641 0.820606 68.9312
0.925889 -0.176159 -0.334212 107.107
0.325957 0.819731 0.47095 441.085
0.191002 -0.544986 0.8164 68.7725
0.925628 -0.172919 -0.336618 107.151
0.325754 0.81679 0.476172 441.067
0.192607 -0.550412 0.812372 69.0088
0.925642 -0.170762 -0.33768 107.094
0.325668 0.813917 0.481122 440.984
0.192686 -0.555319 0.809008 69.0783
0.925416 -0.16935 -0.339007 107.171
0.326083 0.811632 0.484688 441.118
0.193067 -0.559083 0.80632 68.9333
0.92492 -0.167126 -0.341455 107.24
0.326287 0.809914 0.487418 441.113
0.195088 -0.562235 0.803637 68.7894
0.924544 -0.168511 -0.341794 107.199
0.326832 0.811853 0.483814 441.034
0.195958 -0.559016 0.805668 68.9456
0.92295 -0.168269 -0.346191 107.278
0.32812 0.814159 0.479044 440.992
0.201246 -0.555726 0.80664 68.8087
0.9214 -0.164837 -0.351926 107.298
0.328427 0.814399 0.478425 441.009
0.207745 -0.556403 0.804523 68.6639
0.92128 -0.164356 -0.352464 107.315
0.327945 0.815465 0.476936 440.885
0.209035 -0.554981 0.805171 68.6239
0.921237 -0.164428 -0.352541 107.4
0.327548 0.816766 0.47498 440.763
0.209844 -0.553043 0.806294 68.599
0.920163 -0.163487 -0.35577 107.405
0.328555 0.816636 0.474506 440.608
0.212959 -0.553513 0.805153 68.0533
0.920492 -0.160393 -0.356326 107.692
0.326477 0.816753 0.475739 440.419
0.214725 -0.554246 0.804179 67.8908
0.920387 -0.159205 -0.35713 107.811
0.326092 0.816521 0.4764 440.306
0.215759 -0.554929 0.803431 67.6613
0.92111 -0.158601 -0.355531 107.731
0.324686 0.816846 0.476803 440.249
0.214792 -0.554624 0.803901 67.7288
0.921908 -0.156538 -0.354375 107.825
0.322408 0.817181 0.477774 440.181
0.214798 -0.554717 0.803835 67.5989
0.923007 -0.155605 -0.351917 107.913
0.320306 0.817511 0.478623 440.113
0.21322 -0.554493 0.804409 67.5156
0.923421 -0.155011 -0.351092 107.883
0.319168 0.818194 0.478215 440.091
0.213133 -0.553651 0.805012 67.552
0.924131 -0.152688 -0.350241 107.995
0.317125 0.81781 0.480228 439.944
0.213105 -0.554863 0.804184 67.3502
0.925342 -0.150031 -0.348184 108.24
0.313679 0.818786 0.480828 439.83
0.212949 -0.554148 0.804719 67.1188
0.925979 -0.150111 -0.346453 108.258
0.312351 0.820061 0.479517 439.839
0.212132 -0.552237 0.806247 66.9491
0.926508 -0.150631 -0.344809 108.112
0.311502 0.821084 0.478318 439.735
0.211067 -0.550574 0.807662 67.2602
0.928473 -0.151035 -0.339302 108.394
0.308982 0.821033 0.480035 439.544
0.206077 -0.550538 0.808975 66.8474
0.929839 -0.149515 -0.336221 108.507
0.30638 0.820633 0.482382 439.383
0.203791 -0.551549 0.808865 66.6688
0.9302 -0.150065 -0.334975 108.647
0.305934 0.821226 0.481656 439.166
0.202811 -0.550517 0.809814 66.3589
0.930381 -0.150105 -0.334455 108.716
0.305605 0.821471 0.481447 439.078
0.202477 -0.55014 0.810154 66.1692
0.930611 -0.1501 -0.333817 108.732
0.305053 0.822064 0.480784 438.987
0.202254 -0.549254 0.81081 66.272
0.930324 -0.149115 -0.335054 108.79
0.304834 0.822354 0.480428 438.815
0.203894 -0.54909 0.810511 66.0734
0.931335 -0.148486 -0.332516 108.859
0.302962 0.822572 0.481238 438.704
0.202061 -0.548933 0.811076 65.9979
0.93207 -0.147546 -0.330871 108.936
0.301193 0.82312 0.48141 438.688
0.201316 -0.548364 0.811646 65.9625
0.932681 -0.147674 -0.329089 109.029
0.300283 0.823359 0.481571 438.517
0.199843 -0.547972 0.812275 65.7905
0.932642 -0.148752 -0.328713 109.031
0.300556 0.824342 0.479715 438.506
0.199613 -0.546199 0.813524 65.7315
0.933047 -0.148512 -0.32767 109.181
0.299991 0.823916 0.4808 438.453
0.198568 -0.546907 0.813304 65.3962
0.933273 -0.146154 -0.328085 109.285
0.298876 0.8226 0.483737 438.31
0.199183 -0.549516 0.811393 65.2796
0.933123 -0.146526 -0.328347 109.312
0.29875 0.824101 0.481255 438.275
0.200074 -0.547164 0.812762 65.575
0.933447 -0.146462 -0.327453 109.363
0.298242 0.824097 0.481577 438.277
0.199321 -0.547187 0.812932 65.1823
0.933249 -0.14604 -0.328205 109.587
0.298192 0.82441 0.481072 438.084
0.20032 -0.546828 0.812928 65.0277
0.933048 -0.14618 -0.328715 109.656
0.298318 0.82507 0.47986 438.066
0.201067 -0.545794 0.813438 64.99
0.932877 -0.145446 -0.329524 109.653
0.29825 0.824859 0.480265 438.042
0.201958 -0.546309 0.812871 64.9263
0.933143 -0.145609 -0.328698 109.644
0.29804 0.824617 0.480812 437.988
0.20104 -0.546631 0.812882 64.8587
0.932886 -0.14526 -0.329581 109.72
0.298338 0.824317 0.48114 437.885
0.201789 -0.547175 0.812331 64.7722
0.932407 -0.142783 -0.33201 109.785
0.298014 0.823466 0.482796 437.737
0.204464 -0.549105 0.810357 64.5682
0.932291 -0.142436 -0.332484 109.897
0.29796 0.823558 0.482672 437.638
0.20507 -0.549058 0.810236 64.5331
0.932266 -0.142842 -0.33238 109.988
0.298128 0.823794 0.482165 437.564
0.204939 -0.548598 0.81058 64.258
0.931865 -0.140016 -0.334699 110.064
0.29723 0.823636 0.482989 437.587
0.208044 -0.549563 0.809134 64.482
0.93176 -0.135891 -0.336685 110.078
0.295742 0.821995 0.486684 437.447
0.210617 -0.553045 0.806091 64.3138
0.931761 -0.135051 -0.337019 110.103
0.295175 0.822262 0.486576 437.37
0.211406 -0.552852 0.806016 64.2175
0.931541 -0.134148 -0.337987 110.131
0.294583 0.823326 0.485134 437.459
0.213194 -0.551488 0.80648 63.9211
0.931882 -0.13444 -0.336929 110.254
0.29378 0.824556 0.483529 437.365
0.212811 -0.549575 0.807885 63.9052
0.932009 -0.133603 -0.336912 110.438
0.292955 0.825014 0.483249 437.3
0.213394 -0.549093 0.80806 63.6188
0.932342 -0.132679 -0.336356 110.463
0.291849 0.825304 0.483423 437.067
0.213456 -0.548881 0.808187 63.9161
0.93228 -0.131669 -0.336922 110.51
0.291061 0.826098 0.482541 437.086
0.214795 -0.547928 0.808479 63.8356
0.932625 -0.131258 -0.336127 110.421
0.290496 0.825685 0.483587 437.057
0.214061 -0.548649 0.808184 63.9364
0.932826 -0.130826 -0.33574 110.477
0.290163 0.825177 0.484653 436.979
0.213639 -0.549516 0.807707 63.83
0.93297 -0.130483 -0.33547 110.481
0.290027 0.824492 0.485898 436.896
0.213191 -0.550624 0.80707 63.636
0.932634 -0.132136 -0.335758 110.542
0.29101 0.825595 0.483431 437.001
0.213321 -0.548573 0.808431 63.4363
0.932696 -0.132697 -0.335365 110.644
0.291062 0.826044 0.482633 436.93
0.212982 -0.547762 0.80907 63.5821
0.932477 -0.132144 -0.336192 110.616
0.291019 0.826166 0.482449 436.831
0.213997 -0.547711 0.808837 63.7123
0.932547 -0.13274 -0.335763 110.679
0.291524 0.825468 0.483339 436.762
0.213003 -0.548619 0.808484 63.5353
0.932933 -0.132042 -0.334964 110.62
0.290925 0.824566 0.485236 436.636
0.212128 -0.550142 0.807679 63.4266
0.932931 -0.131554 -0.33516 110.724
0.291018 0.823622 0.48678 436.545
0.212008 -0.55167 0.806668 63.276
0.933076 -0.132143 -0.334525 110.831
0.291161 0.823558 0.486803 436.504
0.211173 -0.551625 0.806917 63.1645
0.932828 -0.13051 -0.335856 110.967
0.290825 0.823001 0.487944 436.379
0.212729 -0.552843 0.805674 62.9304
0.933068 -0.13138 -0.334848 110.874
0.290684 0.823722 0.48681 436.383
0.211864 -0.551562 0.806779 63.0341
0.932821 -0.131852 -0.335352 110.979
0.291549 0.823093 0.487358 436.28
0.211767 -0.552389 0.806239 62.6325
0.932734 -0.130837 -0.335991 111.057
0.291328 0.822524 0.488449 436.217
0.212453 -0.553476 0.805313 62.5642
0.933408 -0.130784 -0.334133 111.072
0.290142 0.822976 0.488394 436.175
0.211109 -0.552817 0.806118 62.6306
0.933252 -0.131633 -0.334236 111.097
0.290444 0.82402 0.486449 436.123
0.211384 -0.551057 0.80725 62.6779
0.933487 -0.132973 -0.333048 111.193
0.290416 0.825151 0.484545 436.047
0.210383 -0.549039 0.808885 62.6894
0.933707 -0.132046 -0.332799 111.159
0.289874 0.824376 0.486187 436.015
0.210153 -0.550426 0.808002 62.5161
0.933988 -0.132937 -0.331655 111.198
0.289523 0.825525 0.484444 435.915
0.209389 -0.548486 0.809518 62.5041
0.933575 -0.133756 -0.332486 111.189
0.290526 0.825667 0.4836 435.945
0.209838 -0.548073 0.809682 62.2473
0.933793 -0.132159 -0.332512 111.279
0.28954 0.825085 0.485181 435.753
0.21023 -0.549335 0.808724 62.2063
0.933815 -0.134445 -0.331533 111.317
0.290587 0.825595 0.483686 435.617
0.208682 -0.548012 0.810021 62.0125
0.933807 -0.135073 -0.331299 111.274
0.290423 0.826969 0.481432 435.633
0.208946 -0.545781 0.811458 62.2466
0.93472 -0.132848 -0.32962 111.369
0.288865 0.824289 0.486934 435.43
0.207014 -0.550363 0.808855 61.8394
0.934807 -0.132814 -0.329388 111.482
0.288416 0.825093 0.485837 435.39
0.20725 -0.549165 0.809608 61.8232
0.934904 -0.132579 -0.329208 111.466
0.288339 0.824569 0.486771 435.309
0.206919 -0.550008 0.80912 61.4959
0.934984 -0.131652 -0.329351 111.529
0.287889 0.824077 0.48787 435.183
0.207182 -0.550968 0.8084 61.4931
0.935282 -0.130749 -0.328866 111.55
0.286806 0.824444 0.487887 435.204
0.207341 -0.550633 0.808587 61.4778
0.93506 -0.129955 -0.329809 111.688
0.286751 0.824284 0.48819 434.991
0.208413 -0.55106 0.80802 61.4407
0.934937 -0.13029 -0.330025 111.677
0.287306 0.823794 0.488692 434.93
0.2082 -0.551714 0.807629 61.2026
0.934813 -0.132145 -0.32964 111.73
0.288011 0.825155 0.485972 434.899
0.207785 -0.549233 0.809425 61.0536
0.934875 -0.130837 -0.329984 111.643
0.287077 0.825447 0.486028 434.866
0.208794 -0.549107 0.809251 61.5125
0.934745 -0.131967 -0.329905 111.77
0.287741 0.825869 0.484918 434.899
0.208465 -0.548201 0.809949 61.3022
0.934564 -0.132493 -0.330207 111.749
0.288232 0.826048 0.484321 434.887
0.208598 -0.547805 0.810183 61.2595
0.934501 -0.131869 -0.330634 111.774
0.28819 0.825486 0.485303 434.758
0.208937 -0.548801 0.809421 61.0914
0.934763 -0.131623 -0.329989 111.711
0.287519 0.825873 0.485043 434.699
0.208686 -0.548279 0.80984 61.1469
0.934628 -0.132355 -0.33008 111.773
0.288111 0.825918 0.484615 434.789
0.208478 -0.548035 0.810059 61.1767
0.934472 -0.131977 -0.330672 111.724
0.288026 0.826186 0.484208 434.736
0.209292 -0.547721 0.810061 61.1434
0.93484 -0.130773 -0.330111 111.767
0.287075 0.825494 0.485949 434.513
0.208956 -0.549051 0.809247 61.1261
0.934653 -0.131434 -0.330376 111.916
0.287951 0.824887 0.486463 434.478
0.208585 -0.549807 0.808829 60.811
0.933713 -0.128189 -0.334286 112.107
0.287883 0.823909 0.488156 434.321
0.212845 -0.552034 0.806198 60.6074
0.933848 -0.127569 -0.334148 112.049
0.287322 0.823949 0.488421 434.341
0.213014 -0.552119 0.806096 60.5272
0.933826 -0.126659 -0.334555 112.094
0.286977 0.823596 0.489218 434.216
0.213574 -0.552854 0.805443 60.4975
0.933556 -0.124768 -0.336015 112.264
0.286699 0.822569 0.491105 434.177
0.215122 -0.554809 0.803685 60.3733
0.934182 -0.122281 -0.335189 112.458
0.284818 0.821405 0.494138 433.95
0.214903 -0.557083 0.802169 60.058
0.93438 -0.121856 -0.334792 112.491
0.284359 0.821213 0.494722 433.886
0.214651 -0.557459 0.801976 59.9256
0.934651 -0.119989 -0.334709 112.516
0.2832 0.820415 0.496706 433.798
0.215001 -0.559036 0.800783 59.829
0.934922 -0.118476 -0.334491 112.465
0.282154 0.819836 0.498254 433.67
0.215197 -0.560207 0.799912 59.8194
0.93479 -0.117211 -0.335304 112.573
0.281594 0.819919 0.498436 433.694
0.2165 -0.560352 0.799458 59.7084
0.934708 -0.117465 -0.335444 112.579
0.281687 0.820369 0.497642 433.697
0.216732 -0.55964 0.799894 59.6149
0.934727 -0.115994 -0.335902 112.581
0.280717 0.820614 0.497785 433.649
0.217906 -0.559587 0.799612 59.7209
0.934731 -0.115341 -0.336118 112.504
0.280024 0.821408 0.496865 433.714
0.218781 -0.558556 0.800094 59.7083
0.93499 -0.115764 -0.33525 112.533
0.27982 0.821574 0.496705 433.688
0.217932 -0.558224 0.800557 59.6526
