0.941222 -0.284387 -0.182277 105.255
0.318084 0.927806 0.194934 442.145
0.113681 -0.241455 0.96373 72.9502
0.941222 -0.284387 -0.182277 105.255
0.318084 0.927806 0.194934 442.145
0.113681 -0.241455 0.96373 72.9502
0.941379 -0.284618 -0.181103 105.156
0.317955 0.92797 0.19436 442.135
0.112739 -0.240549 0.964067 73.2049
0.941369 -0.284975 -0.180595 105.168
0.318184 0.927887 0.194382 442.099
0.112178 -0.240447 0.964158 72.8423
0.941366 -0.285158 -0.180317 105.185
0.318159 0.928144 0.193194 442.105
0.11227 -0.239236 0.964449 73.0797
0.941433 -0.284602 -0.180847 105.254
0.318101 0.927513 0.196293 442.05
0.111873 -0.242325 0.963724 72.7782
0.941026 -0.283557 -0.184571 105.195
0.318124 0.927279 0.197359 441.945
0.115186 -0.244436 0.9628 72.8597
0.940202 -0.282396 -0.190452 105.197
0.31883 0.926399 0.200329 441.81
0.119862 -0.249071 0.961039 72.4012
0.939459 -0.282142 -0.194452 105.267
0.319869 0.925593 0.202388 441.634
0.122881 -0.252335 0.959806 72.1537
0.93931 -0.281685 -0.195834 105.315
0.31993 0.925311 0.203576 441.551
0.123863 -0.253874 0.959274 72.126
0.939637 -0.28189 -0.193958 105.522
0.319769 0.92515 0.204563 441.473
0.121776 -0.254236 0.959445 71.9652
0.939634 -0.282328 -0.193333 105.639
0.320051 0.925029 0.204669 441.42
0.121055 -0.25419 0.959548 71.9386
0.939424 -0.282363 -0.194303 105.804
0.320324 0.924959 0.204558 441.425
0.121963 -0.254407 0.959376 71.5425
0.939378 -0.281528 -0.195734 105.876
0.319977 0.924905 0.205343 441.321
0.123225 -0.255525 0.958917 71.7261
0.939329 -0.281167 -0.196486 105.785
0.320119 0.924336 0.207669 441.305
0.12323 -0.257968 0.958262 71.5327
0.939206 -0.280926 -0.197418 105.977
0.319894 0.924818 0.205865 441.283
0.124743 -0.256502 0.95846 71.6953
0.938886 -0.281793 -0.197702 106.059
0.320773 0.924599 0.205477 441.201
0.124894 -0.256337 0.958485 71.5345
0.939164 -0.28159 -0.196666 106.079
0.320473 0.924403 0.206822 441.097
0.12356 -0.257266 0.958409 71.5971
0.939394 -0.280253 -0.197475 106.312
0.319705 0.92409 0.209396 441.07
0.123801 -0.259839 0.957683 71.361
0.939645 -0.279838 -0.196873 106.28
0.319012 0.924547 0.208432 441.07
0.123691 -0.258657 0.958017 71.3677
0.93963 -0.279485 -0.197443 106.373
0.318925 0.924387 0.209275 441.053
0.124025 -0.25961 0.957716 71.1446
0.939796 -0.278784 -0.197645 106.513
0.318507 0.924149 0.210954 440.912
0.123843 -0.261205 0.957306 71.1039
0.940395 -0.277646 -0.196393 106.495
0.317388 0.923933 0.213571 440.784
0.122157 -0.263173 0.956984 70.9726
0.940426 -0.276861 -0.197349 106.881
0.317037 0.923763 0.214826 440.784
0.122827 -0.264595 0.956506 70.5939
0.940321 -0.277316 -0.197213 106.914
0.317248 0.924048 0.21328 440.714
0.123089 -0.263117 0.95688 70.811
0.940289 -0.277149 -0.197599 106.937
0.317434 0.923542 0.215186 440.615
0.122852 -0.265062 0.956373 70.5039
0.940338 -0.276258 -0.198611 106.919
0.31707 0.923241 0.21701 440.484
0.123415 -0.267036 0.955751 70.5612
0.940292 -0.277148 -0.197587 106.875
0.317632 0.923106 0.216761 440.565
0.122319 -0.266578 0.95602 70.3223
0.940462 -0.275275 -0.199385 107.119
0.316454 0.923205 0.21806 440.407
0.124047 -0.268173 0.955351 70.328
0.940701 -0.275041 -0.198578 107.184
0.31616 0.923017 0.219278 440.313
0.122981 -0.269058 0.95524 70.0953
0.940719 -0.273319 -0.200861 107.23
0.315307 0.922934 0.22085 440.248
0.125019 -0.27109 0.954401 69.9563
0.940647 -0.273115 -0.201471 107.272
0.315439 0.922594 0.222079 440.164
0.125223 -0.272449 0.953987 69.6097
0.940382 -0.273417 -0.202297 107.282
0.31583 0.922708 0.221044 440.233
0.126224 -0.271758 0.954052 69.6477
0.940608 -0.27395 -0.200518 107.32
0.316012 0.922359 0.222238 440.152
0.124068 -0.272405 0.95415 69.6993
0.940651 -0.272693 -0.202026 107.373
0.315408 0.922188 0.223803 440.109
0.125277 -0.274241 0.953466 69.3877
0.94041 -0.271447 -0.204807 107.356
0.315221 0.921798 0.225665 440.034
0.127535 -0.276777 0.952433 69.3005
0.940884 -0.270785 -0.203502 107.353
0.314452 0.921596 0.227554 439.973
0.125928 -0.278094 0.952264 69.4037
0.940794 -0.270622 -0.204133 107.362
0.314317 0.92193 0.226384 439.986
0.126931 -0.277143 0.952408 69.603
0.940714 -0.270843 -0.20421 107.382
0.314557 0.921846 0.226395 439.908
0.126932 -0.277208 0.952388 69.4829
0.940844 -0.270072 -0.204631 107.452
0.314184 0.921487 0.228363 439.873
0.12689 -0.279146 0.951828 69.3959
0.940915 -0.268717 -0.206083 107.469
0.313682 0.920902 0.231393 439.936
0.127603 -0.282366 0.950782 69.0999
0.941003 -0.269078 -0.205209 107.443
0.313689 0.921075 0.230695 439.903
0.126938 -0.281456 0.951141 69.2214
0.940871 -0.269648 -0.205063 107.449
0.314146 0.921029 0.230257 439.915
0.126781 -0.281062 0.951278 69.3185
0.940749 -0.269303 -0.206074 107.585
0.314132 0.920973 0.230497 439.794
0.127715 -0.281574 0.951002 69.3022
0.940677 -0.270018 -0.20547 107.613
0.314408 0.921346 0.228626 439.838
0.127575 -0.279664 0.951584 69.1947
0.940542 -0.270568 -0.205364 107.571
0.314794 0.921439 0.227717 439.765
0.127618 -0.278824 0.951825 69.1677
0.941003 -0.270279 -0.203624 107.638
0.31417 0.921357 0.228909 439.811
0.125741 -0.279376 0.951913 69.0713
0.940819 -0.269669 -0.205276 107.67
0.314186 0.921093 0.229944 439.761
0.12707 -0.280831 0.951308 69.1541
0.940605 -0.269598 -0.206347 107.798
0.314765 0.920262 0.232466 439.661
0.127221 -0.28361 0.950463 68.8393
0.940339 -0.269503 -0.207682 107.723
0.315124 0.920023 0.232926 439.743
0.128298 -0.284475 0.95006 69.0284
0.940534 -0.268191 -0.208491 107.86
0.314316 0.919854 0.23468 439.71
0.128842 -0.286256 0.949451 68.9125
0.940236 -0.267552 -0.21065 107.884
0.314574 0.919308 0.236464 439.629
0.130386 -0.288597 0.948531 69.1327
0.940173 -0.267407 -0.211111 107.849
0.314776 0.918853 0.237961 439.664
0.130348 -0.290178 0.948054 68.9732
0.940132 -0.266588 -0.212329 107.837
0.314806 0.917964 0.24133 439.546
0.130575 -0.293724 0.94693 68.8604
0.93962 -0.266455 -0.214745 107.982
0.315544 0.917457 0.242291 439.504
0.132459 -0.295423 0.946139 68.4993
0.939512 -0.26667 -0.214954 107.896
0.315858 0.917273 0.242577 439.616
0.132483 -0.295798 0.946019 68.6695
0.939961 -0.263547 -0.216832 107.93
0.31392 0.91693 0.246359 439.57
0.133892 -0.299636 0.944612 68.7256
0.940086 -0.262474 -0.217591 107.979
0.313189 0.917028 0.246927 439.539
0.134725 -0.30028 0.944289 68.6968
0.940176 -0.261012 -0.218955 107.942
0.312637 0.916369 0.250051 439.497
0.135377 -0.303546 0.943151 68.6106
0.939932 -0.260787 -0.220266 107.943
0.312721 0.916543 0.249307 439.542
0.136867 -0.303214 0.943042 68.6861
0.940311 -0.259176 -0.220549 108.084
0.311355 0.916792 0.250103 439.453
0.137377 -0.303844 0.942765 68.5601
0.940775 -0.258197 -0.219719 108.111
0.310474 0.916458 0.252409 439.319
0.136192 -0.305677 0.942345 68.4343
0.94116 -0.258073 -0.218209 108.15
0.309918 0.916565 0.252703 439.367
0.134787 -0.305461 0.942616 68.198
0.941216 -0.256728 -0.219554 108.163
0.309378 0.916084 0.255097 439.297
0.13564 -0.308026 0.941659 68.2206
0.941198 -0.256201 -0.220242 108.086
0.30893 0.916532 0.25403 439.351
0.136777 -0.307132 0.941787 68.4279
0.941557 -0.252108 -0.223412 108.073
0.306896 0.915433 0.260378 439.338
0.138875 -0.313725 0.939303 68.1401
0.941463 -0.251531 -0.224455 108.046
0.306858 0.915092 0.26162 439.474
0.139591 -0.315181 0.938709 68.1027
0.941368 -0.249635 -0.226957 107.95
0.305958 0.915156 0.262448 439.512
0.142185 -0.3165 0.937876 68.3983
0.941732 -0.246016 -0.229386 107.965
0.304339 0.913618 0.269593 439.558
0.143247 -0.323695 0.935255 68.1149
0.941753 -0.244905 -0.230485 107.987
0.304194 0.912578 0.273254 439.524
0.143414 -0.32745 0.933921 67.9435
0.941886 -0.241769 -0.233237 108.011
0.302868 0.911519 0.278216 439.656
0.145335 -0.332688 0.931771 68.0131
0.942358 -0.240249 -0.232897 107.809
0.301543 0.911442 0.279902 439.642
0.145026 -0.333997 0.93135 68.1978
0.942683 -0.238812 -0.23306 107.879
0.300541 0.911119 0.282022 439.789
0.144995 -0.335902 0.93067 68.2608
0.942562 -0.238762 -0.233601 107.822
0.300861 0.910658 0.283171 439.794
0.14512 -0.337187 0.930185 68.3104
0.942184 -0.237451 -0.236444 107.79
0.300756 0.910367 0.284213 439.78
0.147764 -0.338893 0.929149 68.2648
0.942156 -0.236632 -0.237374 107.872
0.300454 0.910153 0.285218 439.818
0.148555 -0.34004 0.928603 68.171
0.942517 -0.236472 -0.236099 107.831
0.29983 0.910395 0.285101 439.744
0.147525 -0.339502 0.928964 68.3799
0.941589 -0.236108 -0.240131 107.752
0.300726 0.910444 0.283999 439.873
0.151571 -0.339624 0.928268 68.4602
0.941513 -0.235365 -0.241156 107.859
0.300612 0.910021 0.285471 439.933
0.152267 -0.341269 0.927551 68.2241
0.94154 -0.234952 -0.241453 107.793
0.300209 0.910364 0.284802 439.933
0.152895 -0.340639 0.927679 68.5761
0.941598 -0.232364 -0.243723 107.694
0.299314 0.909146 0.289595 439.966
0.154288 -0.345632 0.925599 68.4583
0.941845 -0.230475 -0.24456 107.645
0.298514 0.908026 0.293903 439.982
0.15433 -0.349816 0.924019 68.3009
0.941412 -0.229265 -0.247349 107.76
0.299193 0.90621 0.298775 440.079
0.155652 -0.355275 0.921712 68.2953
0.940802 -0.228157 -0.250672 107.727
0.299876 0.904994 0.301762 440.104
0.158008 -0.359069 0.919839 68.1989
0.940475 -0.22728 -0.252688 107.701
0.299899 0.904777 0.302388 440.051
0.1599 -0.360169 0.919081 68.427
0.940415 -0.226239 -0.253842 107.744
0.300214 0.902974 0.307424 440.124
0.159662 -0.365313 0.91709 68.1233
0.940346 -0.225643 -0.254626 107.631
0.300021 0.902883 0.30788 440.04
0.160427 -0.365907 0.91672 68.5764
0.940575 -0.224567 -0.25473 107.609
0.30002 0.900927 0.313559 440.038
0.159078 -0.37135 0.914764 68.3717
0.940089 -0.222721 -0.258125 107.624
0.300766 0.898305 0.320293 440.231
0.160539 -0.378739 0.911473 68.5255
0.939984 -0.221076 -0.259913 107.639
0.300612 0.896929 0.324269 440.171
0.161436 -0.382941 0.909557 68.4429
0.939514 -0.21894 -0.263397 107.671
0.300253 0.896497 0.325793 440.193
0.164806 -0.385173 0.908009 68.2909
0.93947 -0.216977 -0.265174 107.565
0.299612 0.895692 0.328585 440.281
0.166219 -0.388145 0.906485 68.4139
0.939214 -0.216386 -0.266561 107.62
0.300169 0.894398 0.331588 440.205
0.166661 -0.391446 0.904983 68.47
0.93864 -0.214459 -0.270115 107.609
0.30088 0.892006 0.337338 440.257
0.168599 -0.397911 0.901799 68.579
0.938617 -0.212883 -0.271439 107.65
0.300492 0.891021 0.340274 440.364
0.169419 -0.400952 0.900297 68.2428
0.938161 -0.209068 -0.275942 107.384
0.300443 0.887697 0.348896 440.402
0.17201 -0.410226 0.895616 68.494
0.937644 -0.208123 -0.278405 107.427
0.300894 0.886984 0.350316 440.396
0.174032 -0.412242 0.894298 68.3785
0.937872 -0.208049 -0.27769 107.507
0.300688 0.886695 0.351225 440.357
0.173154 -0.412902 0.894164 68.3745
0.937239 -0.207013 -0.280587 107.535
0.301774 0.884705 0.355287 440.389
0.174688 -0.417663 0.891651 68.1071
0.936926 -0.205081 -0.283038 107.466
0.301806 0.883128 0.359163 440.425
0.176302 -0.421932 0.88932 68.2935
0.935872 -0.203201 -0.287841 107.413
0.30494 0.87638 0.372786 440.47
0.176508 -0.436654 0.882144 68.3132
0.935003 -0.200521 -0.292507 107.307
0.306776 0.87113 0.383433 440.572
0.177925 -0.448245 0.876024 68.4285
0.93492 -0.196643 -0.29539 107.274
0.306346 0.867383 0.392173 440.523
0.179098 -0.457142 0.871175 68.5628
0.934596 -0.194438 -0.297864 107.255
0.306691 0.864667 0.397859 440.527
0.180194 -0.46319 0.867747 68.605
0.93477 -0.191945 -0.298935 107.261
0.306072 0.862319 0.403394 440.684
0.180348 -0.468576 0.864818 68.4126
0.934045 -0.189802 -0.302548 107.126
0.30791 0.857169 0.412859 440.79
0.180973 -0.478786 0.859077 68.3376
0.933863 -0.189018 -0.303599 107.18
0.307611 0.857542 0.412307 440.73
0.182416 -0.478429 0.85897 68.5515
0.933852 -0.189044 -0.303616 107.113
0.308057 0.856443 0.414255 440.808
0.181718 -0.480384 0.858027 68.5977
0.932859 -0.186507 -0.308203 107.157
0.309934 0.851594 0.422762 440.715
0.183615 -0.4899 0.852223 68.7213
0.932291 -0.184457 -0.311143 107.168
0.310301 0.849882 0.425928 440.755
0.185869 -0.493636 0.849574 68.4589
0.931041 -0.182504 -0.315999 107.147
0.312516 0.845866 0.432254 440.812
0.188404 -0.501201 0.844572 68.7089
0.930131 -0.183296 -0.318211 107.211
0.316741 0.838916 0.4426 440.769
0.185826 -0.512467 0.838359 68.7762
0.928165 -0.184931 -0.322971 107.137
0.322643 0.832379 0.450606 440.879
0.185504 -0.522441 0.832252 68.8455
0.927276 -0.185177 -0.325376 107.111
0.324659 0.830532 0.452563 440.843
0.18643 -0.525286 0.830252 69.061
0.926528 -0.183379 -0.328509 107.125
0.325124 0.829639 0.453864 440.947
0.189314 -0.527324 0.828305 68.9483
0.92605 -0.178364 -0.332593 107.212
0.325515 0.823439 0.464745 440.942
0.190976 -0.538641 0.820606 68.9312
0.925889 -0.176039 -0.334274 107.109
0.325926 0.819647 0.471116 441.085
0.191052 -0.54515 0.816279 68.7833
0.925605 -0.17285 -0.336717 107.15
0.32579 0.816682 0.476331 441.066
0.192657 -0.550593 0.812238 69.0102
0.925656 -0.170708 -0.337669 107.092
0.325643 0.813853 0.481248 440.981
0.19266 -0.555429 0.808938 69.0805
0.925405 -0.169255 -0.339085 107.173
0.326088 0.811528 0.48486 441.119
0.193112 -0.559263 0.806184 68.9248
0.924903 -0.167119 -0.341505 107.242
0.326292 0.809957 0.487343 441.111
0.19516 -0.562176 0.803661 68.7926
0.924536 -0.168608 -0.341768 107.194
0.326862 0.811937 0.483652 441.031
0.195946 -0.558864 0.805776 68.9526
0.922839 -0.16822 -0.34651 107.285
0.3282 0.814293 0.478761 440.99
0.201624 -0.555544 0.806671 68.7966
0.921391 -0.164736 -0.351995 107.3
0.328377 0.814427 0.478411 441.006
0.207863 -0.556391 0.804501 68.6586
0.921278 -0.164392 -0.352452 107.315
0.327949 0.815511 0.476856 440.879
0.209037 -0.554903 0.805224 68.6249
0.921237 -0.164428 -0.352541 107.4
0.327548 0.816766 0.47498 440.763
0.209844 -0.553043 0.806294 68.599
0.920166 -0.163428 -0.355789 107.411
0.328515 0.816653 0.474505 440.605
0.213008 -0.553506 0.805145 68.0547
0.920527 -0.160327 -0.356267 107.696
0.326444 0.816631 0.47597 440.411
0.214628 -0.554445 0.804068 67.849
0.920374 -0.159174 -0.357178 107.815
0.326085 0.816544 0.476366 440.304
0.215827 -0.554905 0.80343 67.663
0.921121 -0.158531 -0.355532 107.733
0.32463 0.816854 0.476827 440.247
0.214827 -0.554632 0.803886 67.7259
0.921985 -0.156507 -0.354187 107.834
0.322281 0.8172 0.477829 440.177
0.214658 -0.554699 0.803885 67.5905
0.923012 -0.155561 -0.351922 107.911
0.320272 0.817518 0.478633 440.112
0.213246 -0.554495 0.804401 67.5183
0.923448 -0.154995 -0.351027 107.882
0.319105 0.81824 0.478178 440.09
0.213109 -0.553587 0.805062 67.553
0.924161 -0.15262 -0.35019 108
0.317031 0.817852 0.480219 439.942
0.213112 -0.554821 0.804212 67.345
0.925383 -0.149943 -0.348114 108.249
0.313569 0.818801 0.480873 439.826
0.212933 -0.55415 0.804722 67.1102
0.925979 -0.150111 -0.346453 108.258
0.312351 0.820061 0.479517 439.839
0.212132 -0.552237 0.806247 66.9491
0.926575 -0.150658 -0.344617 108.12
0.31142 0.821092 0.478358 439.728
0.210894 -0.550555 0.807721 67.2475
0.928549 -0.151007 -0.339106 108.41
0.308873 0.820999 0.480165 439.536
0.205898 -0.550597 0.80898 66.8271
0.929873 -0.14945 -0.336156 108.505
0.306298 0.820629 0.482441 439.378
0.203759 -0.551573 0.808857 66.6692
0.930217 -0.150159 -0.334887 108.662
0.305937 0.821289 0.481547 439.147
0.20273 -0.550397 0.809916 66.327
0.930389 -0.150096 -0.334437 108.716
0.305583 0.821488 0.481432 439.075
0.202475 -0.550117 0.81017 66.1781
0.930612 -0.15012 -0.333804 108.735
0.305057 0.822077 0.48076 438.984
0.20224 -0.54923 0.81083 66.26
0.930313 -0.149063 -0.33511 108.791
0.304823 0.822355 0.480432 438.811
0.203965 -0.549101 0.810485 66.0748
0.931362 -0.148432 -0.332465 108.859
0.302885 0.822599 0.48124 438.705
0.202054 -0.548907 0.811095 65.993
0.932127 -0.147494 -0.330735 108.945
0.30107 0.823156 0.481427 438.684
0.201239 -0.548325 0.811691 65.9634
0.932702 -0.147691 -0.329021 109.032
0.300259 0.823364 0.481576 438.509
0.199779 -0.547958 0.812299 65.7812
0.932642 -0.148752 -0.328713 109.031
0.300556 0.824342 0.479715 438.506
0.199613 -0.546199 0.813524 65.7315
0.933057 -0.14838 -0.3277 109.194
0.299951 0.823788 0.481043 438.445
0.198578 -0.547135 0.813148 65.3744
0.933281 -0.146094 -0.32809 109.281
0.298827 0.822617 0.483739 438.306
0.199221 -0.549507 0.81139 65.2909
0.933112 -0.146577 -0.328356 109.316
0.298772 0.824159 0.481141 438.276
0.200093 -0.547062 0.812826 65.582
0.933435 -0.146426 -0.327502 109.375
0.298239 0.824097 0.481578 438.268
0.199378 -0.547196 0.812911 65.1732
0.93325 -0.146057 -0.328195 109.587
0.298191 0.824431 0.481036 438.082
0.200315 -0.546791 0.812953 65.0287
0.933038 -0.146174 -0.328746 109.659
0.298325 0.825085 0.479831 438.066
0.201105 -0.545773 0.813442 64.9875
0.932873 -0.145395 -0.329559 109.651
0.29824 0.82483 0.48032 438.04
0.201994 -0.546365 0.812824 64.9236
0.933143 -0.145609 -0.328698 109.644
0.29804 0.824617 0.480812 437.988
0.20104 -0.546631 0.812882 64.8587
0.932866 -0.145165 -0.329678 109.722
0.298326 0.824287 0.481198 437.879
0.201897 -0.547245 0.812256 64.7648
0.932416 -0.142774 -0.331988 109.788
0.298009 0.823431 0.482859 437.737
0.204429 -0.54916 0.810328 64.5619
0.932272 -0.14241 -0.332549 109.905
0.297959 0.823597 0.482605 437.628
0.205159 -0.549005 0.810249 64.5351
0.932266 -0.142842 -0.33238 109.988
0.298128 0.823794 0.482165 437.564
0.204939 -0.548598 0.81058 64.258
0.931845 -0.139815 -0.334839 110.065
0.29718 0.823555 0.483158 437.585
0.208206 -0.549735 0.808976 64.4823
0.931775 -0.13588 -0.336649 110.078
0.295716 0.821992 0.486705 437.441
0.210589 -0.553052 0.806093 64.3051
0.931754 -0.135012 -0.337054 110.104
0.295158 0.822278 0.48656 437.369
0.211461 -0.552839 0.806011 64.2166
0.931541 -0.134148 -0.337987 110.131
0.294583 0.823326 0.485134 437.459
0.213194 -0.551488 0.80648 63.9211
0.931925 -0.134477 -0.336798 110.269
0.293681 0.824709 0.483329 437.353
0.212763 -0.549337 0.80806 63.9032
0.932009 -0.133603 -0.336912 110.438
0.292955 0.825014 0.483249 437.3
0.213394 -0.549093 0.80806 63.6188
0.932336 -0.132611 -0.336398 110.466
0.291793 0.82537 0.483344 437.067
0.213556 -0.548798 0.808217 63.9123
0.932283 -0.131638 -0.336926 110.511
0.291048 0.826075 0.482587 437.092
0.2148 -0.54797 0.808449 63.8267
0.932644 -0.131254 -0.336077 110.415
0.290471 0.825675 0.483618 437.05
0.214013 -0.548664 0.808187 63.9485
0.932828 -0.130809 -0.335739 110.481
0.290157 0.825159 0.484688 436.977
0.213637 -0.549547 0.807686 63.8218
0.932942 -0.13057 -0.335516 110.485
0.290095 0.824548 0.485762 436.905
0.213223 -0.550519 0.807133 63.6207
0.93265 -0.132151 -0.335708 110.541
0.290991 0.825608 0.48342 436.996
0.213278 -0.54855 0.808458 63.4427
0.932691 -0.132717 -0.335371 110.65
0.291074 0.826059 0.4826 436.929
0.212987 -0.547734 0.809089 63.5861
0.932471 -0.132117 -0.33622 110.613
0.291013 0.826165 0.482455 436.828
0.214033 -0.547719 0.808822 63.7156
0.932529 -0.132705 -0.335826 110.669
0.29152 0.825492 0.4833 436.767
0.213085 -0.548591 0.808482 63.532
0.93301 -0.131971 -0.334778 110.62
0.290837 0.824403 0.485566 436.613
0.211911 -0.550404 0.807558 63.4133
0.932937 -0.131575 -0.335137 110.727
0.291023 0.823622 0.486778 436.544
0.211978 -0.551666 0.806678 63.273
0.93305 -0.132041 -0.334639 110.838
0.291157 0.823519 0.486871 436.497
0.211295 -0.551708 0.806829 63.1496
0.932846 -0.130494 -0.335811 110.97
0.290788 0.823004 0.487961 436.375
0.212697 -0.552843 0.805683 62.9286
0.933065 -0.131427 -0.334837 110.868
0.290704 0.82375 0.486752 436.386
0.21185 -0.551509 0.806819 63.0396
0.932821 -0.131852 -0.335352 110.979
0.291549 0.823093 0.487358 436.28
0.211767 -0.552389 0.806239 62.6325
0.932775 -0.130808 -0.335886 111.054
0.291248 0.82253 0.488486 436.216
0.212378 -0.553473 0.805334 62.5648
0.933416 -0.130804 -0.334104 111.075
0.290133 0.822998 0.488362 436.173
0.211087 -0.55278 0.806149 62.634
0.933233 -0.131673 -0.334272 111.096
0.290474 0.82407 0.486348 436.121
0.211425 -0.550973 0.807297 62.6777
0.93352 -0.132871 -0.332995 111.201
0.290334 0.825091 0.484698 436.038
0.210349 -0.549155 0.808815 62.6837
0.933704 -0.132017 -0.332819 111.146
0.289882 0.824326 0.486267 436.02
0.210155 -0.550508 0.807946 62.4964
0.934011 -0.133022 -0.331555 111.208
0.289492 0.82564 0.484266 435.905
0.209327 -0.548292 0.809665 62.5129
0.933584 -0.13364 -0.332509 111.195
0.290466 0.825623 0.483711 435.933
0.209884 -0.548167 0.809606 62.2433
0.933816 -0.132213 -0.332427 111.276
0.289528 0.825111 0.485145 435.749
0.210146 -0.549283 0.808781 62.2119
0.933803 -0.134513 -0.331539 111.321
0.29064 0.825602 0.483642 435.613
0.208663 -0.547985 0.810045 62.0009
0.933807 -0.135073 -0.331299 111.274
0.290423 0.826969 0.481432 435.633
0.208946 -0.545781 0.811458 62.2466
0.934726 -0.132853 -0.329602 111.373
0.288846 0.824324 0.486885 435.43
0.207015 -0.550309 0.808891 61.8442
0.934803 -0.132804 -0.329403 111.483
0.288419 0.825085 0.485849 435.388
0.207262 -0.549179 0.809595 61.8143
0.934911 -0.132575 -0.32919 111.464
0.288333 0.82455 0.486807 435.306
0.206895 -0.550037 0.809107 61.4869
0.934984 -0.131542 -0.329396 111.539
0.287841 0.824042 0.487957 435.17
0.207249 -0.551045 0.80833 61.5057
0.935282 -0.130749 -0.328866 111.55
0.286806 0.824444 0.487887 435.204
0.207341 -0.550633 0.808587 61.4778
0.935052 -0.129952 -0.329835 111.681
0.286776 0.824248 0.488237 434.991
0.208418 -0.551115 0.807981 61.4271
0.934938 -0.130315 -0.330013 111.683
0.287317 0.823798 0.488678 434.927
0.208182 -0.551702 0.807642 61.2008
0.934808 -0.132203 -0.32963 111.73
0.288032 0.8252 0.485883 434.899
0.207776 -0.549151 0.809483 61.049
0.93487 -0.130863 -0.329988 111.648
0.287097 0.825451 0.48601 434.866
0.208789 -0.549095 0.80926 61.5056
0.934745 -0.132045 -0.329872 111.77
0.287764 0.825923 0.484813 434.907
0.208432 -0.548102 0.810025 61.2978
0.934543 -0.132433 -0.33029 111.746
0.288253 0.825986 0.484414 434.874
0.208663 -0.547912 0.810094 61.2613
0.934504 -0.131853 -0.33063 111.777
0.28818 0.825474 0.485329 434.755
0.208935 -0.548824 0.809407 61.0808
0.934763 -0.131623 -0.329989 111.711
0.287519 0.825873 0.485043 434.699
0.208686 -0.548279 0.80984 61.1469
0.934628 -0.132355 -0.33008 111.773
0.288111 0.825918 0.484615 434.789
0.208478 -0.548035 0.810059 61.1767
0.934488 -0.131962 -0.330633 111.732
0.288 0.82617 0.484252 434.725
0.209256 -0.54775 0.810051 61.1362
0.934846 -0.1307 -0.330122 111.758
0.287038 0.825463 0.486025 434.51
0.20898 -0.549116 0.809197 61.1349
0.934653 -0.131434 -0.330376 111.916
0.287951 0.824887 0.486463 434.478
0.208585 -0.549807 0.808829 60.811
0.933719 -0.128168 -0.334279 112.105
0.287859 0.823919 0.488155 434.325
0.212853 -0.552025 0.806203 60.6028
0.933849 -0.127555 -0.33415 112.048
0.287318 0.823935 0.488445 434.335
0.213014 -0.552141 0.80608 60.5285
0.933824 -0.126617 -0.334577 112.097
0.28696 0.823586 0.489244 434.214
0.213606 -0.552878 0.805418 60.4946
0.933546 -0.124714 -0.336062 112.269
0.286695 0.822534 0.491166 434.176
0.215167 -0.554873 0.803629 60.3698
0.934192 -0.122258 -0.335168 112.459
0.284794 0.821395 0.494169 433.947
0.214889 -0.557103 0.802159 60.051
0.93438 -0.121856 -0.334792 112.491
0.284359 0.821213 0.494722 433.886
0.214651 -0.557459 0.801976 59.9256
0.934651 -0.119989 -0.334709 112.516
0.2832 0.820415 0.496706 433.798
0.215001 -0.559036 0.800783 59.829
0.934937 -0.118451 -0.334459 112.461
0.282126 0.819817 0.498302 433.669
0.215171 -0.560241 0.799895 59.8183
0.934757 -0.117119 -0.335428 112.588
0.281576 0.819954 0.498388 433.697
0.216665 -0.56032 0.799436 59.699
0.934711 -0.117497 -0.335423 112.575
0.281696 0.820382 0.497615 433.697
0.216707 -0.559614 0.799919 59.6125
0.934725 -0.115975 -0.335915 112.578
0.280697 0.820644 0.497747 433.652
0.21794 -0.559547 0.799631 59.7213
0.934737 -0.115324 -0.336106 112.504
0.280003 0.821413 0.496869 433.711
0.218781 -0.558552 0.800096 59.7057
0.935006 -0.115841 -0.335178 112.536
0.279837 0.821583 0.496681 433.69
0.217841 -0.558195 0.800602 59.6515
