0.941222 -0.284387 -0.182277 105.255
0.318084 0.927806 0.194934 442.145
0.113681 -0.241455 0.96373 72.9502
0.941222 -0.284387 -0.182277 105.255
0.318084 0.927806 0.194934 442.145
0.113681 -0.241455 0.96373 72.9502
0.941378 -0.284626 -0.181093 105.154
0.317958 0.927974 0.194338 442.137
0.112736 -0.240525 0.964074 73.2024
0.941369 -0.284972 -0.180595 105.172
0.318187 0.927877 0.194425 442.096
0.112164 -0.240489 0.964149 72.8342
0.941366 -0.285158 -0.180317 105.185
0.318159 0.928144 0.193194 442.105
0.11227 -0.239236 0.964449 73.0797
0.941433 -0.284602 -0.180847 105.254
0.318101 0.927513 0.196293 442.05
0.111873 -0.242325 0.963724 72.7782
0.941017 -0.283552 -0.18462 105.192
0.318136 0.927267 0.197395 441.944
0.11522 -0.244487 0.962783 72.8582
0.940183 -0.282363 -0.190595 105.2
0.318842 0.926382 0.200392 441.807
0.119981 -0.249174 0.960998 72.388
0.939459 -0.282142 -0.194452 105.267
0.319869 0.925593 0.202388 441.634
0.122881 -0.252335 0.959806 72.1537
0.93931 -0.281685 -0.195834 105.315
0.31993 0.925311 0.203576 441.551
0.123863 -0.253874 0.959274 72.126
0.939637 -0.281881 -0.193974 105.524
0.319764 0.925152 0.204559 441.472
0.121794 -0.254237 0.959442 71.9705
0.939635 -0.282345 -0.193307 105.641
0.320061 0.925024 0.204674 441.419
0.121024 -0.254189 0.959553 71.9341
0.93942 -0.282359 -0.194327 105.806
0.320326 0.924959 0.204555 441.425
0.121986 -0.254411 0.959372 71.5371
0.939361 -0.281512 -0.195834 105.876
0.319993 0.92489 0.205386 441.32
0.123306 -0.255597 0.958888 71.714
0.939329 -0.281167 -0.196486 105.785
0.320119 0.924336 0.207669 441.305
0.12323 -0.257968 0.958262 71.5327
0.939197 -0.280953 -0.197419 105.978
0.319917 0.924817 0.205832 441.281
0.124747 -0.256474 0.958467 71.6937
0.938884 -0.281791 -0.197716 106.061
0.320779 0.924589 0.205514 441.2
0.124894 -0.256376 0.958474 71.5291
0.939164 -0.28159 -0.196666 106.079
0.320473 0.924403 0.206822 441.097
0.12356 -0.257266 0.958409 71.5971
0.939394 -0.280253 -0.197475 106.312
0.319705 0.92409 0.209396 441.07
0.123801 -0.259839 0.957683 71.361
0.939642 -0.279842 -0.19688 106.281
0.319017 0.924548 0.208421 441.071
0.1237 -0.258649 0.958018 71.3644
0.939632 -0.279467 -0.197457 106.376
0.318917 0.92438 0.209318 441.051
0.124028 -0.259654 0.957704 71.1395
0.939796 -0.278784 -0.197645 106.513
0.318507 0.924149 0.210954 440.912
0.123843 -0.261205 0.957306 71.1039
0.940395 -0.277633 -0.196408 106.501
0.317382 0.923931 0.21359 440.784
0.122167 -0.263196 0.956976 70.9666
0.940426 -0.276861 -0.197349 106.881
0.317037 0.923763 0.214826 440.784
0.122827 -0.264595 0.956506 70.5939
0.940326 -0.277305 -0.197204 106.914
0.317241 0.924039 0.213329 440.712
0.123067 -0.26316 0.956871 70.805
0.940281 -0.277156 -0.197627 106.938
0.317451 0.923532 0.215204 440.614
0.12287 -0.265089 0.956363 70.4986
0.940338 -0.276258 -0.198611 106.919
0.31707 0.923241 0.21701 440.484
0.123415 -0.267036 0.955751 70.5612
0.940292 -0.277148 -0.197587 106.875
0.317632 0.923106 0.216761 440.565
0.122319 -0.266578 0.95602 70.3223
0.940464 -0.275281 -0.199368 107.12
0.316458 0.923199 0.21808 440.406
0.124023 -0.268188 0.95535 70.3228
0.940708 -0.27502 -0.198576 107.185
0.316139 0.923021 0.219291 440.312
0.12298 -0.269067 0.955238 70.0952
0.940714 -0.273292 -0.200919 107.23
0.315301 0.922929 0.220879 440.248
0.125069 -0.271134 0.954382 69.953
0.940643 -0.273117 -0.201488 107.272
0.315443 0.922597 0.222061 440.165
0.125244 -0.272439 0.953987 69.61
0.940387 -0.27343 -0.202259 107.283
0.315835 0.922701 0.221067 440.231
0.126178 -0.271769 0.954055 69.6489
0.94061 -0.273917 -0.200553 107.322
0.315992 0.922362 0.222255 440.148
0.124103 -0.272429 0.954139 69.6968
0.940651 -0.272693 -0.202026 107.373
0.315408 0.922188 0.223803 440.109
0.125277 -0.274241 0.953466 69.3877
0.94041 -0.271447 -0.204807 107.356
0.315221 0.921798 0.225665 440.034
0.127535 -0.276777 0.952433 69.3005
0.940883 -0.270784 -0.203507 107.35
0.314446 0.921609 0.227509 439.976
0.125948 -0.278051 0.952273 69.4136
0.940792 -0.270617 -0.204151 107.365
0.314319 0.921925 0.226402 439.982
0.126943 -0.277165 0.952399 69.597
0.940713 -0.270851 -0.204202 107.381
0.314561 0.921846 0.226386 439.908
0.126926 -0.277198 0.952392 69.4832
0.940844 -0.270072 -0.204631 107.452
0.314184 0.921487 0.228363 439.873
0.12689 -0.279146 0.951828 69.3959
0.940918 -0.268715 -0.206072 107.468
0.313674 0.92091 0.231372 439.935
0.1276 -0.282342 0.95079 69.1032
0.941003 -0.269078 -0.205209 107.443
0.313689 0.921075 0.230695 439.903
0.126938 -0.281456 0.951141 69.2214
0.94087 -0.269643 -0.205076 107.448
0.314142 0.921035 0.230236 439.916
0.126801 -0.281045 0.951281 69.3222
0.940759 -0.269303 -0.206028 107.583
0.314118 0.920981 0.230485 439.795
0.127677 -0.281548 0.951015 69.3041
0.940658 -0.270045 -0.205518 107.617
0.31444 0.921348 0.228572 439.838
0.127629 -0.279632 0.951587 69.1875
0.940542 -0.270568 -0.205364 107.571
0.314794 0.921439 0.227717 439.765
0.127618 -0.278824 0.951825 69.1677
0.941003 -0.270279 -0.203624 107.638
0.31417 0.921357 0.228909 439.811
0.125741 -0.279376 0.951913 69.0713
0.940815 -0.269685 -0.205271 107.671
0.314201 0.921088 0.229945 439.762
0.12706 -0.280833 0.951309 69.1502
0.940602 -0.269583 -0.206381 107.8
0.31477 0.920243 0.232535 439.657
0.127233 -0.283685 0.950439 68.8337
0.940339 -0.269503 -0.207682 107.723
0.315124 0.920023 0.232926 439.743
0.128298 -0.284475 0.95006 69.0284
0.940534 -0.268191 -0.208491 107.86
0.314316 0.919854 0.23468 439.71
0.128842 -0.286256 0.949451 68.9125
0.94023 -0.267552 -0.210674 107.885
0.314585 0.919297 0.236495 439.629
0.130397 -0.288634 0.948518 69.1285
0.940173 -0.267407 -0.211111 107.849
0.314776 0.918853 0.237961 439.664
0.130348 -0.290178 0.948054 68.9732
0.94013 -0.266575 -0.212354 107.838
0.314808 0.917948 0.241385 439.544
0.130583 -0.293784 0.94691 68.8585
0.93962 -0.266455 -0.214745 107.982
0.315544 0.917457 0.242291 439.504
0.132459 -0.295423 0.946139 68.4993
0.939512 -0.26667 -0.214954 107.896
0.315858 0.917273 0.242577 439.616
0.132483 -0.295798 0.946019 68.6695
0.939957 -0.26351 -0.216897 107.934
0.313911 0.916921 0.246405 439.571
0.133947 -0.299696 0.944585 68.7225
0.940086 -0.262474 -0.217591 107.979
0.313189 0.917028 0.246927 439.539
0.134725 -0.30028 0.944289 68.6968
0.940169 -0.261017 -0.218979 107.941
0.312647 0.916369 0.25004 439.498
0.135401 -0.303543 0.943148 68.6114
0.939932 -0.260787 -0.220266 107.943
0.312721 0.916543 0.249307 439.542
0.136867 -0.303214 0.943042 68.6861
0.940316 -0.259155 -0.220554 108.086
0.311341 0.916787 0.250136 439.451
0.137377 -0.303875 0.942755 68.5542
0.940783 -0.258188 -0.219698 108.111
0.310462 0.916453 0.25244 439.317
0.136166 -0.3057 0.942341 68.4349
0.94116 -0.258073 -0.218209 108.15
0.309918 0.916565 0.252703 439.367
0.134787 -0.305461 0.942616 68.198
0.941216 -0.256728 -0.219554 108.163
0.309378 0.916084 0.255097 439.297
0.13564 -0.308026 0.941659 68.2206
0.941198 -0.256149 -0.220303 108.085
0.30891 0.916516 0.25411 439.351
0.136821 -0.307222 0.941751 68.4255
0.941557 -0.252108 -0.223412 108.073
0.306896 0.915433 0.260378 439.338
0.138875 -0.313725 0.939303 68.1401
0.941463 -0.251531 -0.224455 108.046
0.306858 0.915092 0.26162 439.474
0.139591 -0.315181 0.938709 68.1027
0.941375 -0.249571 -0.226997 107.951
0.305928 0.915129 0.262576 439.513
0.1422 -0.316627 0.937831 68.3938
0.941732 -0.246016 -0.229386 107.965
0.304339 0.913618 0.269593 439.558
0.143247 -0.323695 0.935255 68.1149
0.941753 -0.244905 -0.230485 107.987
0.304194 0.912578 0.273254 439.524
0.143414 -0.32745 0.933921 67.9435
0.941886 -0.241769 -0.233237 108.011
0.302868 0.911519 0.278216 439.656
0.145335 -0.332688 0.931771 68.0131
0.942364 -0.240213 -0.232912 107.812
0.301518 0.91144 0.279935 439.643
0.145041 -0.334027 0.931337 68.1987
0.942685 -0.238817 -0.233047 107.878
0.300544 0.911113 0.282039 439.791
0.144977 -0.335915 0.930668 68.2614
0.942547 -0.238747 -0.233679 107.819
0.300882 0.910631 0.283232 439.789
0.145175 -0.337269 0.930147 68.3134
0.942183 -0.23742 -0.236482 107.791
0.300738 0.910376 0.284204 439.783
0.147812 -0.338892 0.929142 68.2612
0.942156 -0.236632 -0.237374 107.872
0.300454 0.910153 0.285218 439.818
0.148555 -0.34004 0.928603 68.171
0.942517 -0.236472 -0.236099 107.831
0.29983 0.910395 0.285101 439.744
0.147525 -0.339502 0.928964 68.3799
0.94158 -0.236093 -0.24018 107.751
0.300725 0.910453 0.283973 439.874
0.151628 -0.339612 0.928263 68.4682
0.941513 -0.235365 -0.241156 107.859
0.300612 0.910021 0.285471 439.933
0.152267 -0.341269 0.927551 68.2241
0.941537 -0.234911 -0.241504 107.791
0.300195 0.910353 0.284852 439.935
0.152939 -0.340697 0.92765 68.5765
0.941606 -0.232345 -0.243708 107.694
0.299306 0.909119 0.289687 439.964
0.154252 -0.345714 0.925574 68.4525
0.941844 -0.230439 -0.244597 107.644
0.298499 0.908019 0.293939 439.985
0.154364 -0.349857 0.923998 68.3018
0.941404 -0.229257 -0.247385 107.762
0.299212 0.906178 0.298852 440.08
0.155661 -0.355361 0.921677 68.2947
0.940791 -0.22815 -0.25072 107.729
0.299889 0.904988 0.301768 440.102
0.15805 -0.359089 0.919824 68.1966
0.940474 -0.22725 -0.252716 107.698
0.299884 0.904776 0.302408 440.052
0.159929 -0.360192 0.919067 68.4396
0.940415 -0.226239 -0.253842 107.744
0.300214 0.902974 0.307424 440.124
0.159662 -0.365313 0.91709 68.1233
0.940347 -0.225637 -0.254629 107.631
0.300033 0.902848 0.307972 440.04
0.160401 -0.365997 0.916688 68.5672
0.940583 -0.224537 -0.25473 107.608
0.300002 0.90091 0.313623 440.038
0.159069 -0.371408 0.914742 68.3782
0.940075 -0.222692 -0.258202 107.624
0.300791 0.898252 0.320418 440.235
0.160576 -0.378882 0.911408 68.5263
0.939984 -0.221076 -0.259913 107.639
0.300612 0.896929 0.324269 440.171
0.161436 -0.382941 0.909557 68.4429
0.939516 -0.218915 -0.263412 107.669
0.300242 0.896488 0.325828 440.195
0.164817 -0.385208 0.907992 68.295
0.939465 -0.216948 -0.265214 107.566
0.299609 0.895678 0.328627 440.28
0.166251 -0.388194 0.906458 68.411
0.939212 -0.216394 -0.266562 107.62
0.300185 0.89438 0.331624 440.204
0.166646 -0.391483 0.90497 68.4734
0.938631 -0.214424 -0.270174 107.608
0.300888 0.891971 0.337423 440.258
0.168636 -0.398008 0.901749 68.5798
0.938617 -0.212883 -0.271439 107.65
0.300492 0.891021 0.340274 440.364
0.169419 -0.400952 0.900297 68.2428
0.938161 -0.209068 -0.275942 107.384
0.300443 0.887697 0.348896 440.402
0.17201 -0.410226 0.895616 68.494
0.937644 -0.208123 -0.278405 107.427
0.300894 0.886984 0.350316 440.396
0.174032 -0.412242 0.894298 68.3785
0.937872 -0.208049 -0.27769 107.507
0.300688 0.886695 0.351225 440.357
0.173154 -0.412902 0.894164 68.3745
0.937236 -0.206984 -0.280619 107.534
0.301766 0.884697 0.355315 440.39
0.174718 -0.417695 0.89163 68.112
0.936917 -0.205053 -0.28309 107.465
0.301832 0.883058 0.359314 440.426
0.176307 -0.422093 0.889243 68.29
0.93585 -0.203174 -0.287933 107.412
0.305009 0.876247 0.373043 440.471
0.176508 -0.436934 0.882005 68.3182
0.934998 -0.20048 -0.292551 107.306
0.306774 0.871099 0.383506 440.574
0.177955 -0.448324 0.875978 68.428
0.934913 -0.196593 -0.295448 107.273
0.306354 0.86732 0.392305 440.523
0.179124 -0.457283 0.871095 68.5642
0.934596 -0.194438 -0.297864 107.255
0.306691 0.864667 0.397859 440.527
0.180194 -0.46319 0.867747 68.605
0.934779 -0.191882 -0.298947 107.26
0.306048 0.862263 0.40353 440.684
0.180341 -0.468704 0.864751 68.4161
0.934023 -0.189775 -0.302633 107.123
0.307966 0.857063 0.413037 440.793
0.180991 -0.478987 0.858961 68.3342
0.933863 -0.189018 -0.303599 107.18
0.307611 0.857542 0.412307 440.73
0.182416 -0.478429 0.85897 68.5515
0.933829 -0.189002 -0.303713 107.115
0.308096 0.856364 0.414388 440.806
0.181768 -0.480541 0.857928 68.6048
0.932863 -0.186487 -0.308204 107.156
0.309935 0.851553 0.422845 440.715
0.183597 -0.48998 0.852181 68.7133
0.932275 -0.184419 -0.311212 107.169
0.31031 0.849865 0.425955 440.756
0.185934 -0.49368 0.849535 68.4573
0.931039 -0.182511 -0.316001 107.147
0.312536 0.845831 0.432308 440.811
0.188382 -0.501258 0.844543 68.7092
0.930106 -0.18329 -0.318288 107.211
0.316806 0.838824 0.442728 440.77
0.18584 -0.51262 0.838263 68.7775
0.928139 -0.184976 -0.323019 107.136
0.322728 0.832302 0.450688 440.88
0.185484 -0.522548 0.832189 68.8461
0.927265 -0.185147 -0.325422 107.111
0.324658 0.830533 0.452562 440.84
0.186483 -0.525296 0.830234 69.0685
0.926528 -0.183379 -0.328509 107.125
0.325124 0.829639 0.453864 440.947
0.189314 -0.527324 0.828305 68.9483
0.92605 -0.178364 -0.332593 107.212
0.325515 0.823439 0.464745 440.942
0.190976 -0.538641 0.820606 68.9312
0.92589 -0.175979 -0.334305 107.11
0.325911 0.819606 0.471199 441.085
0.191077 -0.545232 0.816218 68.7887
0.925593 -0.172816 -0.336767 107.149
0.325808 0.816628 0.476411 441.065
0.192682 -0.550684 0.81217 69.0109
0.92567 -0.170653 -0.337657 107.09
0.325618 0.81379 0.481373 440.978
0.192634 -0.55554 0.808868 69.0827
0.925399 -0.169207 -0.339124 107.174
0.326091 0.811476 0.484945 441.12
0.193135 -0.559353 0.806116 68.9205
0.924895 -0.167115 -0.34153 107.243
0.326295 0.809978 0.487306 441.11
0.195195 -0.562146 0.803673 68.7942
0.924533 -0.16864 -0.341759 107.193
0.326872 0.811965 0.483598 441.03
0.195943 -0.558814 0.805812 68.955
0.922839 -0.16822 -0.34651 107.285
0.3282 0.814293 0.478761 440.99
0.201624 -0.555544 0.806671 68.7966
0.921391 -0.164736 -0.351995 107.3
0.328377 0.814427 0.478411 441.006
0.207863 -0.556391 0.804501 68.6586
0.921277 -0.164408 -0.352446 107.315
0.327951 0.815532 0.476818 440.876
0.209039 -0.554867 0.805249 68.6254
0.921237 -0.164428 -0.352541 107.4
0.327548 0.816766 0.47498 440.763
0.209844 -0.553043 0.806294 68.599
0.920169 -0.163367 -0.355808 107.417
0.328472 0.816671 0.474505 440.602
0.21306 -0.553498 0.805137 68.0562
0.920535 -0.160311 -0.356252 107.697
0.326436 0.816601 0.476028 440.409
0.214603 -0.554494 0.804041 67.8385
0.920369 -0.159164 -0.357193 107.816
0.326083 0.816551 0.476356 440.303
0.215848 -0.554898 0.803429 67.6635
0.921121 -0.158531 -0.355532 107.733
0.32463 0.816854 0.476827 440.247
0.214827 -0.554632 0.803886 67.7259
0.921985 -0.156507 -0.354187 107.834
0.322281 0.8172 0.477829 440.177
0.214658 -0.554699 0.803885 67.5905
0.923012 -0.155561 -0.351922 107.911
0.320272 0.817518 0.478633 440.112
0.213246 -0.554495 0.804401 67.5183
0.923455 -0.154992 -0.351011 107.882
0.319089 0.818252 0.478169 440.09
0.213103 -0.553571 0.805075 67.5532
0.924177 -0.152586 -0.350164 108.003
0.316984 0.817872 0.480214 439.941
0.213116 -0.554799 0.804226 67.3424
0.925383 -0.149943 -0.348114 108.249
0.313569 0.818801 0.480873 439.826
0.212933 -0.55415 0.804722 67.1102
0.925979 -0.150111 -0.346453 108.258
0.312351 0.820061 0.479517 439.839
0.212132 -0.552237 0.806247 66.9491
0.926608 -0.150671 -0.344521 108.124
0.311379 0.821096 0.478377 439.725
0.210807 -0.550545 0.80775 67.2411
0.928575 -0.150998 -0.339041 108.416
0.308836 0.820987 0.480208 439.534
0.205838 -0.550617 0.808982 66.8203
0.92989 -0.149418 -0.336124 108.504
0.306258 0.820627 0.48247 439.376
0.203742 -0.551585 0.808853 66.6695
0.930219 -0.150174 -0.334873 108.665
0.305938 0.821298 0.48153 439.144
0.202717 -0.550379 0.809932 66.322
0.930393 -0.150092 -0.334428 108.715
0.305572 0.821496 0.481425 439.074
0.202473 -0.550106 0.810178 66.1825
0.930613 -0.150131 -0.333797 108.736
0.305059 0.822083 0.480748 438.983
0.202234 -0.549218 0.81084 66.254
0.930313 -0.149063 -0.33511 108.791
0.304823 0.822355 0.480432 438.811
0.203965 -0.549101 0.810485 66.0748
0.931371 -0.148414 -0.332448 108.859
0.302859 0.822608 0.481241 438.706
0.202052 -0.548898 0.811102 65.9914
0.932127 -0.147494 -0.330735 108.945
0.30107 0.823156 0.481427 438.684
0.201239 -0.548325 0.811691 65.9634
0.932702 -0.147691 -0.329021 109.032
0.300259 0.823364 0.481576 438.509
0.199779 -0.547958 0.812299 65.7812
0.932642 -0.148752 -0.328713 109.031
0.300556 0.824342 0.479715 438.506
0.199613 -0.546199 0.813524 65.7315
0.933065 -0.148292 -0.32772 109.203
0.299924 0.823703 0.481205 438.441
0.198585 -0.547286 0.813045 65.3598
0.933285 -0.146064 -0.328092 109.279
0.298802 0.822625 0.48374 438.303
0.19924 -0.549502 0.811388 65.2965
0.933106 -0.146602 -0.32836 109.318
0.298784 0.824189 0.481083 438.277
0.200103 -0.547011 0.812858 65.5855
0.933432 -0.146414 -0.327518 109.379
0.298239 0.824097 0.481578 438.265
0.199397 -0.547199 0.812905 65.1701
0.933251 -0.146065 -0.328189 109.587
0.298191 0.824442 0.481018 438.082
0.200313 -0.546773 0.812966 65.0292
0.933033 -0.146171 -0.328762 109.66
0.298328 0.825092 0.479816 438.067
0.201124 -0.545763 0.813444 64.9863
0.93287 -0.14537 -0.329576 109.649
0.298235 0.824816 0.480348 438.039
0.202011 -0.546393 0.812801 64.9222
0.933143 -0.145609 -0.328698 109.644
0.29804 0.824617 0.480812 437.988
0.20104 -0.546631 0.812882 64.8587
0.932854 -0.145106 -0.329738 109.724
0.298318 0.824269 0.481234 437.876
0.201963 -0.547288 0.812211 64.7603
0.932416 -0.142774 -0.331988 109.788
0.298009 0.823431 0.482859 437.737
0.204429 -0.54916 0.810328 64.5619
0.932272 -0.14241 -0.332549 109.905
0.297959 0.823597 0.482605 437.628
0.205159 -0.549005 0.810249 64.5351
0.932266 -0.142842 -0.33238 109.988
0.298128 0.823794 0.482165 437.564
0.204939 -0.548598 0.81058 64.258
0.931834 -0.139715 -0.334909 110.065
0.297155 0.823514 0.483242 437.584
0.208287 -0.549822 0.808896 64.4825
0.931782 -0.135875 -0.336631 110.078
0.295703 0.82199 0.486716 437.439
0.210575 -0.553056 0.806094 64.3007
0.931754 -0.135012 -0.337054 110.104
0.295158 0.822278 0.48656 437.369
0.211461 -0.552839 0.806011 64.2166
0.931541 -0.134148 -0.337987 110.131
0.294583 0.823326 0.485134 437.459
0.213194 -0.551488 0.80648 63.9211
0.931939 -0.134489 -0.336754 110.274
0.293647 0.82476 0.483262 437.349
0.212748 -0.549258 0.808118 63.9026
0.932009 -0.133603 -0.336912 110.438
0.292955 0.825014 0.483249 437.3
0.213394 -0.549093 0.80806 63.6188
0.932336 -0.132611 -0.336398 110.466
0.291793 0.82537 0.483344 437.067
0.213556 -0.548798 0.808217 63.9123
0.932284 -0.131627 -0.336928 110.511
0.291044 0.826068 0.482603 437.095
0.214801 -0.547984 0.808439 63.8237
0.932653 -0.131253 -0.336051 110.412
0.290459 0.825671 0.483633 437.047
0.213989 -0.548671 0.808188 63.9546
0.932829 -0.1308 -0.335739 110.483
0.290154 0.82515 0.484705 436.977
0.213636 -0.549563 0.807676 63.8177
0.932932 -0.130598 -0.335531 110.487
0.290118 0.824567 0.485717 436.908
0.213234 -0.550484 0.807154 63.6157
0.93265 -0.132151 -0.335708 110.541
0.290991 0.825608 0.48342 436.996
0.213278 -0.54855 0.808458 63.4427
0.932689 -0.132727 -0.335373 110.652
0.29108 0.826067 0.482583 436.929
0.212989 -0.54772 0.809098 63.5881
0.932468 -0.132103 -0.336234 110.612
0.29101 0.826165 0.482458 436.826
0.21405 -0.547723 0.808815 63.7172
0.932529 -0.132705 -0.335826 110.669
0.29152 0.825492 0.4833 436.767
0.213085 -0.548591 0.808482 63.532
0.933029 -0.131953 -0.334731 110.62
0.290815 0.824362 0.485649 436.607
0.211857 -0.550469 0.807527 63.41
0.932937 -0.131575 -0.335137 110.727
0.291023 0.823622 0.486778 436.544
0.211978 -0.551666 0.806678 63.273
0.93305 -0.132041 -0.334639 110.838
0.291157 0.823519 0.486871 436.497
0.211295 -0.551708 0.806829 63.1496
0.932846 -0.130494 -0.335811 110.97
0.290788 0.823004 0.487961 436.375
0.212697 -0.552843 0.805683 62.9286
0.933065 -0.131427 -0.334837 110.868
0.290704 0.82375 0.486752 436.386
0.21185 -0.551509 0.806819 63.0396
0.932821 -0.131852 -0.335352 110.979
0.291549 0.823093 0.487358 436.28
0.211767 -0.552389 0.806239 62.6325
0.932789 -0.130799 -0.335851 111.053
0.291222 0.822533 0.488498 436.216
0.212353 -0.553473 0.805341 62.565
0.93342 -0.130813 -0.334089 111.076
0.290128 0.823009 0.488346 436.172
0.211076 -0.552761 0.806165 62.6358
0.933233 -0.131673 -0.334272 111.096
0.290474 0.82407 0.486348 436.121
0.211425 -0.550973 0.807297 62.6777
0.933531 -0.132837 -0.332978 111.203
0.290307 0.82507 0.484748 436.035
0.210338 -0.549193 0.808792 62.6818
0.933704 -0.132017 -0.332819 111.146
0.289882 0.824326 0.486267 436.02
0.210155 -0.550508 0.807946 62.4964
0.934011 -0.133022 -0.331555 111.208
0.289492 0.82564 0.484266 435.905
0.209327 -0.548292 0.809665 62.5129
0.933584 -0.13364 -0.332509 111.195
0.290466 0.825623 0.483711 435.933
0.209884 -0.548167 0.809606 62.2433
0.933816 -0.132213 -0.332427 111.276
0.289528 0.825111 0.485145 435.749
0.210146 -0.549283 0.808781 62.2119
0.933803 -0.134513 -0.331539 111.321
0.29064 0.825602 0.483642 435.613
0.208663 -0.547985 0.810045 62.0009
0.933807 -0.135073 -0.331299 111.274
0.290423 0.826969 0.481432 435.633
0.208946 -0.545781 0.811458 62.2466
0.934729 -0.132855 -0.329593 111.374
0.288837 0.824342 0.486861 435.43
0.207016 -0.550281 0.80891 61.8466
0.934801 -0.1328 -0.32941 111.483
0.288421 0.825081 0.485855 435.386
0.207269 -0.549186 0.809589 61.8098
0.934918 -0.13257 -0.329171 111.463
0.288328 0.824531 0.486842 435.304
0.206871 -0.550067 0.809093 61.4779
0.934984 -0.131505 -0.329411 111.543
0.287825 0.824031 0.487985 435.166
0.207272 -0.551071 0.808306 61.5099
0.935282 -0.130749 -0.328866 111.55
0.286806 0.824444 0.487887 435.204
0.207341 -0.550633 0.808587 61.4778
0.935047 -0.12995 -0.329848 111.678
0.286788 0.82423 0.48826 434.99
0.208421 -0.551142 0.807962 61.4203
0.934938 -0.130315 -0.330013 111.683
0.287317 0.823798 0.488678 434.927
0.208182 -0.551702 0.807642 61.2008
0.934808 -0.132203 -0.32963 111.73
0.288032 0.8252 0.485883 434.899
0.207776 -0.549151 0.809483 61.049
0.93487 -0.130863 -0.329988 111.648
0.287097 0.825451 0.48601 434.866
0.208789 -0.549095 0.80926 61.5056
0.934745 -0.132071 -0.329862 111.771
0.287771 0.825941 0.484778 434.909
0.208421 -0.548068 0.81005 61.2963
0.934543 -0.132433 -0.33029 111.746
0.288253 0.825986 0.484414 434.874
0.208663 -0.547912 0.810094 61.2613
0.934504 -0.131853 -0.33063 111.777
0.28818 0.825474 0.485329 434.755
0.208935 -0.548824 0.809407 61.0808
0.934763 -0.131623 -0.329989 111.711
0.287519 0.825873 0.485043 434.699
0.208686 -0.548279 0.80984 61.1469
0.934628 -0.132355 -0.33008 111.773
0.288111 0.825918 0.484615 434.789
0.208478 -0.548035 0.810059 61.1767
0.934496 -0.131954 -0.330613 111.737
0.287986 0.826161 0.484274 434.72
0.209238 -0.547764 0.810046 61.1327
0.934848 -0.130679 -0.330126 111.755
0.287027 0.825454 0.486047 434.51
0.208988 -0.549135 0.809182 61.1375
0.934653 -0.131434 -0.330376 111.916
0.287951 0.824887 0.486463 434.478
0.208585 -0.549807 0.808829 60.811
0.933722 -0.128157 -0.334275 112.104
0.287847 0.823923 0.488154 434.327
0.212856 -0.55202 0.806205 60.6006
0.933849 -0.127555 -0.33415 112.048
0.287318 0.823935 0.488445 434.335
0.213014 -0.552141 0.80608 60.5285
0.933822 -0.126596 -0.334588 112.099
0.286952 0.823582 0.489257 434.213
0.213622 -0.552889 0.805406 60.4932
0.933542 -0.124687 -0.336085 112.271
0.286694 0.822516 0.491196 434.176
0.21519 -0.554905 0.8036 60.368
0.934198 -0.122247 -0.335158 112.46
0.284781 0.82139 0.494185 433.945
0.214882 -0.557113 0.802154 60.0474
0.93438 -0.121856 -0.334792 112.491
0.284359 0.821213 0.494722 433.886
0.214651 -0.557459 0.801976 59.9256
0.934651 -0.119989 -0.334709 112.516
0.2832 0.820415 0.496706 433.798
0.215001 -0.559036 0.800783 59.829
0.934944 -0.118439 -0.334443 112.46
0.282112 0.819807 0.498327 433.669
0.215158 -0.560258 0.799886 59.8177
0.934735 -0.117058 -0.33551 112.599
0.281564 0.819977 0.498356 433.699
0.216774 -0.560299 0.799421 59.6927
0.934711 -0.117497 -0.335423 112.575
0.281696 0.820382 0.497615 433.697
0.216707 -0.559614 0.799919 59.6125
0.934725 -0.115975 -0.335915 112.578
0.280697 0.820644 0.497747 433.652
0.21794 -0.559547 0.799631 59.7213
0.93474 -0.115316 -0.336101 112.504
0.279993 0.821416 0.49687 433.71
0.218782 -0.55855 0.800098 59.7044
0.935006 -0.115841 -0.335178 112.536
0.279837 0.821583 0.496681 433.69
0.217841 -0.558195 0.800602 59.6515
