-0.352201 0.889219 0.291964 -47.0593
0.889818 0.221437 0.398985 -72.2397
0.290133 0.400318 -0.869234 26.932
-0.352201 0.889219 0.291964 -47.0593
0.889818 0.221437 0.398985 -72.2397
0.290133 0.400318 -0.869234 26.932
-0.352201 0.889219 0.291964 -47.0593
0.889818 0.221437 0.398985 -72.2397
0.290133 0.400318 -0.869234 26.932
-0.351985 0.88874 0.29368 -47.0423
0.889755 0.220287 0.399762 -72.2632
0.290591 0.402013 -0.868298 26.9434
-0.350741 0.888097 0.297095 -46.9849
0.890279 0.217805 0.399956 -72.2328
0.290491 0.404778 -0.867047 27.0276
-0.349743 0.888245 0.297825 -47.0889
0.890595 0.216577 0.39992 -72.3029
0.290725 0.405111 -0.866813 27.0078
-0.351221 0.890497 0.289238 -47.0034
0.888977 0.2202 0.401537 -72.185
0.293878 0.398154 -0.86897 26.6928
-0.354692 0.891697 0.281192 -46.8373
0.886654 0.225347 0.40381 -72.0339
0.296711 0.392549 -0.870556 26.5291
-0.35726 0.892559 0.275143 -46.8037
0.884377 0.228518 0.40701 -71.9802
0.300405 0.388738 -0.870999 26.2392
-0.360073 0.893678 0.267745 -46.6362
0.882094 0.232693 0.40959 -71.8278
0.303739 0.383659 -0.872094 26.2012
-0.360905 0.895077 0.261885 -46.6272
0.881231 0.23539 0.409906 -71.7268
0.305253 0.378719 -0.873724 25.9671
-0.362889 0.895762 0.256754 -46.4727
0.880368 0.239274 0.409512 -71.5941
0.305391 0.374645 -0.87543 26.0415
-0.364851 0.896323 0.25197 -46.4657
0.879391 0.242838 0.409514 -71.6502
0.305869 0.370991 -0.876818 26.3173
-0.369305 0.900016 0.231487 -46.228
0.875507 0.253432 0.411412 -71.4684
0.311611 0.354605 -0.881563 25.7249
-0.370574 0.901395 0.223968 -46.2186
0.874754 0.257652 0.410392 -71.4426
0.312219 0.347998 -0.883978 25.5963
-0.371606 0.902489 0.217767 -46.2148
0.873978 0.260944 0.409964 -71.4147
0.313163 0.342669 -0.885724 25.5586
-0.372768 0.903906 0.209758 -46.212
0.873573 0.265623 0.407817 -71.2432
0.312911 0.33526 -0.888643 25.4737
-0.372095 0.905502 0.203988 -46.2207
0.87382 0.267619 0.405979 -71.2281
0.313024 0.329311 -0.890825 25.3344
-0.373446 0.907576 0.191949 -46.2691
0.874355 0.275245 0.39968 -71.151
0.309907 0.31709 -0.896332 25.3313
-0.37515 0.909349 0.179853 -46.2009
0.873078 0.281439 0.398155 -71.2015
0.311445 0.306393 -0.899514 25.2868
-0.377186 0.911475 0.164145 -46.2166
0.870373 0.288291 0.399172 -71.1814
0.316514 0.293429 -0.902063 24.9864
-0.378541 0.912423 0.155533 -46.2053
0.868455 0.292004 0.40065 -71.0333
0.320146 0.286735 -0.902934 24.8057
-0.379809 0.91508 0.135553 -46.2214
0.86385 0.298427 0.405839 -70.6699
0.330922 0.271239 -0.903836 24.3477
-0.378526 0.916675 0.128161 -46.2739
0.862966 0.299449 0.406965 -70.6993
0.334677 0.264646 -0.904408 24.2929
-0.379306 0.917774 0.117551 -46.2854
0.861396 0.303875 0.40701 -70.4997
0.337822 0.255639 -0.905828 23.848
-0.377317 0.921032 0.0966002 -46.3794
0.859088 0.309158 0.407908 -70.5212
0.345832 0.236899 -0.907898 23.4597
-0.375683 0.922372 0.0899574 -46.3869
0.859315 0.310352 0.40652 -70.444
0.347045 0.230024 -0.909202 23.301
-0.375104 0.923152 0.0841829 -46.393
0.858879 0.311944 0.406224 -70.5156
0.348746 0.224679 -0.909887 23.3328
-0.374959 0.923804 0.0774059 -46.2956
0.858701 0.31464 0.404518 -70.4383
0.349341 0.218146 -0.911248 23.3731
-0.37445 0.924288 0.0740242 -46.3666
0.859129 0.315801 0.402701 -70.4845
0.348834 0.214388 -0.912334 23.2307
-0.373524 0.92524 0.0664142 -46.4132
0.859303 0.31816 0.400467 -70.3753
0.349397 0.206654 -0.913901 23.0154
-0.372862 0.925751 0.0629268 -46.3694
0.859446 0.319002 0.399487 -70.4306
0.349751 0.203036 -0.914577 23.2365
-0.372125 0.926574 0.0546249 -46.3046
0.858753 0.32136 0.399087 -70.2961
0.35223 0.19542 -0.915284 22.8542
-0.371649 0.927065 0.049271 -46.3408
0.858353 0.322914 0.398694 -70.2038
0.353705 0.190466 -0.91576 22.7618
-0.371378 0.927532 0.0419753 -46.3877
0.858307 0.325717 0.396507 -70.2509
0.354101 0.183282 -0.917072 23.0681
-0.369939 0.928316 0.0370703 -46.5583
0.858196 0.326168 0.396376 -70.2902
0.355871 0.178449 -0.917339 22.7672
-0.37004 0.928599 0.0278376 -46.6252
0.856673 0.329478 0.396933 -70.177
0.35942 0.170729 -0.917425 22.3396
-0.370234 0.928687 0.0216302 -46.6494
0.855651 0.331868 0.397145 -70.054
0.361645 0.165545 -0.917501 22.1414
-0.370016 0.92883 0.0190787 -46.5094
0.854566 0.332232 0.399173 -70.0441
0.364425 0.164004 -0.916677 22.3409
-0.367402 0.929982 0.012246 -46.6504
0.854197 0.332195 0.399993 -70.0667
0.367918 0.157419 -0.916436 22.0845
-0.366416 0.93042 0.00767891 -46.499
0.853351 0.332752 0.401333 -70.1241
0.370853 0.153608 -0.9159 22.1507
-0.365743 0.930714 0.00172435 -46.6468
0.853513 0.334666 0.399393 -70.0597
0.371144 0.147547 -0.916778 21.7662
-0.365236 0.930915 -0.000477284 -46.7477
0.853614 0.335112 0.398802 -70.1806
0.371411 0.145249 -0.917037 21.7523
-0.365112 0.930957 -0.00361054 -46.6006
0.853952 0.336451 0.396948 -70.0114
0.370756 0.141847 -0.917834 21.8257
-0.364567 0.93113 -0.00937957 -46.6439
0.853925 0.338322 0.39541 -69.9239
0.371352 0.136144 -0.918457 21.584
-0.363441 0.931503 -0.0145701 -46.6964
0.853639 0.339243 0.39524 -69.9646
0.37311 0.131209 -0.918462 21.4008
-0.36375 0.931342 -0.0169709 -46.5946
0.854141 0.340757 0.392846 -69.7343
0.371657 0.128402 -0.919448 21.4774
-0.362694 0.931617 -0.0233048 -46.7335
0.852215 0.341693 0.396201 -69.7945
0.377071 0.123839 -0.917868 21.2715
-0.362249 0.931649 -0.0283702 -46.7978
0.850485 0.342838 0.398921 -69.8416
0.38138 0.12038 -0.916547 21.0872
-0.362266 0.93138 -0.0359958 -46.7832
0.849969 0.345956 0.397326 -69.7769
0.382514 0.113342 -0.916971 21.1261
-0.361899 0.931117 -0.0452836 -46.7781
0.849156 0.349308 0.396127 -69.6561
0.384659 0.104905 -0.917078 20.9653
-0.36141 0.931074 -0.0498466 -46.7635
0.848813 0.350662 0.395668 -69.6068
0.385875 0.100688 -0.91704 20.8732
-0.360266 0.931176 -0.05585 -46.8854
0.848128 0.35189 0.396045 -69.6889
0.388441 0.0953138 -0.916531 20.7291
-0.360795 0.930652 -0.0609354 -46.8238
0.847622 0.354458 0.394837 -69.4889
0.389055 0.0908051 -0.916728 20.7103
-0.361051 0.930279 -0.0649896 -46.852
0.846625 0.356207 0.395402 -69.4318
0.390984 0.0877383 -0.916206 20.4742
-0.359324 0.930659 -0.068998 -46.8786
0.846182 0.3561 0.396446 -69.4893
0.393526 0.0840679 -0.915462 20.5251
-0.359586 0.930413 -0.0709192 -46.8123
0.845628 0.357061 0.396763 -69.4704
0.394476 0.082699 -0.915177 20.416
-0.359039 0.93048 -0.0727872 -46.8899
0.845524 0.357295 0.396774 -69.5134
0.395197 0.0809141 -0.915026 20.3894
-0.358961 0.930106 -0.0777783 -46.9248
0.845132 0.359266 0.395827 -69.3459
0.396104 0.0763532 -0.915026 20.2281
-0.358118 0.93008 -0.0818699 -46.9228
0.844153 0.36 0.397249 -69.4162
0.398946 0.073151 -0.914052 20.1715
-0.359692 0.928706 -0.0901501 -46.9734
0.843939 0.36502 0.393099 -69.2834
0.39798 0.0653134 -0.915066 19.9181
-0.359796 0.928354 -0.093303 -46.9165
0.843731 0.366421 0.392241 -69.3236
0.398327 0.062404 -0.915118 19.9751
-0.359914 0.927989 -0.0964233 -46.9268
0.843746 0.367854 0.390865 -69.2941
0.398188 0.059321 -0.915384 19.9735
-0.360131 0.927525 -0.100015 -46.9476
0.844175 0.369634 0.388251 -69.3091
0.397081 0.0553909 -0.91611 20.0615
-0.360456 0.927493 -0.0991377 -46.9038
0.843081 0.369424 0.390821 -69.3808
0.399107 0.0572924 -0.915113 20.0937
-0.361795 0.926809 -0.100639 -46.7591
0.842465 0.371263 0.390407 -69.2749
0.399196 0.0564625 -0.915125 19.9429
-0.360986 0.92711 -0.100774 -46.78
0.843127 0.370631 0.389575 -69.2309
0.398529 0.0556654 -0.915465 19.9724
-0.361004 0.926769 -0.103807 -46.7948
0.843285 0.371942 0.387981 -69.2903
0.398178 0.0525238 -0.915803 20.1281
-0.360163 0.926705 -0.107238 -46.8038
0.843463 0.372591 0.38697 -69.2169
0.398563 0.0489213 -0.915835 20.0315
-0.359583 0.926347 -0.112164 -46.8746
0.84419 0.374169 0.38385 -69.2275
0.397546 0.0433381 -0.916558 19.9954
-0.359675 0.925738 -0.116804 -46.8174
0.844293 0.376185 0.381646 -69.1852
0.397245 0.0386516 -0.916898 19.9547
-0.358506 0.92577 -0.120097 -46.9103
0.84476 0.376473 0.380326 -69.244
0.397308 0.0348962 -0.917022 19.8218
-0.359733 0.92493 -0.122869 -46.8508
0.844585 0.378758 0.378442 -69.2409
0.39657 0.0323648 -0.917434 19.7998
-0.35989 0.924716 -0.124017 -46.8251
0.844939 0.379403 0.377004 -69.2986
0.395674 0.0308928 -0.917871 19.8567
-0.36094 0.923883 -0.127127 -46.7154
0.844869 0.381655 0.37488 -69.2756
0.394865 0.0279035 -0.918315 20.0764
-0.360968 0.923619 -0.128962 -46.7781
0.844414 0.382394 0.375153 -69.3332
0.395813 0.0265214 -0.917948 20.0977
-0.360685 0.923004 -0.134051 -46.7707
0.844281 0.384185 0.373619 -69.2129
0.396352 0.0215818 -0.917845 19.8264
-0.359244 0.922619 -0.140423 -46.85
0.845109 0.385444 0.370438 -69.1863
0.395898 0.0144051 -0.918181 19.8144
-0.357608 0.922341 -0.146297 -46.9149
0.844702 0.386273 0.370503 -69.1682
0.398241 0.00891714 -0.917238 19.5565
-0.357929 0.921901 -0.148273 -46.9382
0.844955 0.387367 0.368779 -69.1016
0.397414 0.00671282 -0.917615 19.5861
-0.357212 0.921272 -0.153808 -47.0653
0.84476 0.388916 0.367594 -69.1706
0.398473 0.00137861 -0.917179 19.5121
-0.356774 0.920827 -0.15745 -46.9779
0.844406 0.389967 0.367292 -69.1443
0.399613 -0.00191203 -0.916682 19.5545
-0.355296 0.920005 -0.165397 -47.0566
0.843945 0.391795 0.366407 -69.144
0.401898 -0.0094035 -0.915636 19.2816
-0.353731 0.91929 -0.172569 -47.1585
0.844115 0.393224 0.364479 -69.1175
0.40292 -0.0167406 -0.915082 19.1566
-0.35401 0.918286 -0.17728 -47.1415
0.843858 0.395351 0.362769 -69.178
0.403213 -0.021175 -0.914861 19.2813
-0.352526 0.916668 -0.188271 -47.1723
0.844977 0.398264 0.35693 -69.0609
0.402167 -0.0332578 -0.914962 19.1621
-0.352998 0.915278 -0.194057 -47.1024
0.845199 0.400904 0.353431 -69.1223
0.401286 -0.0392565 -0.915111 19.253
-0.353432 0.914157 -0.1985 -47.1065
0.844636 0.403058 0.352326 -69.1377
0.402088 -0.0431369 -0.914584 19.1991
-0.350816 0.913755 -0.204891 -47.2226
0.845118 0.403177 0.351034 -69.0428
0.403366 -0.0500083 -0.913671 18.8693
-0.349251 0.913773 -0.207465 -47.306
0.845692 0.402731 0.350161 -69.1138
0.40352 -0.0531568 -0.913425 18.7869
-0.348602 0.913351 -0.210399 -47.3499
0.846473 0.403183 0.347745 -69.1073
0.402442 -0.0568725 -0.913677 18.8567
-0.347799 0.913226 -0.212262 -47.2996
0.847045 0.403115 0.346429 -69.123
0.401934 -0.0593075 -0.913746 18.9548
-0.346742 0.913286 -0.213724 -47.3787
0.847201 0.402736 0.346489 -69.2155
0.402518 -0.0609254 -0.913382 18.8948
-0.346353 0.911979 -0.21985 -47.4238
0.848551 0.404492 0.341097 -69.1863
0.400001 -0.0684136 -0.913958 18.8557
-0.344838 0.912004 -0.222116 -47.4332
0.848797 0.404004 0.341064 -69.2877
0.400788 -0.0709192 -0.913422 18.8866
-0.342525 0.911418 -0.228021 -47.5578
0.849601 0.404093 0.33895 -69.3151
0.401067 -0.0776278 -0.912754 18.6832
-0.340422 0.910676 -0.234055 -47.6323
0.850696 0.404332 0.335905 -69.2823
0.400536 -0.08476 -0.912352 18.5652
-0.3388 0.909739 -0.239978 -47.6806
0.851318 0.405015 0.333497 -69.3473
0.40059 -0.0913085 -0.911696 18.6196
-0.336792 0.908157 -0.248639 -47.7713
0.852134 0.406313 0.329814 -69.4218
0.400548 -0.100795 -0.910715 18.6037
-0.335933 0.907483 -0.252238 -47.7896
0.852969 0.406693 0.327177 -69.3981
0.399491 -0.105242 -0.910676 18.4935
-0.335505 0.906371 -0.256766 -47.6717
0.852914 0.407987 0.325706 -69.3547
0.399967 -0.109723 -0.909938 18.5302
-0.328445 0.906031 -0.266893 -48.0019
0.853357 0.405768 0.327313 -69.5017
0.404852 -0.120251 -0.90644 18.2626
-0.327684 0.904433 -0.273172 -48.0636
0.853879 0.407255 0.324089 -69.5025
0.404367 -0.127057 -0.905728 18.231
-0.326144 0.902007 -0.282867 -48.1802
0.854471 0.409289 0.319939 -69.4325
0.404362 -0.137355 -0.904226 18.037
-0.324767 0.900503 -0.289172 -48.2314
0.855284 0.410144 0.316657 -69.4111
0.403753 -0.144484 -0.903387 17.8871
-0.324442 0.899368 -0.293042 -48.1508
0.855985 0.410989 0.313651 -69.4192
0.402525 -0.149078 -0.903189 18.0193
-0.324651 0.898832 -0.294452 -48.1558
0.856522 0.411443 0.311585 -69.4024
0.401213 -0.151048 -0.903445 18.029
-0.324267 0.897714 -0.298263 -48.1928
0.856922 0.412307 0.309333 -69.4036
0.400668 -0.155282 -0.902969 18.0205
-0.322739 0.896677 -0.303001 -48.2754
0.856906 0.412762 0.30877 -69.5263
0.401935 -0.159991 -0.901583 17.8805
-0.322991 0.895314 -0.306741 -48.3598
0.857852 0.413854 0.304655 -69.4864
0.399707 -0.164738 -0.901718 17.8493
-0.323472 0.89353 -0.3114 -48.2694
0.857916 0.415774 0.301847 -69.5015
0.399181 -0.169516 -0.901065 17.9594
-0.325716 0.891567 -0.314671 -48.2663
0.857378 0.418813 0.299163 -69.4505
0.398512 -0.17235 -0.900824 17.8982
-0.327174 0.888959 -0.320483 -48.1909
0.856561 0.422218 0.296708 -69.3654
0.399075 -0.177438 -0.899586 17.8483
-0.328803 0.885967 -0.327033 -48.155
0.856094 0.425824 0.292877 -69.2963
0.398738 -0.183672 -0.898484 17.8235
-0.32912 0.88386 -0.332373 -48.2197
0.855835 0.427941 0.290539 -69.219
0.399032 -0.188834 -0.897282 17.6406
-0.330408 0.882538 -0.3346 -48.14
0.854832 0.430099 0.290304 -69.2579
0.400116 -0.190108 -0.89653 17.7949
-0.331848 0.88011 -0.339535 -48.1554
0.853834 0.433256 0.288542 -69.2049
0.401055 -0.194155 -0.895242 17.5717
-0.334429 0.875772 -0.348109 -48.1429
0.853348 0.438161 0.28251 -69.1333
0.399942 -0.202578 -0.893873 17.4312
-0.338184 0.871915 -0.354113 -48.0221
0.852384 0.443271 0.277403 -69.0436
0.39884 -0.208027 -0.893113 17.5344
-0.342742 0.86638 -0.363199 -47.8902
0.851249 0.449955 0.270028 -68.8428
0.39737 -0.216623 -0.891724 17.387
-0.344227 0.865177 -0.364659 -47.8241
0.850722 0.451735 0.268715 -68.9493
0.397216 -0.217725 -0.891524 17.5324
-0.347643 0.863637 -0.36507 -47.8676
0.850169 0.454542 0.265715 -68.8499
0.395421 -0.217997 -0.892255 17.5011
-0.348207 0.861657 -0.369188 -47.7831
0.849691 0.456462 0.263946 -68.84
0.395951 -0.221788 -0.891085 17.5355
-0.350287 0.859349 -0.372583 -47.7378
0.849069 0.459278 0.261048 -68.7493
0.395451 -0.224907 -0.890526 17.5865
-0.353488 0.854601 -0.3804 -47.715
0.847575 0.464672 0.256314 -68.7533
0.395807 -0.231814 -0.888594 17.6051
-0.354559 0.851296 -0.38676 -47.6694
0.847621 0.467254 0.251421 -68.6914
0.394749 -0.238683 -0.887245 17.5777
-0.354948 0.850085 -0.389059 -47.568
0.847541 0.468237 0.249855 -68.724
0.39457 -0.241058 -0.886682 17.7186
-0.355054 0.849122 -0.39106 -47.7456
0.847596 0.468861 0.248497 -68.7743
0.394357 -0.243231 -0.886184 17.6087
-0.355477 0.847703 -0.393747 -47.7433
0.846975 0.470308 0.247879 -68.7151
0.39531 -0.245379 -0.885166 17.4576
-0.358908 0.844492 -0.397516 -47.6314
0.846698 0.473805 0.242099 -68.6498
0.392795 -0.249685 -0.885082 17.5224
-0.361602 0.841022 -0.402399 -47.6248
0.846568 0.477002 0.236204 -68.5495
0.390598 -0.255246 -0.884467 17.4884
-0.362907 0.837266 -0.409005 -47.6611
0.846181 0.479923 0.23163 -68.5425
0.390226 -0.262032 -0.882645 17.5706
-0.363245 0.835368 -0.412569 -47.7475
0.846351 0.480999 0.228759 -68.5649
0.389543 -0.266083 -0.881735 17.5008
-0.364758 0.832088 -0.417829 -47.7277
0.845661 0.483838 0.225295 -68.4088
0.389627 -0.271163 -0.880149 17.267
-0.364886 0.829541 -0.422753 -47.7282
0.845517 0.485344 0.222579 -68.4076
0.389819 -0.276229 -0.878487 17.2249
-0.365339 0.827038 -0.427243 -47.7114
0.844665 0.487427 0.22126 -68.4011
0.39124 -0.280042 -0.876646 17.148
-0.366578 0.825105 -0.42991 -47.6412
0.84435 0.489104 0.218749 -68.3856
0.390761 -0.282806 -0.875972 17.2627
-0.367927 0.824233 -0.43043 -47.6677
0.84476 0.489742 0.215718 -68.3416
0.388601 -0.284241 -0.876468 17.3334
-0.369177 0.822831 -0.43204 -47.6792
0.844219 0.491294 0.2143 -68.3046
0.388591 -0.285622 -0.876024 17.2138
-0.371517 0.819834 -0.435714 -47.6554
0.843129 0.494418 0.211386 -68.2764
0.388726 -0.288829 -0.874911 17.3244
-0.373296 0.817563 -0.438453 -47.6404
0.841858 0.497098 0.210163 -68.2067
0.389775 -0.290662 -0.873837 17.1866
-0.373394 0.816014 -0.441246 -47.7102
0.841656 0.498022 0.20878 -68.2235
0.390118 -0.293421 -0.872762 17.1999
-0.37492 0.813706 -0.444205 -47.593
0.84141 0.499828 0.205427 -68.1221
0.389183 -0.29674 -0.872056 17.2617
-0.374521 0.812602 -0.446555 -47.6082
0.841221 0.500341 0.204954 -68.1897
0.389976 -0.298892 -0.870966 17.2076
-0.374388 0.810815 -0.449904 -47.6403
0.841002 0.501278 0.20356 -68.1261
0.390577 -0.302159 -0.869569 17.1222
-0.3765 0.808311 -0.452638 -47.6889
0.841404 0.502812 0.198038 -67.9017
0.387669 -0.30629 -0.869425 17.0012
-0.374658 0.808049 -0.45463 -47.6064
0.841216 0.502438 0.19978 -68.05
0.389855 -0.307593 -0.867986 17.0936
-0.374602 0.806978 -0.456574 -47.6581
0.841115 0.502967 0.198873 -68.0193
0.390127 -0.309533 -0.867173 17.0235
-0.374808 0.806389 -0.457445 -47.6542
0.841183 0.503239 0.197891 -67.9979
0.389782 -0.310624 -0.866939 16.9556
-0.375317 0.805596 -0.458424 -47.5306
0.84124 0.503711 0.196445 -68.0437
0.389169 -0.311916 -0.86675 17.0614
-0.37585 0.804022 -0.460744 -47.5576
0.840964 0.504786 0.194864 -67.9918
0.389252 -0.314229 -0.865877 16.964
-0.377047 0.802525 -0.462374 -47.5048
0.840984 0.505803 0.192116 -67.9411
0.388048 -0.316413 -0.865622 16.9298
-0.378535 0.800469 -0.464717 -47.4496
0.840857 0.507254 0.18882 -67.8575
0.386874 -0.319285 -0.865093 16.9687
-0.378506 0.797844 -0.469232 -47.4871
0.840708 0.508423 0.186324 -67.8872
0.387225 -0.323962 -0.863195 16.8794
-0.379216 0.796149 -0.471532 -47.5695
0.840452 0.509541 0.184415 -67.9079
0.387087 -0.326366 -0.862351 16.814
-0.378914 0.79516 -0.473439 -47.5806
0.840995 0.509365 0.182413 -67.9091
0.3862 -0.329041 -0.861732 16.8615
-0.380851 0.792296 -0.476676 -47.4667
0.840112 0.511843 0.179522 -67.8129
0.386218 -0.33209 -0.860553 16.8839
-0.380702 0.790335 -0.480038 -47.5646
0.839714 0.512873 0.178444 -67.8587
0.387229 -0.335161 -0.858907 16.7807
-0.380533 0.787716 -0.484456 -47.6269
0.83919 0.514239 0.176971 -67.8281
0.388529 -0.339207 -0.856729 16.6187
-0.379777 0.785699 -0.488311 -47.666
0.838657 0.515198 0.176706 -67.783
0.390414 -0.342416 -0.854592 16.487
-0.379734 0.784422 -0.490391 -47.7245
0.838332 0.51593 0.176113 -67.7595
0.391154 -0.344235 -0.853522 16.4707
-0.380691 0.783434 -0.491229 -47.694
0.837738 0.517109 0.175481 -67.7923
0.391497 -0.344717 -0.853171 16.6054
-0.381173 0.781413 -0.494065 -47.695
0.83756 0.518132 0.173296 -67.7089
0.391407 -0.347754 -0.851979 16.4636
-0.380947 0.779707 -0.496926 -47.6978
0.836936 0.519214 0.173077 -67.6836
0.392961 -0.349962 -0.850358 16.4268
-0.380742 0.777904 -0.4999 -47.7469
0.836167 0.520461 0.173045 -67.6083
0.394792 -0.352115 -0.848619 16.3265
-0.381586 0.775683 -0.502701 -47.7808
0.834512 0.522962 0.173493 -67.5736
0.397469 -0.353307 -0.846872 16.3043
-0.382784 0.775235 -0.502481 -47.7649
0.834166 0.523791 0.172656 -67.4907
0.397044 -0.353062 -0.847174 16.2178
-0.383867 0.773119 -0.504908 -47.8051
0.833556 0.525386 0.170747 -67.4884
0.39728 -0.355325 -0.846116 16.2659
-0.38734 0.769326 -0.50804 -47.6097
0.831642 0.529409 0.167623 -67.4248
0.397917 -0.357581 -0.844865 16.3662
-0.387374 0.766205 -0.512709 -47.6645
0.830362 0.531595 0.167054 -67.4044
0.400551 -0.361022 -0.842153 16.2389
-0.388037 0.763902 -0.515637 -47.6926
0.829501 0.533311 0.165854 -67.3477
0.401691 -0.363363 -0.840602 16.1197
-0.388464 0.762231 -0.517783 -47.7751
0.829231 0.534213 0.164292 -67.2822
0.401835 -0.36554 -0.839589 16.05
-0.388586 0.760873 -0.519686 -47.6816
0.828163 0.53565 0.165002 -67.2495
0.403915 -0.366267 -0.838273 16.0478
-0.390696 0.758119 -0.522123 -47.6806
0.82726 0.537939 0.162058 -67.1491
0.40373 -0.368616 -0.837332 15.8575
-0.390737 0.755744 -0.525523 -47.6985
0.826007 0.539829 0.162165 -67.1858
0.406248 -0.370722 -0.835181 15.8334
-0.390128 0.754348 -0.527977 -47.6555
0.825655 0.540409 0.162026 -67.1243
0.407547 -0.372716 -0.833659 15.8732
-0.389075 0.752678 -0.531128 -47.9038
0.825173 0.541066 0.162285 -67.1028
0.409524 -0.375131 -0.831605 15.4927
-0.388985 0.751894 -0.532303 -47.8192
0.825245 0.541214 0.161426 -67.0367
0.409466 -0.376488 -0.83102 15.6925
-0.388647 0.75097 -0.533851 -47.7916
0.82537 0.541283 0.16055 -67.0262
0.409533 -0.378227 -0.830197 15.7085
-0.389172 0.749897 -0.534976 -47.8043
0.825306 0.541809 0.159102 -66.971
0.409165 -0.379601 -0.829751 15.6772
-0.390043 0.746512 -0.539061 -47.797
0.824738 0.54357 0.15601 -66.8519
0.409481 -0.383733 -0.827692 15.6402
-0.390289 0.744898 -0.541112 -47.7296
0.824676 0.544159 0.154276 -66.7263
0.409371 -0.38603 -0.826678 15.5545
-0.390078 0.741818 -0.545476 -47.795
0.824416 0.545216 0.151913 -66.6602
0.410094 -0.390441 -0.824244 15.4907
-0.390002 0.739043 -0.549284 -47.891
0.824257 0.546112 0.149537 -66.5181
0.410485 -0.394432 -0.822147 15.3931
-0.388723 0.739717 -0.549283 -47.8797
0.824539 0.545322 0.150863 -66.5743
0.411132 -0.394262 -0.821905 15.4418
-0.389929 0.737857 -0.550928 -47.8348
0.824687 0.545999 0.14757 -66.4439
0.409692 -0.396801 -0.821402 15.3936
-0.389641 0.737577 -0.551507 -47.8949
0.8237 0.546952 0.14954 -66.5296
0.411945 -0.39601 -0.820657 15.3251
-0.389826 0.735667 -0.553922 -47.8803
0.824109 0.547116 0.146656 -66.3784
0.41095 -0.399322 -0.81955 15.3393
-0.388587 0.732841 -0.558519 -48.0796
0.824115 0.547534 0.145053 -66.335
0.412109 -0.403919 -0.816711 15.2119
-0.388549 0.731369 -0.560472 -48.1865
0.824281 0.547741 0.14332 -66.3263
0.411814 -0.4063 -0.815678 15.1764
-0.388795 0.72963 -0.562564 -47.9854
0.822359 0.550138 0.145171 -66.2844
0.415409 -0.406188 -0.813908 15.1363
-0.392139 0.726637 -0.564115 -47.9924
0.821519 0.552555 0.140674 -66.1738
0.413924 -0.408268 -0.813624 15.2977
-0.397205 0.722725 -0.565595 -47.8612
0.824686 0.551483 0.125533 -66.4034
0.402642 -0.416576 -0.815073 15.632
-0.403337 0.72244 -0.561604 -47.6048
0.832324 0.544659 0.102876 -67.2844
0.380204 -0.425943 -0.820985 16.0409
-0.403207 0.720118 -0.564671 -47.7327
0.832249 0.545137 0.100933 -67.239
0.380507 -0.42925 -0.819121 15.8326
-0.402658 0.717824 -0.567974 -47.7515
0.832689 0.544932 0.0983781 -67.2337
0.380125 -0.433333 -0.817146 15.8515
-0.403182 0.716445 -0.569343 -47.6924
0.833164 0.544725 0.0954577 -67.2392
0.378525 -0.435869 -0.81654 15.9971
-0.404389 0.714858 -0.57048 -47.6405
0.832939 0.545478 0.0930933 -67.1337
0.377733 -0.437529 -0.816019 15.9297
-0.405216 0.715826 -0.568677 -47.7491
0.833129 0.545256 0.0926917 -66.9901
0.376426 -0.436221 -0.817322 15.742
-0.404497 0.713696 -0.571857 -47.7909
0.83317 0.545417 0.0913645 -67.1002
0.377107 -0.439498 -0.81525 15.8131
-0.40397 0.712119 -0.57419 -47.7518
0.83318 0.545558 0.0904272 -67.1557
0.377649 -0.441874 -0.813713 15.8232
-0.404621 0.710959 -0.575168 -47.6753
0.832747 0.546366 0.0895339 -67.1854
0.377907 -0.442742 -0.813121 15.9028
-0.406642 0.707722 -0.577731 -47.7088
0.83242 0.547601 0.0849056 -67.0626
0.376456 -0.446389 -0.8118 15.7395
-0.407771 0.703724 -0.581804 -47.8163
0.832323 0.548479 0.0800624 -67.1292
0.375449 -0.451602 -0.809379 15.5704
-0.408134 0.703448 -0.581883 -47.736
0.832257 0.548656 0.0795326 -67.1087
0.3752 -0.451816 -0.809374 15.6127
-0.409831 0.702648 -0.581657 -47.5812
0.832371 0.548901 0.0765955 -67.0247
0.373092 -0.452763 -0.80982 15.7744
-0.409009 0.700802 -0.584455 -47.539
0.832136 0.549297 0.0763061 -67.0962
0.374515 -0.455136 -0.80783 15.604
-0.409073 0.696045 -0.590068 -47.6769
0.831814 0.550302 0.072471 -67.0677
0.375159 -0.461181 -0.804094 15.508
-0.408968 0.695844 -0.590378 -47.6997
0.832369 0.549628 0.0712134 -67.1331
0.374041 -0.462288 -0.803979 15.6723
-0.409653 0.693621 -0.592515 -47.7172
0.832439 0.549903 0.068207 -66.9633
0.373136 -0.465291 -0.802667 15.5516
-0.410008 0.691885 -0.594297 -47.789
0.83214 0.550524 0.0668278 -66.936
0.373412 -0.467138 -0.801465 15.4098
-0.410022 0.692124 -0.594008 -47.7507
0.831843 0.55087 0.0676701 -66.9865
0.374058 -0.466375 -0.801608 15.3903
-0.413153 0.689418 -0.594985 -47.5988
0.831279 0.552304 0.0627285 -66.8071
0.371859 -0.468682 -0.801285 15.5169
-0.414273 0.688561 -0.595198 -47.6616
0.831665 0.55205 0.0597853 -66.8251
0.369745 -0.470238 -0.801352 15.4434
-0.41524 0.686473 -0.596934 -47.6107
0.831576 0.552488 0.0568982 -66.8369
0.368858 -0.47277 -0.80027 15.6469
-0.415849 0.686163 -0.596867 -47.6121
0.831306 0.552938 0.0564744 -66.8093
0.368781 -0.472695 -0.80035 15.5982
-0.416671 0.684927 -0.597713 -47.608
0.831306 0.553151 0.0543517 -66.7645
0.367852 -0.474236 -0.799866 15.5482
-0.417053 0.683613 -0.598949 -47.6023
0.831147 0.553518 0.0530255 -66.7766
0.367778 -0.4757 -0.79903 15.5097
-0.417976 0.68187 -0.600291 -47.5481
0.830774 0.554257 0.0511206 -66.8068
0.367573 -0.477339 -0.798146 15.5067
-0.420098 0.681174 -0.599599 -47.4593
0.830463 0.55495 0.048602 -66.7215
0.365854 -0.477527 -0.798823 15.6995
-0.418942 0.680324 -0.601371 -47.5352
0.830029 0.555461 0.0501525 -66.7812
0.368158 -0.478144 -0.797394 15.4821
-0.419596 0.679072 -0.602329 -47.5704
0.829735 0.556015 0.0488458 -66.7166
0.368074 -0.479278 -0.796752 15.4586
-0.420755 0.677902 -0.602839 -47.5224
0.829498 0.556538 0.0468827 -66.6585
0.367285 -0.480327 -0.796484 15.5077
-0.421157 0.677177 -0.603373 -47.4844
0.829592 0.556511 0.045523 -66.6566
0.36661 -0.481381 -0.796159 15.547
-0.421579 0.675205 -0.605285 -47.4421
0.82927 0.557122 0.0438937 -66.7103
0.366855 -0.48344 -0.794798 15.6295
-0.42385 0.672437 -0.606778 -47.4311
0.828463 0.55859 0.0403314 -66.6171
0.366061 -0.485599 -0.793847 15.5811
-0.425623 0.669842 -0.608405 -47.4649
0.827163 0.560636 0.0385898 -66.5995
0.366943 -0.486825 -0.792688 15.418
-0.427014 0.667695 -0.609789 -47.408
0.826995 0.561102 0.035269 -66.6047
0.365703 -0.489231 -0.791779 15.4845
-0.428125 0.664968 -0.611985 -47.4076
0.826907 0.561451 0.0315818 -66.6193
0.364601 -0.492534 -0.790238 15.4863
-0.427607 0.663793 -0.61362 -47.4034
0.82687 0.561526 0.0312269 -66.7174
0.365292 -0.494031 -0.788983 15.5307
-0.428151 0.662262 -0.614894 -47.4681
0.826922 0.561566 0.0290392 -66.6917
0.364535 -0.496037 -0.788075 15.4774
-0.428727 0.656218 -0.620944 -47.4976
0.825884 0.563283 0.0250548 -66.7633
0.366209 -0.502086 -0.783454 15.4041
-0.431547 0.650965 -0.624509 -47.4568
0.825151 0.564614 0.0183377 -66.7568
0.364544 -0.507401 -0.780802 15.4559
-0.434501 0.64614 -0.627466 -47.3539
0.824083 0.56633 0.0125326 -66.6713
0.363451 -0.511638 -0.778543 15.521
-0.435986 0.641824 -0.630855 -47.4363
0.8231 0.567827 0.00885328 -66.6184
0.363899 -0.515397 -0.77585 15.3416
-0.436308 0.640841 -0.631632 -47.4282
0.822755 0.568336 0.00829291 -66.7368
0.364293 -0.51606 -0.775224 15.3507
-0.437862 0.638084 -0.633345 -47.306
0.82186 0.56966 0.00573099 -66.7435
0.364449 -0.518012 -0.773848 15.4433
-0.43822 0.63782 -0.633363 -47.2623
0.821369 0.570365 0.00607916 -66.7813
0.365126 -0.51756 -0.773831 15.512
-0.442777 0.634693 -0.633335 -47.2561
0.820378 0.571821 -0.000495371 -66.5017
0.36184 -0.519794 -0.773877 15.4032
-0.44357 0.633258 -0.634215 -47.1777
0.819756 0.572711 -0.00148968 -66.6027
0.362279 -0.520563 -0.773155 15.4662
-0.444159 0.631591 -0.635465 -47.2036
0.819218 0.573476 -0.00261429 -66.5833
0.362773 -0.521746 -0.772125 15.3779
-0.445513 0.629204 -0.636884 -47.1861
0.818403 0.574624 -0.00479438 -66.5657
0.362952 -0.523364 -0.770945 15.3952
-0.447523 0.627471 -0.637184 -47.1442
0.817836 0.575399 -0.00777549 -66.5037
0.361756 -0.524592 -0.770672 15.4392
-0.44735 0.625529 -0.639211 -47.138
0.817146 0.576377 -0.0078371 -66.5278
0.363524 -0.525835 -0.768991 15.3754
-0.450527 0.624193 -0.638285 -47.1328
0.816309 0.577502 -0.0114315 -66.438
0.361476 -0.526189 -0.769715 15.3457
-0.451222 0.622375 -0.639568 -47.1071
0.815512 0.578609 -0.0122977 -66.3737
0.362406 -0.527125 -0.768636 15.28
-0.451247 0.622007 -0.639909 -47.0999
0.815242 0.578994 -0.0120916 -66.4137
0.362982 -0.527137 -0.768355 15.2715
-0.451607 0.621453 -0.640193 -47.0819
0.814771 0.579657 -0.0120697 -66.4222
0.363591 -0.527062 -0.768119 15.2666
-0.454786 0.620563 -0.638804 -46.9719
0.813885 0.580827 -0.0151897 -66.3384
0.361609 -0.526821 -0.769219 15.3504
-0.454516 0.619252 -0.640267 -46.9082
0.813398 0.581514 -0.014992 -66.336
0.363041 -0.527606 -0.768006 15.451
-0.456297 0.617194 -0.640987 -47.0456
0.812863 0.582174 -0.018087 -66.3099
0.362003 -0.529288 -0.767338 15.2912
-0.455967 0.61524 -0.643097 -46.993
0.812158 0.583161 -0.0179344 -66.3232
0.363996 -0.530474 -0.765575 15.307
-0.457612 0.613476 -0.643614 -46.9644
0.811422 0.584112 -0.0201638 -66.2685
0.363573 -0.53147 -0.765085 15.3717
-0.459785 0.611965 -0.643503 -46.9003
0.81043 0.585409 -0.0223372 -66.2322
0.363043 -0.531784 -0.765118 15.485
-0.46058 0.610123 -0.644683 -46.9219
0.809922 0.586046 -0.0240017 -66.2154
0.36317 -0.533197 -0.764073 15.4269
-0.460883 0.608603 -0.645903 -46.8608
0.809011 0.587308 -0.0238767 -66.1703
0.364812 -0.533547 -0.763046 15.3662
-0.463159 0.606319 -0.646421 -46.7478
0.807789 0.588879 -0.0264324 -66.1957
0.364637 -0.534414 -0.762523 15.4418
-0.465677 0.604124 -0.646667 -46.7599
0.806932 0.589882 -0.030012 -66.1318
0.363326 -0.535792 -0.762181 15.4865
-0.466235 0.602569 -0.647715 -46.7089
0.806399 0.590556 -0.031064 -66.1179
0.363794 -0.5368 -0.761249 15.5501
-0.465994 0.599685 -0.650559 -46.8152
0.805425 0.591868 -0.031341 -66.1712
0.36625 -0.538582 -0.758809 15.4187
-0.466437 0.595202 -0.654348 -46.825
0.804315 0.593246 -0.0337148 -66.2335
0.368122 -0.542028 -0.755442 15.3904
-0.465875 0.59307 -0.65668 -46.8313
0.803878 0.593821 -0.0340035 -66.2836
0.369784 -0.543732 -0.753403 15.3544
-0.469038 0.587488 -0.65944 -46.8185
0.801837 0.596262 -0.0391169 -66.2367
0.370218 -0.547111 -0.750738 15.3204
-0.469828 0.585278 -0.660841 -46.7725
0.801157 0.597062 -0.0407945 -66.1082
0.370687 -0.548604 -0.749416 15.3058
-0.469428 0.583255 -0.662911 -46.7192
0.800064 0.598587 -0.0398898 -66.1443
0.373544 -0.549096 -0.747635 15.3186
-0.47074 0.578435 -0.666196 -46.7146
0.798082 0.601081 -0.0420335 -66.1812
0.376124 -0.551466 -0.744591 15.2741
-0.469659 0.575691 -0.669329 -46.8611
0.79705 0.602517 -0.0410535 -66.2301
0.379648 -0.552769 -0.741831 14.991
-0.471265 0.572015 -0.671348 -46.9003
0.795875 0.603847 -0.0441763 -66.2068
0.380122 -0.555128 -0.739824 14.9319
-0.474557 0.568787 -0.671771 -46.7684
0.795222 0.60424 -0.0501577 -66.1213
0.377382 -0.55801 -0.739059 15.227
-0.475383 0.566138 -0.673423 -46.8974
0.794552 0.604938 -0.0523273 -66.114
0.377755 -0.559945 -0.737403 15.1912
-0.477371 0.562923 -0.674711 -46.7759
0.793737 0.605653 -0.0562773 -65.9928
0.376961 -0.562408 -0.735933 15.282
-0.4769 0.560859 -0.67676 -46.7741
0.793024 0.6066 -0.0561151 -66.0739
0.37905 -0.563448 -0.734062 15.2428
-0.47696 0.559143 -0.678136 -46.7218
0.792412 0.60736 -0.0565489 -66.1523
0.380254 -0.564334 -0.732758 15.146
-0.478037 0.557277 -0.678913 -46.8052
0.791718 0.608097 -0.0583159 -66.0879
0.380347 -0.565384 -0.731899 15.1013
-0.478561 0.554579 -0.68075 -46.7458
0.790703 0.609304 -0.0594824 -66.0544
0.381796 -0.566737 -0.730097 15.0944
-0.478621 0.552663 -0.682265 -46.8574
0.790224 0.609838 -0.0603616 -66.0644
0.382711 -0.568032 -0.728609 14.9624
-0.479273 0.551322 -0.682892 -46.8401
0.789589 0.610574 -0.0612192 -66.0442
0.383204 -0.568545 -0.72795 14.9939
-0.480206 0.549687 -0.683554 -46.8074
0.789167 0.610927 -0.0631176 -66.0129
0.382907 -0.569748 -0.727166 15.0684
-0.481465 0.548138 -0.683912 -46.8673
0.788783 0.611177 -0.0654497 -65.9067
0.382116 -0.57097 -0.726623 15.0457
-0.48299 0.546583 -0.684081 -46.8405
0.787852 0.612197 -0.0671101 -65.9084
0.382111 -0.571369 -0.726312 15.0879
-0.482358 0.545294 -0.685555 -46.7821
0.787611 0.612524 -0.0669604 -65.887
0.383406 -0.572249 -0.724935 15.1664
-0.482634 0.543319 -0.686927 -46.9333
0.787101 0.61305 -0.0681289 -65.9507
0.384105 -0.573562 -0.723525 14.9215
-0.484285 0.539262 -0.68896 -46.9382
0.785967 0.614084 -0.0718183 -65.8902
0.38435 -0.57628 -0.721233 14.7687
-0.483922 0.537195 -0.690827 -46.968
0.785153 0.615142 -0.0716554 -65.8779
0.386464 -0.57708 -0.719461 14.6376
-0.48532 0.536814 -0.690142 -46.8506
0.784824 0.615375 -0.0732445 -65.934
0.385377 -0.577187 -0.719958 14.8537
-0.486992 0.532734 -0.692123 -46.7253
0.783386 0.616817 -0.0764365 -65.7901
0.386193 -0.579424 -0.717721 14.9951
-0.486315 0.531616 -0.693457 -46.7615
0.783 0.617384 -0.0758134 -65.8606
0.387826 -0.579846 -0.716498 14.9038
-0.490377 0.526668 -0.694371 -46.9159
0.781013 0.619111 -0.0819795 -65.7292
0.386717 -0.582514 -0.714932 14.7713
-0.490488 0.525942 -0.694843 -46.9268
0.78059 0.619641 -0.0819974 -65.7445
0.387427 -0.582606 -0.714472 14.7613
-0.491266 0.52484 -0.695126 -46.9041
0.780498 0.619509 -0.0838527 -65.6722
0.386628 -0.583739 -0.71398 14.784
-0.49146 0.524384 -0.695333 -46.8468
0.780334 0.619666 -0.0842193 -65.6684
0.386711 -0.583983 -0.713736 14.8125
-0.491829 0.523344 -0.695856 -46.7738
0.780058 0.619889 -0.085132 -65.6756
0.3868 -0.584678 -0.713118 14.881
-0.491781 0.522313 -0.696664 -46.8263
0.779644 0.620397 -0.0852246 -65.7142
0.387694 -0.585062 -0.712317 14.8578
-0.492849 0.521817 -0.696281 -46.8597
0.778522 0.621829 -0.085041 -65.5561
0.388592 -0.583982 -0.712714 14.7964
-0.494509 0.521774 -0.695135 -46.8635
0.77811 0.622135 -0.086557 -65.5029
0.387305 -0.583695 -0.713649 14.8839
-0.496399 0.521957 -0.693649 -46.9605
0.777897 0.622121 -0.0885564 -65.4029
0.385311 -0.583547 -0.714848 14.8261
-0.494672 0.521895 -0.694929 -46.9238
0.778327 0.621793 -0.0870674 -65.4623
0.386662 -0.583951 -0.713788 14.7734
-0.495135 0.520756 -0.695452 -46.8245
0.77757 0.622704 -0.0873177 -65.4634
0.38759 -0.583997 -0.713247 14.842
-0.49574 0.520822 -0.694973 -46.7928
0.777003 0.623452 -0.0870307 -65.448
0.387954 -0.583141 -0.71375 14.9299
-0.496249 0.520942 -0.694519 -46.8248
0.777186 0.623096 -0.0879468 -65.4476
0.386936 -0.583413 -0.714079 14.9301
-0.49709 0.520677 -0.694116 -46.9106
0.777151 0.622952 -0.0892608 -65.3977
0.385925 -0.583804 -0.714307 14.7593
-0.497852 0.520422 -0.693761 -46.9016
0.776944 0.623083 -0.0901423 -65.3585
0.385359 -0.583891 -0.714542 14.7685
-0.498173 0.520598 -0.693398 -46.9371
0.776655 0.62348 -0.0898858 -65.364
0.385525 -0.58331 -0.714926 14.6814
-0.496881 0.520372 -0.694495 -46.8589
0.776595 0.623792 -0.0882249 -65.4554
0.38731 -0.583178 -0.714068 14.7431
