-0.562081 -0.82405 0.0707566 -198.074
-0.82305 0.565727 0.0504093 183.565
-0.0815687 -0.0299021 -0.996219 -108.031
-0.562081 -0.82405 0.0707566 -198.074
-0.82305 0.565727 0.0504093 183.565
-0.0815687 -0.0299021 -0.996219 -108.031
-0.562651 -0.823683 0.0705048 -198.119
-0.822714 0.566261 0.0499092 183.577
-0.0810334 -0.0299238 -0.996262 -107.991
-0.562651 -0.823683 0.0705048 -198.119
-0.822714 0.566261 0.0499092 183.577
-0.0810334 -0.0299238 -0.996262 -107.991
-0.562243 -0.824277 0.0667142 -198.073
-0.823446 0.565463 0.0467776 183.528
-0.0762821 -0.0286351 -0.996675 -108.192
-0.562243 -0.824277 0.0667142 -198.073
-0.823446 0.565463 0.0467776 183.528
-0.0762821 -0.0286351 -0.996675 -108.192
-0.562125 -0.82451 0.0648065 -198.143
-0.82368 0.56518 0.0460759 183.506
-0.0746174 -0.0274794 -0.996834 -108.091
-0.562125 -0.82451 0.0648065 -198.143
-0.82368 0.56518 0.0460759 183.506
-0.0746174 -0.0274794 -0.996834 -108.091
-0.562049 -0.824528 0.0652304 -198.14
-0.823632 0.565165 0.0471079 183.506
-0.0757077 -0.0272489 -0.996758 -108.068
-0.562049 -0.824528 0.0652304 -198.14
-0.823632 0.565165 0.0471079 183.506
-0.0757077 -0.0272489 -0.996758 -108.068
-0.565185 -0.821914 0.0708706 -197.978
-0.820582 0.568947 0.054251 183.783
-0.0849114 -0.0274933 -0.996009 -108.017
-0.565185 -0.821914 0.0708706 -197.978
-0.820582 0.568947 0.054251 183.783
-0.0849114 -0.0274933 -0.996009 -108.017
-0.567751 -0.819673 0.0761233 -197.883
-0.818178 0.572068 0.0576458 183.863
-0.0907984 -0.029554 -0.995431 -108.079
-0.567751 -0.819673 0.0761233 -197.883
-0.818178 0.572068 0.0576458 183.863
-0.0907984 -0.029554 -0.995431 -108.079
-0.571345 -0.816802 0.0799982 -197.824
-0.815104 0.576113 0.0608184 184.042
-0.0957646 -0.0304586 -0.994938 -107.966
-0.571345 -0.816802 0.0799982 -197.824
-0.815104 0.576113 0.0608184 184.042
-0.0957646 -0.0304586 -0.994938 -107.966
-0.57422 -0.814344 0.0843523 -197.784
-0.812413 0.579522 0.0643357 184.001
-0.101275 -0.0315861 -0.994357 -108.102
-0.57422 -0.814344 0.0843523 -197.784
-0.812413 0.579522 0.0643357 184.001
-0.101275 -0.0315861 -0.994357 -108.102
-0.575634 -0.813015 0.0874788 -197.565
-0.810872 0.58135 0.0672272 184.23
-0.105513 -0.0322358 -0.993895 -108.071
-0.575601 -0.812887 0.0888719 -197.607
-0.810516 0.581548 0.0697578 184.214
-0.108388 -0.0318795 -0.993597 -108.001
-0.575601 -0.812887 0.0888719 -197.607
-0.810516 0.581548 0.0697578 184.214
-0.108388 -0.0318795 -0.993597 -108.001
-0.575601 -0.812887 0.0888719 -197.607
-0.810516 0.581548 0.0697578 184.214
-0.108388 -0.0318795 -0.993597 -108.001
-0.575966 -0.812049 0.0940187 -197.501
-0.809463 0.582599 0.0731377 184.183
-0.114167 -0.0339798 -0.99288 -108.186
-0.575966 -0.812049 0.0940187 -197.501
-0.809463 0.582599 0.0731377 184.183
-0.114167 -0.0339798 -0.99288 -108.186
-0.576533 -0.811221 0.0976206 -197.648
-0.80847 0.583669 0.0755466 183.939
-0.118263 -0.0353681 -0.992352 -108.256
-0.576533 -0.811221 0.0976206 -197.648
-0.80847 0.583669 0.0755466 183.939
-0.118263 -0.0353681 -0.992352 -108.256
-0.580739 -0.806464 0.111169 -197.449
-0.802341 0.590112 0.0895329 184.407
-0.137807 -0.0372 -0.98976 -108.185
-0.580739 -0.806464 0.111169 -197.449
-0.802341 0.590112 0.0895329 184.407
-0.137807 -0.0372 -0.98976 -108.185
-0.580321 -0.806146 0.115565 -197.38
-0.801579 0.590482 0.0938139 184.498
-0.143867 -0.0381922 -0.98886 -108.148
-0.580321 -0.806146 0.115565 -197.38
-0.801579 0.590482 0.0938139 184.498
-0.143867 -0.0381922 -0.98886 -108.148
-0.581397 -0.804907 0.118754 -197.456
-0.799863 0.592172 0.0977316 184.506
-0.148987 -0.0381658 -0.988102 -108.072
-0.581397 -0.804907 0.118754 -197.456
-0.799863 0.592172 0.0977316 184.506
-0.148987 -0.0381658 -0.988102 -108.072
-0.580588 -0.804526 0.125122 -197.281
-0.798821 0.592582 0.103593 184.512
-0.157488 -0.0398049 -0.986718 -108.141
-0.580588 -0.804526 0.125122 -197.281
-0.798821 0.592582 0.103593 184.512
-0.157488 -0.0398049 -0.986718 -108.141
-0.579938 -0.80449 0.128326 -197.173
-0.798272 0.592614 0.107567 184.569
-0.162584 -0.0400568 -0.985881 -108.026
-0.579938 -0.80449 0.128326 -197.173
-0.798272 0.592614 0.107567 184.569
-0.162584 -0.0400568 -0.985881 -108.026
-0.57922 -0.804676 0.130386 -197.161
-0.797843 0.592413 0.111773 184.666
-0.167183 -0.0392864 -0.985143 -108.009
-0.57922 -0.804676 0.130386 -197.161
-0.797843 0.592413 0.111773 184.666
-0.167183 -0.0392864 -0.985143 -108.009
-0.574393 -0.806175 0.141966 -197.041
-0.797754 0.590168 0.123652 184.67
-0.183469 -0.042229 -0.982118 -107.917
-0.574393 -0.806175 0.141966 -197.041
-0.797754 0.590168 0.123652 184.67
-0.183469 -0.042229 -0.982118 -107.917
-0.574983 -0.804704 0.147803 -197.136
-0.795279 0.592133 0.130039 184.691
-0.192162 -0.0427741 -0.980431 -107.937
-0.574983 -0.804704 0.147803 -197.136
-0.795279 0.592133 0.130039 184.691
-0.192162 -0.0427741 -0.980431 -107.937
-0.575503 -0.803154 0.154077 -197.088
-0.792467 0.594219 0.137475 184.846
-0.201969 -0.0429835 -0.978448 -107.97
-0.575503 -0.803154 0.154077 -197.088
-0.792467 0.594219 0.137475 184.846
-0.201969 -0.0429835 -0.978448 -107.97
-0.578296 -0.800108 0.159379 -197.12
-0.788261 0.598344 0.143628 184.871
-0.210282 -0.0425728 -0.976713 -107.737
-0.578296 -0.800108 0.159379 -197.12
-0.788261 0.598344 0.143628 184.871
-0.210282 -0.0425728 -0.976713 -107.737
-0.580306 -0.797628 0.164424 -196.927
-0.784706 0.601654 0.14916 184.958
-0.2179 -0.0424657 -0.975047 -107.753
-0.580306 -0.797628 0.164424 -196.927
-0.784706 0.601654 0.14916 184.958
-0.2179 -0.0424657 -0.975047 -107.753
-0.58629 -0.791501 0.172596 -196.653
-0.775902 0.609898 0.161249 185.086
-0.232895 -0.0393791 -0.971704 -107.642
-0.58629 -0.791501 0.172596 -196.653
-0.775902 0.609898 0.161249 185.086
-0.232895 -0.0393791 -0.971704 -107.642
-0.58798 -0.789729 0.174949 -196.7
-0.772628 0.612358 0.16752 185.065
-0.239427 -0.0366717 -0.970222 -107.619
-0.58798 -0.789729 0.174949 -196.7
-0.772628 0.612358 0.16752 185.065
-0.239427 -0.0366717 -0.970222 -107.619
-0.589008 -0.787555 0.181178 -196.448
-0.768702 0.615182 0.175067 185.355
-0.249333 -0.036156 -0.967743 -107.445
-0.589008 -0.787555 0.181178 -196.448
-0.768702 0.615182 0.175067 185.355
-0.249333 -0.036156 -0.967743 -107.445
-0.591857 -0.783351 0.189913 -196.48
-0.760699 0.620748 0.18976 185.506
-0.266537 -0.0321564 -0.963288 -107.295
-0.591857 -0.783351 0.189913 -196.48
-0.760699 0.620748 0.18976 185.506
-0.266537 -0.0321564 -0.963288 -107.295
-0.5913 -0.78353 0.190907 -196.414
-0.759206 0.620672 0.195891 185.606
-0.271977 -0.0291077 -0.961863 -107.246
-0.5913 -0.78353 0.190907 -196.414
-0.759206 0.620672 0.195891 185.606
-0.271977 -0.0291077 -0.961863 -107.246
-0.59085 -0.783098 0.194047 -196.31
-0.757768 0.621219 0.199684 185.685
-0.276918 -0.029059 -0.960454 -107.252
-0.59085 -0.783098 0.194047 -196.31
-0.757768 0.621219 0.199684 185.685
-0.276918 -0.029059 -0.960454 -107.252
-0.591554 -0.781906 0.196687 -196.543
-0.754907 0.622814 0.20547 185.562
-0.283158 -0.0269339 -0.958695 -107.285
-0.591554 -0.781906 0.196687 -196.543
-0.754907 0.622814 0.20547 185.562
-0.283158 -0.0269339 -0.958695 -107.285
-0.590187 -0.782132 0.199874 -196.371
-0.754259 0.622504 0.208764 185.612
-0.287703 -0.0275468 -0.957323 -107.406
-0.590187 -0.782132 0.199874 -196.371
-0.754259 0.622504 0.208764 185.612
-0.287703 -0.0275468 -0.957323 -107.406
-0.589136 -0.782599 0.20114 -196.403
-0.754084 0.621926 0.211104 185.7
-0.290304 -0.0273072 -0.956545 -107.276
-0.589136 -0.782599 0.20114 -196.403
-0.754084 0.621926 0.211104 185.7
-0.290304 -0.0273072 -0.956545 -107.276
-0.587583 -0.782682 0.205318 -196.217
-0.752072 0.621873 0.218316 185.874
-0.298554 -0.0261353 -0.954035 -107.139
-0.587583 -0.782682 0.205318 -196.217
-0.752072 0.621873 0.218316 185.874
-0.298554 -0.0261353 -0.954035 -107.139
-0.5883 -0.781835 0.206488 -196.339
-0.750842 0.622946 0.219487 185.724
-0.300234 -0.0259153 -0.953514 -107.368
-0.5883 -0.781835 0.206488 -196.339
-0.750842 0.622946 0.219487 185.724
-0.300234 -0.0259153 -0.953514 -107.368
-0.586491 -0.782982 0.207286 -196.334
-0.751064 0.621539 0.222693 185.685
-0.303201 -0.0250782 -0.952597 -107.281
-0.586491 -0.782982 0.207286 -196.334
-0.751064 0.621539 0.222693 185.685
-0.303201 -0.0250782 -0.952597 -107.281
-0.587367 -0.781343 0.210956 -196.149
-0.747646 0.623652 0.228216 186.004
-0.309879 -0.0236739 -0.950481 -107.243
-0.587367 -0.781343 0.210956 -196.149
-0.747646 0.623652 0.228216 186.004
-0.309879 -0.0236739 -0.950481 -107.243
-0.587428 -0.780597 0.213534 -196.05
-0.745526 0.624624 0.232456 186.032
-0.314833 -0.0226436 -0.948877 -107.204
-0.587428 -0.780597 0.213534 -196.05
-0.745526 0.624624 0.232456 186.032
-0.314833 -0.0226436 -0.948877 -107.204
-0.58605 -0.780448 0.217821 -196.164
-0.743478 0.624825 0.238398 185.75
-0.322157 -0.022232 -0.946425 -107.304
-0.58605 -0.780448 0.217821 -196.164
-0.743478 0.624825 0.238398 185.75
-0.322157 -0.022232 -0.946425 -107.304
-0.586177 -0.780113 0.218677 -196.165
-0.741943 0.625304 0.241901 185.852
-0.32545 -0.0204488 -0.945338 -107.099
-0.586177 -0.780113 0.218677 -196.165
-0.741943 0.625304 0.241901 185.852
-0.32545 -0.0204488 -0.945338 -107.099
-0.586594 -0.779183 0.220865 -196.061
-0.739795 0.626495 0.245372 186.087
-0.32956 -0.0194612 -0.943934 -106.919
-0.586594 -0.779183 0.220865 -196.061
-0.739795 0.626495 0.245372 186.087
-0.32956 -0.0194612 -0.943934 -106.919
-0.58808 -0.776357 0.226786 -195.9
-0.734561 0.630024 0.251971 186.25
-0.3385 -0.0184094 -0.940786 -106.774
-0.58808 -0.776357 0.226786 -195.9
-0.734561 0.630024 0.251971 186.25
-0.3385 -0.0184094 -0.940786 -106.774
-0.588032 -0.775946 0.228313 -195.784
-0.733378 0.630542 0.254112 186.306
-0.341138 -0.0180134 -0.939841 -106.746
-0.588032 -0.775946 0.228313 -195.784
-0.733378 0.630542 0.254112 186.306
-0.341138 -0.0180134 -0.939841 -106.746
-0.590365 -0.774162 0.228349 -195.932
-0.731289 0.632768 0.254601 186.105
-0.341594 -0.0166816 -0.9397 -107.045
-0.590365 -0.774162 0.228349 -195.932
-0.731289 0.632768 0.254601 186.105
-0.341594 -0.0166816 -0.9397 -107.045
-0.591182 -0.77314 0.22969 -195.891
-0.72796 0.634101 0.260749 186.26
-0.347242 -0.0130554 -0.937685 -106.827
-0.591182 -0.77314 0.22969 -195.891
-0.72796 0.634101 0.260749 186.26
-0.347242 -0.0130554 -0.937685 -106.827
-0.59282 -0.771598 0.230652 -196.029
-0.725277 0.636014 0.26355 186.213
-0.350053 -0.0110485 -0.936665 -107.054
-0.59282 -0.771598 0.230652 -196.029
-0.725277 0.636014 0.26355 186.213
-0.350053 -0.0110485 -0.936665 -107.054
-0.591473 -0.771661 0.233879 -195.794
-0.723558 0.635948 0.268392 186.506
-0.355843 -0.0104785 -0.934487 -106.786
-0.591473 -0.771661 0.233879 -195.794
-0.723558 0.635948 0.268392 186.506
-0.355843 -0.0104785 -0.934487 -106.786
-0.591014 -0.771647 0.235082 -195.958
-0.722525 0.635978 0.271089 186.481
-0.358692 -0.0096358 -0.933406 -106.627
-0.591014 -0.771647 0.235082 -195.958
-0.722525 0.635978 0.271089 186.481
-0.358692 -0.0096358 -0.933406 -106.627
-0.591014 -0.771647 0.235082 -195.958
-0.722525 0.635978 0.271089 186.481
-0.358692 -0.0096358 -0.933406 -106.627
-0.589826 -0.772027 0.236811 -195.795
-0.722172 0.635512 0.273116 186.485
-0.36135 -0.009927 -0.932378 -106.824
-0.589826 -0.772027 0.236811 -195.795
-0.722172 0.635512 0.273116 186.485
-0.36135 -0.009927 -0.932378 -106.824
-0.589052 -0.772294 0.237862 -195.814
-0.721671 0.635193 0.275175 186.453
-0.363605 -0.00956556 -0.931504 -106.821
-0.589052 -0.772294 0.237862 -195.814
-0.721671 0.635193 0.275175 186.453
-0.363605 -0.00956556 -0.931504 -106.821
-0.58818 -0.771697 0.241927 -195.563
-0.718814 0.635931 0.280889 186.767
-0.37061 -0.00868736 -0.928748 -106.622
-0.58818 -0.771697 0.241927 -195.563
-0.718814 0.635931 0.280889 186.767
-0.37061 -0.00868736 -0.928748 -106.622
-0.588773 -0.771129 0.242296 -195.69
-0.717304 0.63664 0.283133 186.76
-0.372587 -0.00709912 -0.92797 -106.596
-0.588773 -0.771129 0.242296 -195.69
-0.717304 0.63664 0.283133 186.76
-0.372587 -0.00709912 -0.92797 -106.596
-0.58674 -0.772028 0.244354 -195.458
-0.717567 0.635536 0.284941 186.727
-0.375278 -0.00815438 -0.926876 -106.744
-0.58674 -0.772028 0.244354 -195.458
-0.717567 0.635536 0.284941 186.727
-0.375278 -0.00815438 -0.926876 -106.744
-0.590056 -0.76889 0.246257 -195.522
-0.712592 0.639361 0.288842 186.773
-0.379535 -0.005048 -0.925164 -106.578
-0.590056 -0.76889 0.246257 -195.522
-0.712592 0.639361 0.288842 186.773
-0.379535 -0.005048 -0.925164 -106.578
-0.592838 -0.766303 0.247633 -195.565
-0.708911 0.642472 0.290989 186.868
-0.382083 -0.00304074 -0.924123 -106.462
-0.592838 -0.766303 0.247633 -195.565
-0.708911 0.642472 0.290989 186.868
-0.382083 -0.00304074 -0.924123 -106.462
-0.592326 -0.765937 0.249982 -195.61
-0.707248 0.642911 0.294052 186.764
-0.385941 -0.00262424 -0.92252 -106.496
-0.592326 -0.765937 0.249982 -195.61
-0.707248 0.642911 0.294052 186.764
-0.385941 -0.00262424 -0.92252 -106.496
-0.590752 -0.764684 0.25743 -195.409
-0.702472 0.644401 0.302128 186.839
-0.396921 -0.0023546 -0.91785 -106.557
-0.590752 -0.764684 0.25743 -195.409
-0.702472 0.644401 0.302128 186.839
-0.396921 -0.0023546 -0.91785 -106.557
-0.591433 -0.763921 0.25813 -195.406
-0.700649 0.645309 0.304413 186.907
-0.399121 -0.000818261 -0.916898 -106.456
-0.591433 -0.763921 0.25813 -195.406
-0.700649 0.645309 0.304413 186.907
-0.399121 -0.000818261 -0.916898 -106.456
-0.590939 -0.763466 0.260596 -195.34
-0.698761 0.645847 0.307593 186.956
-0.403143 -0.00032592 -0.915137 -106.494
-0.590939 -0.763466 0.260596 -195.34
-0.698761 0.645847 0.307593 186.956
-0.403143 -0.00032592 -0.915137 -106.494
-0.591728 -0.762138 0.262686 -195.424
-0.695436 0.647412 0.311812 186.999
-0.40771 0.00182666 -0.91311 -106.327
-0.591728 -0.762138 0.262686 -195.424
-0.695436 0.647412 0.311812 186.999
-0.40771 0.00182666 -0.91311 -106.327
-0.591728 -0.762138 0.262686 -195.424
-0.695436 0.647412 0.311812 186.999
-0.40771 0.00182666 -0.91311 -106.327
-0.590854 -0.761649 0.266047 -195.234
-0.693609 0.647988 0.314672 186.996
-0.412065 0.00139299 -0.911153 -106.413
-0.590854 -0.761649 0.266047 -195.234
-0.693609 0.647988 0.314672 186.996
-0.412065 0.00139299 -0.911153 -106.413
-0.591545 -0.760269 0.268451 -195.151
-0.691104 0.649606 0.316841 187.144
-0.415271 0.00189802 -0.909696 -106.299
-0.591545 -0.760269 0.268451 -195.151
-0.691104 0.649606 0.316841 187.144
-0.415271 0.00189802 -0.909696 -106.299
-0.592533 -0.75937 0.268814 -195.252
-0.688665 0.650643 0.320007 187.044
-0.417906 0.00449178 -0.908479 -106.331
-0.592533 -0.75937 0.268814 -195.252
-0.688665 0.650643 0.320007 187.044
-0.417906 0.00449178 -0.908479 -106.331
-0.593273 -0.758063 0.270865 -195.162
-0.686659 0.652165 0.321217 187.228
-0.420151 0.00457748 -0.907443 -106.384
-0.593273 -0.758063 0.270865 -195.162
-0.686659 0.652165 0.321217 187.228
-0.420151 0.00457748 -0.907443 -106.384
-0.592614 -0.759015 0.269641 -195.294
-0.687854 0.651057 0.320907 187.102
-0.419125 0.0047005 -0.907917 -106.303
-0.592614 -0.759015 0.269641 -195.294
-0.687854 0.651057 0.320907 187.102
-0.419125 0.0047005 -0.907917 -106.303
-0.59348 -0.757485 0.272025 -195.217
-0.684769 0.652825 0.3239 187.211
-0.422934 0.00595389 -0.906141 -106.265
-0.59348 -0.757485 0.272025 -195.217
-0.684769 0.652825 0.3239 187.211
-0.422934 0.00595389 -0.906141 -106.265
-0.592248 -0.757569 0.274465 -195.019
-0.683576 0.652729 0.326602 187.255
-0.426575 0.00581175 -0.904434 -106.197
-0.592248 -0.757569 0.274465 -195.019
-0.683576 0.652729 0.326602 187.255
-0.426575 0.00581175 -0.904434 -106.197
-0.594008 -0.755842 0.275422 -195.154
-0.680648 0.654707 0.328751 187.272
-0.428805 0.00781499 -0.903363 -106.212
-0.594008 -0.755842 0.275422 -195.154
-0.680648 0.654707 0.328751 187.272
-0.428805 0.00781499 -0.903363 -106.212
-0.590642 -0.756022 0.282087 -194.957
-0.678315 0.65452 0.333906 187.445
-0.437072 0.00587497 -0.899407 -106.037
-0.590642 -0.756022 0.282087 -194.957
-0.678315 0.65452 0.333906 187.445
-0.437072 0.00587497 -0.899407 -106.037
-0.590255 -0.755749 0.283624 -195.026
-0.677232 0.654835 0.335483 187.425
-0.439268 0.00594164 -0.898336 -106.109
-0.590255 -0.755749 0.283624 -195.026
-0.677232 0.654835 0.335483 187.425
-0.439268 0.00594164 -0.898336 -106.109
-0.589093 -0.755752 0.286021 -194.986
-0.675965 0.654832 0.338034 187.422
-0.442766 0.00579269 -0.896619 -106.098
-0.589093 -0.755752 0.286021 -194.986
-0.675965 0.654832 0.338034 187.422
-0.442766 0.00579269 -0.896619 -106.098
-0.586778 -0.756478 0.288846 -195.007
-0.675228 0.653999 0.341105 187.348
-0.446944 0.00511626 -0.894547 -106.107
-0.586778 -0.756478 0.288846 -195.007
-0.675228 0.653999 0.341105 187.348
-0.446944 0.00511626 -0.894547 -106.107
-0.586778 -0.756478 0.288846 -195.007
-0.675228 0.653999 0.341105 187.348
-0.446944 0.00511626 -0.894547 -106.107
-0.586778 -0.756478 0.288846 -195.007
-0.675228 0.653999 0.341105 187.348
-0.446944 0.00511626 -0.894547 -106.107
-0.589304 -0.754783 0.288139 -195.13
-0.674258 0.655951 0.339271 187.317
-0.445081 0.00565385 -0.895472 -106.164
-0.589304 -0.754783 0.288139 -195.13
-0.674258 0.655951 0.339271 187.317
-0.445081 0.00565385 -0.895472 -106.164
-0.588698 -0.754451 0.29024 -194.998
-0.673726 0.656342 0.339571 187.491
-0.446686 0.00436258 -0.89468 -106.207
-0.588698 -0.754451 0.29024 -194.998
-0.673726 0.656342 0.339571 187.491
-0.446686 0.00436258 -0.89468 -106.207
-0.587972 -0.755192 0.289783 -194.946
-0.674088 0.655485 0.340505 187.465
-0.447095 0.00486851 -0.894473 -106.22
-0.587972 -0.755192 0.289783 -194.946
-0.674088 0.655485 0.340505 187.465
-0.447095 0.00486851 -0.894473 -106.22
-0.586699 -0.755471 0.291631 -195.041
-0.673337 0.655166 0.342599 187.333
-0.449891 0.00463598 -0.893072 -106.262
-0.586699 -0.755471 0.291631 -195.041
-0.673337 0.655166 0.342599 187.333
-0.449891 0.00463598 -0.893072 -106.262
-0.586599 -0.755089 0.292816 -194.977
-0.671957 0.6556 0.344473 187.378
-0.452078 0.00530772 -0.891963 -106.294
-0.586599 -0.755089 0.292816 -194.977
-0.671957 0.6556 0.344473 187.378
-0.452078 0.00530772 -0.891963 -106.294
-0.584647 -0.756164 0.293947 -194.867
-0.671212 0.654352 0.348278 187.459
-0.4557 0.0063192 -0.890111 -106.147
-0.584647 -0.756164 0.293947 -194.867
-0.671212 0.654352 0.348278 187.459
-0.4557 0.0063192 -0.890111 -106.147
-0.582171 -0.75653 0.297891 -194.969
-0.66974 0.653937 0.351874 187.393
-0.461005 0.00534118 -0.887381 -106.185
-0.582171 -0.75653 0.297891 -194.969
-0.66974 0.653937 0.351874 187.393
-0.461005 0.00534118 -0.887381 -106.185
-0.581472 -0.756527 0.29926 -194.851
-0.668682 0.653937 0.353878 187.502
-0.463416 0.00566047 -0.886123 -106.204
-0.581472 -0.756527 0.29926 -194.851
-0.668682 0.653937 0.353878 187.502
-0.463416 0.00566047 -0.886123 -106.204
-0.580529 -0.756897 0.300153 -194.885
-0.667574 0.653499 0.35677 187.572
-0.466188 0.00674113 -0.88466 -106.069
-0.580529 -0.756897 0.300153 -194.885
-0.667574 0.653499 0.35677 187.572
-0.466188 0.00674113 -0.88466 -106.069
-0.578981 -0.756957 0.30298 -194.878
-0.666901 0.653443 0.358127 187.619
-0.469067 0.00529124 -0.883147 -106.086
-0.578981 -0.756957 0.30298 -194.878
-0.666901 0.653443 0.358127 187.619
-0.469067 0.00529124 -0.883147 -106.086
-0.578528 -0.757274 0.303054 -194.953
-0.666959 0.653075 0.358689 187.634
-0.469543 0.00538704 -0.882893 -106.037
-0.578528 -0.757274 0.303054 -194.953
-0.666959 0.653075 0.358689 187.634
-0.469543 0.00538704 -0.882893 -106.037
-0.575693 -0.758143 0.306261 -194.904
-0.666951 0.65208 0.360511 187.529
-0.473026 0.00328249 -0.881042 -106.317
-0.575693 -0.758143 0.306261 -194.904
-0.666951 0.65208 0.360511 187.529
-0.473026 0.00328249 -0.881042 -106.317
-0.576313 -0.757127 0.307606 -195.052
-0.665206 0.653257 0.361604 187.394
-0.474726 0.00377566 -0.880126 -106.257
-0.576313 -0.757127 0.307606 -195.052
-0.665206 0.653257 0.361604 187.394
-0.474726 0.00377566 -0.880126 -106.257
-0.576313 -0.757127 0.307606 -195.052
-0.665206 0.653257 0.361604 187.394
-0.474726 0.00377566 -0.880126 -106.257
-0.575985 -0.75653 0.309682 -194.955
-0.663246 0.653945 0.363952 187.551
-0.477856 0.00423553 -0.878428 -106.155
-0.575985 -0.75653 0.309682 -194.955
-0.663246 0.653945 0.363952 187.551
-0.477856 0.00423553 -0.878428 -106.155
-0.574417 -0.756955 0.311551 -194.803
-0.662184 0.653452 0.366759 187.681
-0.481204 0.00436895 -0.876598 -106.151
-0.574417 -0.756955 0.311551 -194.803
-0.662184 0.653452 0.366759 187.681
-0.481204 0.00436895 -0.876598 -106.151
-0.571908 -0.75777 0.314177 -194.822
-0.659841 0.652496 0.372637 187.593
-0.487373 0.00580765 -0.873175 -106.092
-0.571908 -0.75777 0.314177 -194.822
-0.659841 0.652496 0.372637 187.593
-0.487373 0.00580765 -0.873175 -106.092
-0.572681 -0.756574 0.315646 -194.758
-0.656686 0.653859 0.375807 187.778
-0.490714 0.0079372 -0.871285 -105.979
-0.572681 -0.756574 0.315646 -194.758
-0.656686 0.653859 0.375807 187.778
-0.490714 0.0079372 -0.871285 -105.979
-0.571212 -0.757024 0.317226 -194.69
-0.656336 0.653346 0.377309 187.74
-0.49289 0.00731672 -0.870061 -105.971
-0.571212 -0.757024 0.317226 -194.69
-0.656336 0.653346 0.377309 187.74
-0.49289 0.00731672 -0.870061 -105.971
-0.57055 -0.756565 0.319504 -194.754
-0.6538 0.653865 0.380796 187.765
-0.49701 0.00837149 -0.867705 -105.767
-0.57055 -0.756565 0.319504 -194.754
-0.6538 0.653865 0.380796 187.765
-0.49701 0.00837149 -0.867705 -105.767
-0.569639 -0.756525 0.321217 -194.708
-0.652555 0.653909 0.382851 187.681
-0.499683 0.00847525 -0.866167 -106.03
-0.569639 -0.756525 0.321217 -194.708
-0.652555 0.653909 0.382851 187.681
-0.499683 0.00847525 -0.866167 -106.03
-0.570777 -0.755166 0.322394 -194.788
-0.649759 0.655453 0.38496 187.795
-0.502023 0.0102476 -0.864793 -105.853
-0.570777 -0.755166 0.322394 -194.788
-0.649759 0.655453 0.38496 187.795
-0.502023 0.0102476 -0.864793 -105.853
-0.568732 -0.754699 0.327067 -194.638
-0.644729 0.655954 0.392491 187.977
-0.510753 0.0123526 -0.859639 -105.768
-0.568732 -0.754699 0.327067 -194.638
-0.644729 0.655954 0.392491 187.977
-0.510753 0.0123526 -0.859639 -105.768
-0.567914 -0.754726 0.328424 -194.641
-0.642898 0.655901 0.395571 187.953
-0.513962 0.0135075 -0.857707 -105.686
-0.567914 -0.754726 0.328424 -194.641
-0.642898 0.655901 0.395571 187.953
-0.513962 0.0135075 -0.857707 -105.686
-0.566587 -0.754426 0.331392 -194.734
-0.640904 0.656252 0.398216 187.86
-0.517901 0.013233 -0.855338 -105.755
-0.566587 -0.754426 0.331392 -194.734
-0.640904 0.656252 0.398216 187.86
-0.517901 0.013233 -0.855338 -105.755
-0.561621 -0.755653 0.337001 -194.568
-0.636624 0.654817 0.407338 187.956
-0.528481 0.0142268 -0.848826 -105.711
-0.561621 -0.755653 0.337001 -194.568
-0.636624 0.654817 0.407338 187.956
-0.528481 0.0142268 -0.848826 -105.711
-0.561621 -0.755653 0.337001 -194.568
-0.636624 0.654817 0.407338 187.956
-0.528481 0.0142268 -0.848826 -105.711
-0.558615 -0.756094 0.340986 -194.644
-0.634522 0.654325 0.411388 187.931
-0.534163 0.0134445 -0.845274 -105.789
-0.558615 -0.756094 0.340986 -194.644
-0.634522 0.654325 0.411388 187.931
-0.534163 0.0134445 -0.845274 -105.789
-0.557704 -0.755396 0.34401 -194.66
-0.632099 0.655132 0.413827 187.962
-0.537976 0.0133442 -0.842855 -105.756
-0.557704 -0.755396 0.34401 -194.66
-0.632099 0.655132 0.413827 187.962
-0.537976 0.0133442 -0.842855 -105.756
-0.557214 -0.755218 0.345194 -194.511
-0.628754 0.655273 0.418671 188.162
-0.542384 0.016247 -0.839973 -105.58
-0.557214 -0.755218 0.345194 -194.511
-0.628754 0.655273 0.418671 188.162
-0.542384 0.016247 -0.839973 -105.58
-0.555549 -0.755802 0.346596 -194.442
-0.627798 0.654595 0.421159 188.203
-0.545193 0.0163823 -0.83815 -105.565
-0.555549 -0.755802 0.346596 -194.442
-0.627798 0.654595 0.421159 188.203
-0.545193 0.0163823 -0.83815 -105.565
-0.556146 -0.755869 0.345492 -194.58
-0.626661 0.654454 0.423068 188.245
-0.545892 0.0187813 -0.837645 -105.427
-0.556146 -0.755869 0.345492 -194.58
-0.626661 0.654454 0.423068 188.245
-0.545892 0.0187813 -0.837645 -105.427
-0.553109 -0.757072 0.347725 -194.493
-0.626201 0.653089 0.425849 188.144
-0.549494 0.0177949 -0.835308 -105.496
-0.553109 -0.757072 0.347725 -194.493
-0.626201 0.653089 0.425849 188.144
-0.549494 0.0177949 -0.835308 -105.496
-0.552628 -0.757434 0.3477 -194.543
-0.625654 0.652646 0.42733 188.123
-0.550599 0.0186147 -0.834562 -105.582
-0.552628 -0.757434 0.3477 -194.543
-0.625654 0.652646 0.42733 188.123
-0.550599 0.0186147 -0.834562 -105.582
-0.55272 -0.757374 0.347686 -194.613
-0.624648 0.652681 0.428745 188.152
-0.551648 0.0197942 -0.833842 -105.49
-0.55272 -0.757374 0.347686 -194.613
-0.624648 0.652681 0.428745 188.152
-0.551648 0.0197942 -0.833842 -105.49
-0.548121 -0.759142 0.351094 -194.526
-0.623249 0.650648 0.43384 188.207
-0.557785 0.018978 -0.829769 -105.412
-0.548121 -0.759142 0.351094 -194.526
-0.623249 0.650648 0.43384 188.207
-0.557785 0.018978 -0.829769 -105.412
-0.547437 -0.75954 0.3513 -194.588
-0.622276 0.650151 0.435977 188.169
-0.55954 0.0200649 -0.82856 -105.48
-0.547437 -0.75954 0.3513 -194.588
-0.622276 0.650151 0.435977 188.169
-0.55954 0.0200649 -0.82856 -105.48
-0.548899 -0.758593 0.351065 -194.737
-0.620198 0.651181 0.437398 188.214
-0.560414 0.0223578 -0.827911 -105.393
-0.548899 -0.758593 0.351065 -194.737
-0.620198 0.651181 0.437398 188.214
-0.560414 0.0223578 -0.827911 -105.393
-0.543478 -0.760896 0.354498 -194.48
-0.616672 0.64843 0.446379 188.42
-0.569515 0.0239877 -0.821631 -105.18
-0.543478 -0.760896 0.354498 -194.48
-0.616672 0.64843 0.446379 188.42
-0.569515 0.0239877 -0.821631 -105.18
-0.543478 -0.760896 0.354498 -194.48
-0.616672 0.64843 0.446379 188.42
-0.569515 0.0239877 -0.821631 -105.18
-0.543474 -0.760674 0.354981 -194.598
-0.613901 0.648589 0.449954 188.376
-0.572505 0.0266152 -0.819469 -105.247
-0.543474 -0.760674 0.354981 -194.598
-0.613901 0.648589 0.449954 188.376
-0.572505 0.0266152 -0.819469 -105.247
-0.540741 -0.76149 0.357396 -194.583
-0.61223 0.647636 0.453588 188.351
-0.576866 0.0264651 -0.81641 -105.195
-0.540741 -0.76149 0.357396 -194.583
-0.61223 0.647636 0.453588 188.351
-0.576866 0.0264651 -0.81641 -105.195
-0.538026 -0.761997 0.360401 -194.638
-0.608048 0.646957 0.460136 188.355
-0.583786 0.0284243 -0.81141 -105.142
-0.538026 -0.761997 0.360401 -194.638
-0.608048 0.646957 0.460136 188.355
-0.583786 0.0284243 -0.81141 -105.142
-0.535761 -0.762974 0.361706 -194.569
-0.606831 0.645789 0.46337 188.46
-0.587125 0.028761 -0.808985 -105.089
-0.535761 -0.762974 0.361706 -194.569
-0.606831 0.645789 0.46337 188.46
-0.587125 0.028761 -0.808985 -105.089
-0.534453 -0.762788 0.364026 -194.546
-0.604245 0.645983 0.46647 188.475
-0.590972 0.0293452 -0.806158 -105.227
-0.534453 -0.762788 0.364026 -194.546
-0.604245 0.645983 0.46647 188.475
-0.590972 0.0293452 -0.806158 -105.227
-0.536274 -0.761676 0.363675 -194.618
-0.596856 0.646872 0.474679 188.543
-0.596803 0.0374964 -0.801511 -104.967
-0.536274 -0.761676 0.363675 -194.618
-0.596856 0.646872 0.474679 188.543
-0.596803 0.0374964 -0.801511 -104.967
-0.53483 -0.761737 0.365669 -194.662
-0.593956 0.646728 0.478497 188.577
-0.600977 0.038723 -0.798328 -104.921
-0.53483 -0.761737 0.365669 -194.662
-0.593956 0.646728 0.478497 188.577
-0.600977 0.038723 -0.798328 -104.921
-0.530858 -0.762859 0.369102 -194.548
-0.591775 0.645452 0.482902 188.548
-0.606624 0.0379269 -0.794084 -104.867
-0.530858 -0.762859 0.369102 -194.548
-0.591775 0.645452 0.482902 188.548
-0.606624 0.0379269 -0.794084 -104.867
-0.528315 -0.762676 0.373106 -194.444
-0.58533 0.645491 0.490643 188.745
-0.615038 0.0408246 -0.78744 -104.675
-0.528315 -0.762676 0.373106 -194.444
-0.58533 0.645491 0.490643 188.745
-0.615038 0.0408246 -0.78744 -104.675
-0.525742 -0.763797 0.374446 -194.399
-0.584174 0.644163 0.493755 188.808
-0.618333 0.0408466 -0.784854 -104.648
-0.525742 -0.763797 0.374446 -194.399
-0.584174 0.644163 0.493755 188.808
-0.618333 0.0408466 -0.784854 -104.648
-0.523521 -0.764512 0.376095 -194.432
-0.582848 0.643325 0.496407 188.743
-0.621461 0.0406735 -0.782389 -104.78
-0.523521 -0.764512 0.376095 -194.432
-0.582848 0.643325 0.496407 188.743
-0.621461 0.0406735 -0.782389 -104.78
-0.521657 -0.765337 0.377006 -194.402
-0.582724 0.642387 0.497767 188.748
-0.623143 0.0399733 -0.781086 -104.769
-0.521657 -0.765337 0.377006 -194.402
-0.582724 0.642387 0.497767 188.748
-0.623143 0.0399733 -0.781086 -104.769
-0.521657 -0.765337 0.377006 -194.402
-0.582724 0.642387 0.497767 188.748
-0.623143 0.0399733 -0.781086 -104.769
-0.521657 -0.765337 0.377006 -194.402
-0.582724 0.642387 0.497767 188.748
-0.623143 0.0399733 -0.781086 -104.769
-0.518548 -0.766071 0.379793 -194.383
-0.579872 0.641497 0.502225 188.749
-0.628376 0.0401963 -0.776871 -104.719
-0.518548 -0.766071 0.379793 -194.383
-0.579872 0.641497 0.502225 188.749
-0.628376 0.0401963 -0.776871 -104.719
-0.51908 -0.765387 0.380446 -194.487
-0.577278 0.642188 0.504326 188.849
-0.630322 0.0421622 -0.775188 -104.609
-0.51908 -0.765387 0.380446 -194.487
-0.577278 0.642188 0.504326 188.849
-0.630322 0.0421622 -0.775188 -104.609
-0.515307 -0.76686 0.382602 -194.402
-0.576423 0.640507 0.507432 188.853
-0.634189 0.040942 -0.772094 -104.514
-0.515307 -0.76686 0.382602 -194.402
-0.576423 0.640507 0.507432 188.853
-0.634189 0.040942 -0.772094 -104.514
-0.512724 -0.767069 0.385641 -194.442
-0.574066 0.640298 0.51036 188.809
-0.638406 0.0402906 -0.768644 -104.628
-0.512724 -0.767069 0.385641 -194.442
-0.574066 0.640298 0.51036 188.809
-0.638406 0.0402906 -0.768644 -104.628
-0.510506 -0.766972 0.388765 -194.396
-0.5731 0.640547 0.511132 188.843
-0.641046 0.0381347 -0.766554 -104.557
-0.510506 -0.766972 0.388765 -194.396
-0.5731 0.640547 0.511132 188.843
-0.641046 0.0381347 -0.766554 -104.557
-0.509289 -0.766282 0.391709 -194.336
-0.571149 0.64143 0.512207 188.86
-0.643749 0.0371374 -0.764335 -104.604
-0.509289 -0.766282 0.391709 -194.336
-0.571149 0.64143 0.512207 188.86
-0.643749 0.0371374 -0.764335 -104.604
-0.506029 -0.765604 0.397221 -194.274
-0.566432 0.642288 0.516354 188.939
-0.650453 0.0362915 -0.758679 -104.596
-0.506029 -0.765604 0.397221 -194.274
-0.566432 0.642288 0.516354 188.939
-0.650453 0.0362915 -0.758679 -104.596
-0.503463 -0.765804 0.400087 -194.229
-0.565342 0.64215 0.517718 188.895
-0.653386 0.034466 -0.75624 -104.602
-0.503463 -0.765804 0.400087 -194.229
-0.565342 0.64215 0.517718 188.895
-0.653386 0.034466 -0.75624 -104.602
-0.502012 -0.765376 0.40272 -194.116
-0.562065 0.642629 0.520683 189.036
-0.657318 0.035034 -0.752799 -104.447
-0.502012 -0.765376 0.40272 -194.116
-0.562065 0.642629 0.520683 189.036
-0.657318 0.035034 -0.752799 -104.447
-0.50193 -0.763865 0.405681 -194.276
-0.560321 0.644489 0.520263 188.849
-0.658868 0.0338245 -0.751498 -104.644
-0.50193 -0.763865 0.405681 -194.276
-0.560321 0.644489 0.520263 188.849
-0.658868 0.0338245 -0.751498 -104.644
-0.499917 -0.763074 0.409635 -194.123
-0.557046 0.645465 0.522565 189.095
-0.663161 0.0330539 -0.747746 -104.422
-0.499917 -0.763074 0.409635 -194.123
-0.557046 0.645465 0.522565 189.095
-0.663161 0.0330539 -0.747746 -104.422
-0.496969 -0.76309 0.413177 -194.042
-0.554365 0.645497 0.52537 189.164
-0.667609 0.0320417 -0.743822 -104.42
-0.496969 -0.76309 0.413177 -194.042
-0.554365 0.645497 0.52537 189.164
-0.667609 0.0320417 -0.743822 -104.42
-0.492827 -0.763188 0.417929 -194.057
-0.552425 0.645524 0.527376 189.164
-0.67227 0.0290304 -0.739736 -104.32
-0.492827 -0.763188 0.417929 -194.057
-0.552425 0.645524 0.527376 189.164
-0.67227 0.0290304 -0.739736 -104.32
-0.489098 -0.762557 0.423427 -193.988
-0.550053 0.64641 0.528769 189.09
-0.676923 0.0257128 -0.735604 -104.491
-0.489098 -0.762557 0.423427 -193.988
-0.550053 0.64641 0.528769 189.09
-0.676923 0.0257128 -0.735604 -104.491
-0.482966 -0.762199 0.43104 -193.792
-0.546161 0.646983 0.532091 189.248
-0.684435 0.0215647 -0.728755 -104.442
-0.482966 -0.762199 0.43104 -193.792
-0.546161 0.646983 0.532091 189.248
-0.684435 0.0215647 -0.728755 -104.442
-0.481737 -0.761814 0.433092 -193.94
-0.545497 0.647483 0.532163 189.163
-0.685829 0.0201123 -0.727484 -104.522
-0.481737 -0.761814 0.433092 -193.94
-0.545497 0.647483 0.532163 189.163
-0.685829 0.0201123 -0.727484 -104.522
-0.479074 -0.761912 0.435865 -193.829
-0.54654 0.647478 0.5311 189.153
-0.686864 0.0162189 -0.726605 -104.406
-0.479074 -0.761912 0.435865 -193.829
-0.54654 0.647478 0.5311 189.153
-0.686864 0.0162189 -0.726605 -104.406
-0.477759 -0.761479 0.43806 -193.876
-0.544245 0.647988 0.532831 189.141
-0.689597 0.0161526 -0.724013 -104.497
-0.477759 -0.761479 0.43806 -193.876
-0.544245 0.647988 0.532831 189.141
-0.689597 0.0161526 -0.724013 -104.497
-0.476027 -0.760979 0.440805 -193.765
-0.542284 0.648599 0.534085 189.173
-0.692334 0.0151972 -0.721418 -104.493
-0.476027 -0.760979 0.440805 -193.765
-0.542284 0.648599 0.534085 189.173
-0.692334 0.0151972 -0.721418 -104.493
-0.473479 -0.760977 0.443544 -193.788
-0.541891 0.648655 0.534417 189.053
-0.694386 0.0126826 -0.719491 -104.561
-0.473479 -0.760977 0.443544 -193.788
-0.541891 0.648655 0.534417 189.053
-0.694386 0.0126826 -0.719491 -104.561
-0.46868 -0.759137 0.451719 -193.823
-0.535661 0.650851 0.538015 189.075
-0.702429 0.0101886 -0.711681 -104.483
-0.46868 -0.759137 0.451719 -193.823
-0.535661 0.650851 0.538015 189.075
-0.702429 0.0101886 -0.711681 -104.483
-0.464928 -0.760105 0.453963 -193.733
-0.533726 0.649733 0.54128 189.116
-0.706384 0.00936453 -0.707767 -104.519
-0.464928 -0.760105 0.453963 -193.733
-0.533726 0.649733 0.54128 189.116
-0.706384 0.00936453 -0.707767 -104.519
-0.463854 -0.759982 0.455266 -193.813
-0.532608 0.649882 0.542202 189.044
-0.707932 0.00902415 -0.706223 -104.655
-0.463854 -0.759982 0.455266 -193.813
-0.532608 0.649882 0.542202 189.044
-0.707932 0.00902415 -0.706223 -104.655
-0.462402 -0.760101 0.456543 -193.826
-0.5313 0.649745 0.543646 189.065
-0.709863 0.00882167 -0.704285 -104.413
-0.462402 -0.760101 0.456543 -193.826
-0.5313 0.649745 0.543646 189.065
-0.709863 0.00882167 -0.704285 -104.413
-0.462302 -0.759267 0.45803 -193.744
-0.529286 0.650714 0.544452 189.183
-0.711431 0.00927275 -0.702695 -104.359
-0.462302 -0.759267 0.45803 -193.744
-0.529286 0.650714 0.544452 189.183
-0.711431 0.00927275 -0.702695 -104.359
-0.459655 -0.75948 0.460334 -193.772
-0.529753 0.6505 0.544253 189.077
-0.712797 0.00630481 -0.701343 -104.484
-0.459655 -0.75948 0.460334 -193.772
-0.529753 0.6505 0.544253 189.077
-0.712797 0.00630481 -0.701343 -104.484
-0.454587 -0.759994 0.4645 -193.652
-0.527599 0.64992 0.547031 189.218
-0.717628 0.00360366 -0.696417 -104.407
-0.454587 -0.759994 0.4645 -193.652
-0.527599 0.64992 0.547031 189.218
-0.717628 0.00360366 -0.696417 -104.407
-0.450184 -0.7604 0.468109 -193.568
-0.526253 0.649454 0.548878 189.188
-0.721382 0.000751771 -0.692537 -104.371
-0.450184 -0.7604 0.468109 -193.568
-0.526253 0.649454 0.548878 189.188
-0.721382 0.000751771 -0.692537 -104.371
-0.446485 -0.760122 0.472087 -193.595
-0.522464 0.649781 0.552102 189.099
-0.726418 -0.000142929 -0.687253 -104.358
-0.446485 -0.760122 0.472087 -193.595
-0.522464 0.649781 0.552102 189.099
-0.726418 -0.000142929 -0.687253 -104.358
-0.443715 -0.760459 0.474151 -193.589
-0.520425 0.649385 0.554488 189.128
-0.729572 -0.000725187 -0.683904 -104.236
-0.443715 -0.760459 0.474151 -193.589
-0.520425 0.649385 0.554488 189.128
-0.729572 -0.000725187 -0.683904 -104.236
-0.440703 -0.759868 0.477893 -193.4
-0.517497 0.650075 0.556417 189.296
-0.73347 -0.00209356 -0.679719 -104.146
-0.440703 -0.759868 0.477893 -193.4
-0.517497 0.650075 0.556417 189.296
-0.73347 -0.00209356 -0.679719 -104.146
-0.438161 -0.759852 0.48025 -193.391
-0.5147 0.650092 0.558985 189.319
-0.736952 -0.00225925 -0.675941 -104.132
-0.438161 -0.759852 0.48025 -193.391
-0.5147 0.650092 0.558985 189.319
-0.736952 -0.00225925 -0.675941 -104.132
-0.436566 -0.759371 0.482458 -193.392
-0.511756 0.650655 0.561029 189.356
-0.739943 -0.00197432 -0.672667 -104.107
-0.436566 -0.759371 0.482458 -193.392
-0.511756 0.650655 0.561029 189.356
-0.739943 -0.00197432 -0.672667 -104.107
-0.435927 -0.757912 0.485321 -193.389
-0.508852 0.652353 0.561699 189.399
-0.742319 -0.00209633 -0.670043 -104.105
-0.435927 -0.757912 0.485321 -193.389
-0.508852 0.652353 0.561699 189.399
-0.742319 -0.00209633 -0.670043 -104.105
-0.432736 -0.75872 0.486912 -193.417
-0.508643 0.651404 0.562987 189.266
-0.744326 -0.00403947 -0.667804 -104.242
-0.432736 -0.75872 0.486912 -193.417
-0.508643 0.651404 0.562987 189.266
-0.744326 -0.00403947 -0.667804 -104.242
-0.430844 -0.759472 0.487417 -193.355
-0.509445 0.650516 0.56329 189.25
-0.744876 -0.00562218 -0.66718 -104.167
-0.430844 -0.759472 0.487417 -193.355
-0.509445 0.650516 0.56329 189.25
-0.744876 -0.00562218 -0.66718 -104.167
-0.429711 -0.759003 0.489145 -193.305
-0.508534 0.651054 0.563491 189.336
-0.746151 -0.00660858 -0.665744 -104.09
-0.429711 -0.759003 0.489145 -193.305
-0.508534 0.651054 0.563491 189.336
-0.746151 -0.00660858 -0.665744 -104.09
-0.426762 -0.758028 0.493223 -193.322
-0.506196 0.652163 0.564313 189.224
-0.749426 -0.00884022 -0.662029 -104.126
-0.426762 -0.758028 0.493223 -193.322
-0.506196 0.652163 0.564313 189.224
-0.749426 -0.00884022 -0.662029 -104.126
-0.426762 -0.758028 0.493223 -193.322
-0.506196 0.652163 0.564313 189.224
-0.749426 -0.00884022 -0.662029 -104.126
-0.425507 -0.756671 0.496379 -193.251
-0.504147 0.653717 0.564349 189.308
-0.751518 -0.0101137 -0.659635 -104.062
-0.425507 -0.756671 0.496379 -193.251
-0.504147 0.653717 0.564349 189.308
-0.751518 -0.0101137 -0.659635 -104.062
-0.424703 -0.756449 0.497406 -193.289
-0.502544 0.653979 0.565474 189.259
-0.753045 -0.00981023 -0.657896 -103.968
-0.424703 -0.756449 0.497406 -193.289
-0.502544 0.653979 0.565474 189.259
-0.753045 -0.00981023 -0.657896 -103.968
-0.421579 -0.75622 0.500402 -193.194
-0.500224 0.654222 0.567247 189.262
-0.756338 -0.0111735 -0.654086 -104.163
-0.421579 -0.75622 0.500402 -193.194
-0.500224 0.654222 0.567247 189.262
-0.756338 -0.0111735 -0.654086 -104.163
-0.420378 -0.75664 0.500778 -193.19
-0.50087 0.653715 0.567262 189.239
-0.756579 -0.0123598 -0.653785 -104.087
-0.420378 -0.75664 0.500778 -193.19
-0.50087 0.653715 0.567262 189.239
-0.756579 -0.0123598 -0.653785 -104.087
-0.420296 -0.755921 0.50193 -193.27
-0.497945 0.654573 0.568845 189.305
-0.758552 -0.0108502 -0.651522 -104.081
-0.420296 -0.755921 0.50193 -193.27
-0.497945 0.654573 0.568845 189.305
-0.758552 -0.0108502 -0.651522 -104.081
-0.418847 -0.755727 0.503432 -193.175
-0.495994 0.654797 0.57029 189.33
-0.760629 -0.0108352 -0.649096 -104.031
-0.418847 -0.755727 0.503432 -193.175
-0.495994 0.654797 0.57029 189.33
-0.760629 -0.0108352 -0.649096 -104.031
-0.413628 -0.756898 0.505982 -192.906
-0.495471 0.653384 0.572361 189.4
-0.76382 -0.0139541 -0.645279 -103.91
-0.413628 -0.756898 0.505982 -192.906
-0.495471 0.653384 0.572361 189.4
-0.76382 -0.0139541 -0.645279 -103.91
-0.415354 -0.756145 0.505693 -193.098
-0.493306 0.654305 0.573179 189.378
-0.764284 -0.011389 -0.64478 -104.058
-0.415354 -0.756145 0.505693 -193.098
-0.493306 0.654305 0.573179 189.378
-0.764284 -0.011389 -0.64478 -104.058
-0.414377 -0.756011 0.506694 -193.067
-0.491895 0.654461 0.574212 189.329
-0.765722 -0.0113004 -0.643072 -104.023
-0.414377 -0.756011 0.506694 -193.067
-0.491895 0.654461 0.574212 189.329
-0.765722 -0.0113004 -0.643072 -104.023
-0.413963 -0.75588 0.507228 -193.018
-0.490998 0.654616 0.574803 189.472
-0.766522 -0.0111003 -0.642123 -103.929
-0.413963 -0.75588 0.507228 -193.018
-0.490998 0.654616 0.574803 189.472
-0.766522 -0.0111003 -0.642123 -103.929
-0.412735 -0.756267 0.507651 -192.998
-0.491052 0.654155 0.575281 189.441
-0.767149 -0.0118444 -0.641359 -103.965
-0.412735 -0.756267 0.507651 -192.998
-0.491052 0.654155 0.575281 189.441
-0.767149 -0.0118444 -0.641359 -103.965
-0.411643 -0.756347 0.508419 -193.097
-0.490531 0.654054 0.575841 189.434
-0.768069 -0.0123544 -0.640248 -104.114
-0.411643 -0.756347 0.508419 -193.097
-0.490531 0.654054 0.575841 189.434
-0.768069 -0.0123544 -0.640248 -104.114
-0.410213 -0.756067 0.509988 -193.006
-0.488956 0.65437 0.57682 189.494
-0.769836 -0.0127429 -0.638114 -104.013
-0.408116 -0.756356 0.51124 -192.969
-0.488346 0.654013 0.577742 189.554
-0.771336 -0.0138762 -0.636277 -104.005
-0.408116 -0.756356 0.51124 -192.969
-0.488346 0.654013 0.577742 189.554
