0.173735 -0.921537 -0.347254 122.841
-0.107712 -0.368282 0.923453 445.799
-0.978884 -0.123032 -0.163244 72.9195
0.175083 -0.921528 -0.3466 122.852
-0.107077 -0.367772 0.92373 445.745
-0.978714 -0.124617 -0.163066 73.1472
0.175083 -0.921528 -0.3466 122.852
-0.107077 -0.367772 0.92373 445.745
-0.978714 -0.124617 -0.163066 73.1472
0.175083 -0.921528 -0.3466 122.852
-0.107077 -0.367772 0.92373 445.745
-0.978714 -0.124617 -0.163066 73.1472
0.172754 -0.921773 -0.347119 122.903
-0.107711 -0.367983 0.923573 445.704
-0.979058 -0.122162 -0.162856 72.9784
0.172754 -0.921773 -0.347119 122.903
-0.107711 -0.367983 0.923573 445.704
-0.979058 -0.122162 -0.162856 72.9784
0.173722 -0.921551 -0.347223 122.854
-0.106023 -0.368037 0.923747 445.764
-0.979071 -0.123661 -0.161642 73.1777
0.173722 -0.921551 -0.347223 122.854
-0.106023 -0.368037 0.923747 445.764
-0.979071 -0.123661 -0.161642 73.1777
0.17273 -0.921644 -0.347472 122.889
-0.10672 -0.36821 0.923598 445.713
-0.979171 -0.122451 -0.161958 73.0479
0.17273 -0.921644 -0.347472 122.889
-0.10672 -0.36821 0.923598 445.713
-0.979171 -0.122451 -0.161958 73.0479
0.172905 -0.921329 -0.348219 122.836
-0.104659 -0.368728 0.923627 445.719
-0.979362 -0.123255 -0.16018 73.3211
0.172905 -0.921329 -0.348219 122.836
-0.104659 -0.368728 0.923627 445.719
-0.979362 -0.123255 -0.16018 73.3211
0.172814 -0.921113 -0.348835 122.875
-0.10579 -0.369473 0.9232 445.709
-0.979257 -0.122639 -0.161294 72.92
0.172814 -0.921113 -0.348835 122.875
-0.10579 -0.369473 0.9232 445.709
-0.979257 -0.122639 -0.161294 72.92
0.171233 -0.921097 -0.349656 122.838
-0.103602 -0.369764 0.923331 445.689
-0.979768 -0.12188 -0.158743 73.3428
0.171233 -0.921097 -0.349656 122.838
-0.103602 -0.369764 0.923331 445.689
-0.979768 -0.12188 -0.158743 73.3428
0.17136 -0.92088 -0.350166 122.968
-0.104278 -0.37038 0.923009 445.657
-0.979674 -0.121652 -0.159496 72.9123
0.17136 -0.92088 -0.350166 122.968
-0.104278 -0.37038 0.923009 445.657
-0.979674 -0.121652 -0.159496 72.9123
0.171162 -0.92071 -0.350708 122.953
-0.105191 -0.371004 0.922654 445.639
-0.979611 -0.121033 -0.160352 72.5753
0.171162 -0.92071 -0.350708 122.953
-0.105191 -0.371004 0.922654 445.639
-0.979611 -0.121033 -0.160352 72.5753
0.17171 -0.920665 -0.350559 122.98
-0.103081 -0.370681 0.923022 445.591
-0.97974 -0.122356 -0.158553 73.0487
0.17171 -0.920665 -0.350559 122.98
-0.103081 -0.370681 0.923022 445.591
-0.97974 -0.122356 -0.158553 73.0487
0.169224 -0.920881 -0.3512 122.913
-0.105174 -0.371178 0.922586 445.572
-0.97995 -0.119187 -0.159665 72.6131
0.169224 -0.920881 -0.3512 122.913
-0.105174 -0.371178 0.922586 445.572
-0.97995 -0.119187 -0.159665 72.6131
0.170185 -0.920661 -0.351312 122.964
-0.104633 -0.37138 0.922566 445.55
-0.979841 -0.120248 -0.159535 72.6218
0.170185 -0.920661 -0.351312 122.964
-0.104633 -0.37138 0.922566 445.55
-0.979841 -0.120248 -0.159535 72.6218
0.172 -0.920135 -0.351807 122.913
-0.103614 -0.372046 0.922413 445.427
-0.979633 -0.122203 -0.159331 72.7643
0.172 -0.920135 -0.351807 122.913
-0.103614 -0.372046 0.922413 445.427
-0.979633 -0.122203 -0.159331 72.7643
0.172 -0.920135 -0.351807 122.913
-0.103614 -0.372046 0.922413 445.427
-0.979633 -0.122203 -0.159331 72.7643
0.171787 -0.920375 -0.351283 122.971
-0.104691 -0.37162 0.922463 445.345
-0.979556 -0.121691 -0.160194 72.5863
0.171787 -0.920375 -0.351283 122.971
-0.104691 -0.37162 0.922463 445.345
-0.979556 -0.121691 -0.160194 72.5863
0.171237 -0.920283 -0.35179 123.021
-0.104622 -0.37203 0.922306 445.371
-0.979659 -0.121128 -0.159987 72.3604
0.171237 -0.920283 -0.35179 123.021
-0.104622 -0.37203 0.922306 445.371
-0.979659 -0.121128 -0.159987 72.3604
0.172398 -0.919842 -0.352377 123.055
-0.103731 -0.372698 0.922137 445.208
-0.97955 -0.122422 -0.159669 72.3588
0.172398 -0.919842 -0.352377 123.055
-0.103731 -0.372698 0.922137 445.208
-0.97955 -0.122422 -0.159669 72.3588
0.170824 -0.920012 -0.352699 123.088
-0.10351 -0.372736 0.922146 445.242
-0.979849 -0.121017 -0.158903 72.2704
0.170824 -0.920012 -0.352699 123.088
-0.10351 -0.372736 0.922146 445.242
-0.979849 -0.121017 -0.158903 72.2704
0.171184 -0.919716 -0.353297 123.046
-0.102208 -0.373233 0.92209 445.131
-0.979923 -0.121737 -0.157894 72.6011
0.171184 -0.919716 -0.353297 123.046
-0.102208 -0.373233 0.92209 445.131
-0.979923 -0.121737 -0.157894 72.6011
0.172569 -0.919111 -0.354196 123.003
-0.101415 -0.374259 0.921762 445.136
-0.979763 -0.123147 -0.157797 72.5053
0.172569 -0.919111 -0.354196 123.003
-0.101415 -0.374259 0.921762 445.136
-0.979763 -0.123147 -0.157797 72.5053
0.172527 -0.918653 -0.355403 122.972
-0.1001 -0.375297 0.921484 445.121
-0.979905 -0.123405 -0.156706 72.6198
0.172527 -0.918653 -0.355403 122.972
-0.1001 -0.375297 0.921484 445.121
-0.979905 -0.123405 -0.156706 72.6198
0.173213 -0.918445 -0.355607 122.942
-0.101976 -0.375849 0.921053 445.109
-0.979591 -0.123275 -0.158761 72.2388
0.173213 -0.918445 -0.355607 122.942
-0.101976 -0.375849 0.921053 445.109
-0.979591 -0.123275 -0.158761 72.2388
0.173473 -0.918173 -0.356182 123.078
-0.103324 -0.376637 0.920581 444.961
-0.979404 -0.122893 -0.160206 72.033
0.173473 -0.918173 -0.356182 123.078
-0.103324 -0.376637 0.920581 444.961
-0.979404 -0.122893 -0.160206 72.033
0.172987 -0.917883 -0.357164 122.951
-0.101995 -0.377376 0.920426 444.989
-0.979629 -0.122793 -0.158901 72.1974
0.172987 -0.917883 -0.357164 122.951
-0.101995 -0.377376 0.920426 444.989
-0.979629 -0.122793 -0.158901 72.1974
0.175403 -0.917115 -0.357958 122.943
-0.10211 -0.378581 0.919918 444.956
-0.979187 -0.124805 -0.160051 72.1777
0.175403 -0.917115 -0.357958 122.943
-0.10211 -0.378581 0.919918 444.956
-0.979187 -0.124805 -0.160051 72.1777
0.175037 -0.916777 -0.359 122.948
-0.101675 -0.379511 0.919583 444.854
-0.979298 -0.12446 -0.159642 72.2923
0.175037 -0.916777 -0.359 122.948
-0.101675 -0.379511 0.919583 444.854
-0.979298 -0.12446 -0.159642 72.2923
0.175423 -0.916224 -0.360223 122.945
-0.101454 -0.380773 0.919086 444.846
-0.979252 -0.124683 -0.15975 72.246
0.175423 -0.916224 -0.360223 122.945
-0.101454 -0.380773 0.919086 444.846
-0.979252 -0.124683 -0.15975 72.246
0.176163 -0.915861 -0.360784 122.918
-0.101863 -0.38151 0.918735 444.8
-0.979076 -0.125097 -0.1605 72.0054
0.176163 -0.915861 -0.360784 122.918
-0.101863 -0.38151 0.918735 444.8
-0.979076 -0.125097 -0.1605 72.0054
0.175806 -0.915665 -0.361454 122.847
-0.102417 -0.382193 0.918389 444.747
-0.979083 -0.12444 -0.160971 72.0283
0.175806 -0.915665 -0.361454 122.847
-0.102417 -0.382193 0.918389 444.747
-0.979083 -0.12444 -0.160971 72.0283
0.177939 -0.915694 -0.360337 122.972
-0.104142 -0.381648 0.918422 444.653
-0.978515 -0.125897 -0.163272 71.8115
0.177939 -0.915694 -0.360337 122.972
-0.104142 -0.381648 0.918422 444.653
-0.978515 -0.125897 -0.163272 71.8115
0.178424 -0.915547 -0.36047 122.995
-0.105664 -0.382058 0.918078 444.511
-0.978264 -0.125718 -0.164909 71.9242
0.178424 -0.915547 -0.36047 122.995
-0.105664 -0.382058 0.918078 444.511
-0.978264 -0.125718 -0.164909 71.9242
0.178332 -0.91537 -0.360964 123.027
-0.105735 -0.382547 0.917866 444.506
-0.978273 -0.125518 -0.165007 71.7056
0.178332 -0.91537 -0.360964 123.027
-0.105735 -0.382547 0.917866 444.506
-0.978273 -0.125518 -0.165007 71.7056
0.179586 -0.914707 -0.362021 122.951
-0.105258 -0.383758 0.917415 444.531
-0.978095 -0.126649 -0.165198 71.673
0.179586 -0.914707 -0.362021 122.951
-0.105258 -0.383758 0.917415 444.531
-0.978095 -0.126649 -0.165198 71.673
0.179792 -0.91459 -0.362216 123.07
-0.107817 -0.384319 0.916883 444.384
-0.977778 -0.125796 -0.167706 71.4566
0.179792 -0.91459 -0.362216 123.07
-0.107817 -0.384319 0.916883 444.384
-0.977778 -0.125796 -0.167706 71.4566
0.183078 -0.913732 -0.362733 123.088
-0.106994 -0.385297 0.916569 444.406
-0.977259 -0.128993 -0.168304 71.7091
0.183078 -0.913732 -0.362733 123.088
-0.106994 -0.385297 0.916569 444.406
-0.977259 -0.128993 -0.168304 71.7091
0.183122 -0.913508 -0.363275 122.956
-0.109634 -0.386195 0.915879 444.397
-0.976958 -0.12789 -0.170872 71.6629
0.183122 -0.913508 -0.363275 122.956
-0.109634 -0.386195 0.915879 444.397
-0.976958 -0.12789 -0.170872 71.6629
0.188242 -0.912982 -0.361978 123.078
-0.114139 -0.386406 0.915239 444.309
-0.975468 -0.13097 -0.176945 71.5601
0.188242 -0.912982 -0.361978 123.078
-0.114139 -0.386406 0.915239 444.309
-0.975468 -0.13097 -0.176945 71.5601
0.18887 -0.912413 -0.363085 122.915
-0.115951 -0.387874 0.91439 444.392
-0.975132 -0.130601 -0.179053 71.1719
0.18887 -0.912413 -0.363085 122.915
-0.115951 -0.387874 0.91439 444.392
-0.975132 -0.130601 -0.179053 71.1719
0.191152 -0.912085 -0.362716 122.968
-0.117046 -0.388074 0.914166 444.214
-0.974557 -0.13229 -0.180937 71.4536
0.191152 -0.912085 -0.362716 122.968
-0.117046 -0.388074 0.914166 444.214
-0.974557 -0.13229 -0.180937 71.4536
0.193066 -0.911248 -0.363804 122.917
-0.116017 -0.38938 0.913741 444.315
-0.974303 -0.134205 -0.180897 71.3279
0.193066 -0.911248 -0.363804 122.917
-0.116017 -0.38938 0.913741 444.315
-0.974303 -0.134205 -0.180897 71.3279
0.193727 -0.911088 -0.363852 122.951
-0.115579 -0.389491 0.91375 444.291
-0.974224 -0.134964 -0.180758 71.3859
0.193727 -0.911088 -0.363852 122.951
-0.115579 -0.389491 0.91375 444.291
-0.974224 -0.134964 -0.180758 71.3859
0.194939 -0.910391 -0.364947 122.922
-0.115277 -0.390772 0.91324 444.237
-0.974017 -0.135957 -0.181124 71.2048
0.194939 -0.910391 -0.364947 122.922
-0.115277 -0.390772 0.91324 444.237
-0.974017 -0.135957 -0.181124 71.2048
0.195344 -0.910146 -0.365342 122.939
-0.116464 -0.391411 0.912816 444.119
-0.973795 -0.135764 -0.182459 71.0447
0.195344 -0.910146 -0.365342 122.939
-0.116464 -0.391411 0.912816 444.119
-0.973795 -0.135764 -0.182459 71.0447
0.195824 -0.909546 -0.366578 122.964
-0.114603 -0.39248 0.912593 444.22
-0.973919 -0.136697 -0.181094 71.0525
0.195824 -0.909546 -0.366578 122.964
-0.114603 -0.39248 0.912593 444.22
-0.973919 -0.136697 -0.181094 71.0525
0.196538 -0.909277 -0.366863 122.8
-0.116432 -0.393157 0.91207 444.053
-0.973559 -0.136542 -0.183139 71.2046
0.196538 -0.909277 -0.366863 122.8
-0.116432 -0.393157 0.91207 444.053
-0.973559 -0.136542 -0.183139 71.2046
0.198063 -0.909278 -0.366039 122.954
-0.119432 -0.393042 0.911731 443.958
-0.972886 -0.136863 -0.186444 70.9491
0.198063 -0.909278 -0.366039 122.954
-0.119432 -0.393042 0.911731 443.958
-0.972886 -0.136863 -0.186444 70.9491
0.200469 -0.909124 -0.36511 122.865
-0.120832 -0.392773 0.911663 443.896
-0.97222 -0.138643 -0.188591 70.9185
0.200469 -0.909124 -0.36511 122.865
-0.120832 -0.392773 0.911663 443.896
-0.97222 -0.138643 -0.188591 70.9185
0.20145 -0.909105 -0.364619 122.862
-0.12305 -0.39279 0.911359 443.788
-0.971739 -0.138727 -0.190993 70.8336
0.20145 -0.909105 -0.364619 122.862
-0.12305 -0.39279 0.911359 443.788
-0.971739 -0.138727 -0.190993 70.8336
0.20153 -0.908574 -0.365895 122.819
-0.122685 -0.394033 0.910871 443.802
-0.971769 -0.138678 -0.190878 70.6819
0.20153 -0.908574 -0.365895 122.819
-0.122685 -0.394033 0.910871 443.802
-0.971769 -0.138678 -0.190878 70.6819
0.201579 -0.908461 -0.366149 122.766
-0.12293 -0.394332 0.910709 443.661
-0.971727 -0.138569 -0.191167 70.9541
0.201579 -0.908461 -0.366149 122.766
-0.12293 -0.394332 0.910709 443.661
-0.971727 -0.138569 -0.191167 70.9541
0.201816 -0.907918 -0.367362 122.768
-0.123331 -0.395652 0.910082 443.664
-0.971627 -0.138362 -0.191824 70.4519
0.201816 -0.907918 -0.367362 122.768
-0.123331 -0.395652 0.910082 443.664
-0.971627 -0.138362 -0.191824 70.4519
0.201816 -0.907918 -0.367362 122.768
-0.123331 -0.395652 0.910082 443.664
-0.971627 -0.138362 -0.191824 70.4519
0.201816 -0.907918 -0.367362 122.768
-0.123331 -0.395652 0.910082 443.664
-0.971627 -0.138362 -0.191824 70.4519
0.201645 -0.908183 -0.366801 122.839
-0.123841 -0.395128 0.91024 443.52
-0.971598 -0.138121 -0.192146 70.5044
0.201645 -0.908183 -0.366801 122.839
-0.123841 -0.395128 0.91024 443.52
-0.971598 -0.138121 -0.192146 70.5044
0.1996 -0.908794 -0.366405 122.962
-0.12413 -0.394368 0.91053 443.437
-0.971983 -0.13626 -0.191524 70.6312
0.1996 -0.908794 -0.366405 122.962
-0.12413 -0.394368 0.91053 443.437
-0.971983 -0.13626 -0.191524 70.6312
0.200808 -0.90855 -0.366351 122.896
-0.125391 -0.394731 0.9102 443.38
-0.971573 -0.136838 -0.193189 70.2951
0.200808 -0.90855 -0.366351 122.896
-0.125391 -0.394731 0.9102 443.38
-0.971573 -0.136838 -0.193189 70.2951
0.200343 -0.908993 -0.365505 123.074
-0.127 -0.394016 0.910287 443.2
-0.97146 -0.13595 -0.194381 70.2694
0.200343 -0.908993 -0.365505 123.074
-0.127 -0.394016 0.910287 443.2
-0.97146 -0.13595 -0.194381 70.2694
0.199008 -0.909232 -0.365641 122.985
-0.128452 -0.394086 0.910053 443.226
-0.971543 -0.134141 -0.195219 70.0245
0.199008 -0.909232 -0.365641 122.985
-0.128452 -0.394086 0.910053 443.226
-0.971543 -0.134141 -0.195219 70.0245
0.199599 -0.909404 -0.364891 123.063
-0.129781 -0.393638 0.910058 443.179
-0.971245 -0.134291 -0.196593 69.8998
0.199599 -0.909404 -0.364891 123.063
-0.129781 -0.393638 0.910058 443.179
-0.971245 -0.134291 -0.196593 69.8998
0.198191 -0.909338 -0.365822 123.026
-0.127429 -0.393962 0.91025 443.149
-0.971845 -0.133787 -0.193956 70.3881
0.198191 -0.909338 -0.365822 123.026
-0.127429 -0.393962 0.91025 443.149
-0.971845 -0.133787 -0.193956 70.3881
0.200155 -0.909481 -0.364392 123.082
-0.130776 -0.39339 0.910023 443.127
-0.970997 -0.134492 -0.197678 69.9101
0.200155 -0.909481 -0.364392 123.082
-0.130776 -0.39339 0.910023 443.127
-0.970997 -0.134492 -0.197678 69.9101
0.200081 -0.909116 -0.365343 123.114
-0.130541 -0.394294 0.909665 443.156
-0.971044 -0.134314 -0.197568 69.8277
0.200081 -0.909116 -0.365343 123.114
-0.130541 -0.394294 0.909665 443.156
-0.971044 -0.134314 -0.197568 69.8277
0.199644 -0.909326 -0.36506 123.131
-0.134433 -0.394456 0.909028 442.931
-0.970603 -0.132406 -0.200994 69.6058
0.199644 -0.909326 -0.36506 123.131
-0.134433 -0.394456 0.909028 442.931
-0.970603 -0.132406 -0.200994 69.6058
0.200492 -0.909134 -0.365072 123.086
-0.132534 -0.394382 0.909339 442.959
-0.970689 -0.133931 -0.199562 69.9351
0.200492 -0.909134 -0.365072 123.086
-0.132534 -0.394382 0.909339 442.959
-0.970689 -0.133931 -0.199562 69.9351
0.200119 -0.908994 -0.365627 123.207
-0.132395 -0.394841 0.90916 442.967
-0.970785 -0.133533 -0.199361 69.6888
0.200119 -0.908994 -0.365627 123.207
-0.132395 -0.394841 0.90916 442.967
-0.970785 -0.133533 -0.199361 69.6888
0.198415 -0.909196 -0.366051 123.186
-0.132102 -0.394877 0.909187 442.968
-0.971175 -0.13204 -0.198456 69.6972
0.198415 -0.909196 -0.366051 123.186
-0.132102 -0.394877 0.909187 442.968
-0.971175 -0.13204 -0.198456 69.6972
0.199946 -0.90923 -0.365133 123.241
-0.133528 -0.394468 0.909156 442.812
-0.970666 -0.133027 -0.20028 69.6527
0.199946 -0.90923 -0.365133 123.241
-0.133528 -0.394468 0.909156 442.812
-0.970666 -0.133027 -0.20028 69.6527
0.197885 -0.909599 -0.365336 123.184
-0.132984 -0.394173 0.909364 442.805
-0.971163 -0.131365 -0.198963 69.7215
0.197885 -0.909599 -0.365336 123.184
-0.132984 -0.394173 0.909364 442.805
-0.971163 -0.131365 -0.198963 69.7215
0.198565 -0.909301 -0.365709 123.264
-0.133141 -0.394706 0.90911 442.842
-0.971002 -0.131827 -0.19944 69.4788
0.198565 -0.909301 -0.365709 123.264
-0.133141 -0.394706 0.90911 442.842
-0.971002 -0.131827 -0.19944 69.4788
0.198448 -0.909304 -0.365766 123.312
-0.133066 -0.394729 0.909111 442.809
-0.971036 -0.131741 -0.199331 69.4519
0.198448 -0.909304 -0.365766 123.312
-0.133066 -0.394729 0.909111 442.809
-0.971036 -0.131741 -0.199331 69.4519
0.198827 -0.909212 -0.365788 123.382
-0.133031 -0.394824 0.909075 442.722
-0.970964 -0.132088 -0.199455 69.4209
0.198827 -0.909212 -0.365788 123.382
-0.133031 -0.394824 0.909075 442.722
-0.970964 -0.132088 -0.199455 69.4209
0.197086 -0.909673 -0.365584 123.372
-0.133442 -0.394319 0.909234 442.556
-0.971262 -0.130413 -0.199103 69.4827
0.197086 -0.909673 -0.365584 123.372
-0.133442 -0.394319 0.909234 442.556
-0.971262 -0.130413 -0.199103 69.4827
0.195319 -0.909304 -0.367446 123.293
-0.130758 -0.395462 0.909127 442.747
-0.971984 -0.129523 -0.19614 69.4329
0.195319 -0.909304 -0.367446 123.293
-0.130758 -0.395462 0.909127 442.747
-0.971984 -0.129523 -0.19614 69.4329
0.1966 -0.908747 -0.368141 123.215
-0.13108 -0.396458 0.908647 442.453
-0.971682 -0.130384 -0.197062 69.6335
0.1966 -0.908747 -0.368141 123.215
-0.13108 -0.396458 0.908647 442.453
-0.971682 -0.130384 -0.197062 69.6335
0.196662 -0.908641 -0.368368 123.081
-0.131653 -0.396775 0.908426 442.526
-0.971592 -0.130156 -0.197656 69.3662
0.196662 -0.908641 -0.368368 123.081
-0.131653 -0.396775 0.908426 442.526
-0.971592 -0.130156 -0.197656 69.3662
0.198218 -0.908646 -0.367521 123.133
-0.132495 -0.396359 0.908485 442.409
-0.971161 -0.131383 -0.198957 69.3056
0.198218 -0.908646 -0.367521 123.133
-0.132495 -0.396359 0.908485 442.409
-0.971161 -0.131383 -0.198957 69.3056
0.198198 -0.908569 -0.367721 122.899
-0.132784 -0.396594 0.90834 442.339
-0.971126 -0.131204 -0.199248 69.2648
0.198198 -0.908569 -0.367721 122.899
-0.132784 -0.396594 0.90834 442.339
-0.971126 -0.131204 -0.199248 69.2648
0.198888 -0.908478 -0.367576 122.822
-0.133785 -0.396726 0.908135 442.229
-0.970848 -0.131441 -0.200445 69.3071
0.198888 -0.908478 -0.367576 122.822
-0.133785 -0.396726 0.908135 442.229
-0.970848 -0.131441 -0.200445 69.3071
0.198605 -0.908104 -0.368651 122.793
-0.132255 -0.397535 0.908006 442.266
-0.971115 -0.131578 -0.199053 69.2085
0.198605 -0.908104 -0.368651 122.793
-0.132255 -0.397535 0.908006 442.266
-0.971115 -0.131578 -0.199053 69.2085
0.198661 -0.908135 -0.368544 122.761
-0.132665 -0.397495 0.907963 442.172
-0.971048 -0.131484 -0.199445 69.3023
0.198661 -0.908135 -0.368544 122.761
-0.132665 -0.397495 0.907963 442.172
-0.971048 -0.131484 -0.199445 69.3023
0.198736 -0.907722 -0.369519 122.605
-0.133462 -0.398593 0.907365 442.09
-0.970923 -0.131009 -0.200361 69.1042
0.198736 -0.907722 -0.369519 122.605
-0.133462 -0.398593 0.907365 442.09
-0.970923 -0.131009 -0.200361 69.1042
0.198821 -0.907601 -0.369772 122.659
-0.132786 -0.398773 0.907385 442.041
-0.970998 -0.131307 -0.199801 69.0309
0.198821 -0.907601 -0.369772 122.659
-0.132786 -0.398773 0.907385 442.041
-0.970998 -0.131307 -0.199801 69.0309
0.199784 -0.907658 -0.369112 122.66
-0.133321 -0.398384 0.907478 442.004
-0.970727 -0.132089 -0.200601 69.071
0.199784 -0.907658 -0.369112 122.66
-0.133321 -0.398384 0.907478 442.004
-0.970727 -0.132089 -0.200601 69.071
0.198378 -0.908001 -0.369026 122.569
-0.13238 -0.397881 0.907836 442.01
-0.971145 -0.131243 -0.199132 69.402
0.198378 -0.908001 -0.369026 122.569
-0.13238 -0.397881 0.907836 442.01
-0.971145 -0.131243 -0.199132 69.402
0.199798 -0.907956 -0.368371 122.72
-0.133771 -0.397707 0.907708 441.957
-0.970663 -0.132081 -0.200919 69.1307
0.199798 -0.907956 -0.368371 122.72
-0.133771 -0.397707 0.907708 441.957
-0.970663 -0.132081 -0.200919 69.1307
0.199102 -0.907848 -0.369012 122.667
-0.132693 -0.398058 0.907713 442.139
-0.970954 -0.131762 -0.19972 69.0294
0.199102 -0.907848 -0.369012 122.667
-0.132693 -0.398058 0.907713 442.139
-0.970954 -0.131762 -0.19972 69.0294
0.200352 -0.90753 -0.369118 122.745
-0.131229 -0.398221 0.907854 442.096
-0.970895 -0.133452 -0.198879 69.2339
0.200352 -0.90753 -0.369118 122.745
-0.131229 -0.398221 0.907854 442.096
-0.970895 -0.133452 -0.198879 69.2339
0.198577 -0.906965 -0.371458 122.953
-0.130774 -0.400136 0.907077 441.946
-0.971321 -0.131548 -0.198066 68.8633
0.198577 -0.906965 -0.371458 122.953
-0.130774 -0.400136 0.907077 441.946
-0.971321 -0.131548 -0.198066 68.8633
0.198882 -0.906527 -0.372363 122.99
-0.12788 -0.40071 0.907237 441.973
-0.971644 -0.132815 -0.195621 69.0246
0.198882 -0.906527 -0.372363 122.99
-0.12788 -0.40071 0.907237 441.973
-0.971644 -0.132815 -0.195621 69.0246
0.197489 -0.906774 -0.372504 123.055
-0.129488 -0.400788 0.906974 441.945
-0.971715 -0.130882 -0.196568 68.6705
0.197489 -0.906774 -0.372504 123.055
-0.129488 -0.400788 0.906974 441.945
-0.971715 -0.130882 -0.196568 68.6705
0.197053 -0.907564 -0.370808 123.44
-0.130528 -0.399143 0.90755 441.868
-0.971665 -0.130434 -0.197115 68.5149
0.197053 -0.907564 -0.370808 123.44
-0.130528 -0.399143 0.90755 441.868
-0.971665 -0.130434 -0.197115 68.5149
0.197053 -0.907564 -0.370808 123.44
-0.130528 -0.399143 0.90755 441.868
-0.971665 -0.130434 -0.197115 68.5149
0.195742 -0.908081 -0.370235 123.448
-0.131465 -0.398429 0.907728 441.794
-0.971803 -0.129008 -0.197371 68.585
0.195742 -0.908081 -0.370235 123.448
-0.131465 -0.398429 0.907728 441.794
-0.971803 -0.129008 -0.197371 68.585
0.197206 -0.908018 -0.369612 123.473
-0.13218 -0.3982 0.907725 441.758
-0.97141 -0.130153 -0.198549 68.5062
0.197206 -0.908018 -0.369612 123.473
-0.13218 -0.3982 0.907725 441.758
-0.97141 -0.130153 -0.198549 68.5062
0.194828 -0.908168 -0.370504 123.591
-0.131307 -0.398491 0.907724 441.649
-0.972009 -0.1282 -0.196886 68.6307
0.194828 -0.908168 -0.370504 123.591
-0.131307 -0.398491 0.907724 441.649
-0.972009 -0.1282 -0.196886 68.6307
0.193899 -0.907814 -0.371856 123.651
-0.131326 -0.399657 0.907209 441.605
-0.972192 -0.127072 -0.196713 68.3976
0.193899 -0.907814 -0.371856 123.651
-0.131326 -0.399657 0.907209 441.605
-0.972192 -0.127072 -0.196713 68.3976
0.194766 -0.907741 -0.371582 123.799
-0.129027 -0.399256 0.907715 441.609
-0.972326 -0.128848 -0.194884 68.6469
0.194766 -0.907741 -0.371582 123.799
-0.129027 -0.399256 0.907715 441.609
-0.972326 -0.128848 -0.194884 68.6469
0.192825 -0.908133 -0.371636 123.996
-0.128105 -0.398801 0.908045 441.65
-0.972835 -0.127486 -0.193235 68.4407
0.192825 -0.908133 -0.371636 123.996
-0.128105 -0.398801 0.908045 441.65
-0.972835 -0.127486 -0.193235 68.4407
0.193428 -0.908287 -0.370946 124.002
-0.130009 -0.398481 0.907916 441.501
-0.972462 -0.12739 -0.195163 68.373
0.193428 -0.908287 -0.370946 124.002
-0.130009 -0.398481 0.907916 441.501
-0.972462 -0.12739 -0.195163 68.373
0.192947 -0.908104 -0.371643 124.048
-0.129513 -0.399017 0.907751 441.522
-0.972624 -0.127015 -0.1946 68.2729
0.192947 -0.908104 -0.371643 124.048
-0.129513 -0.399017 0.907751 441.522
-0.972624 -0.127015 -0.1946 68.2729
0.192506 -0.908514 -0.370868 124.24
-0.130887 -0.398332 0.907855 441.429
-0.972528 -0.126226 -0.195594 68.1427
0.192506 -0.908514 -0.370868 124.24
-0.130887 -0.398332 0.907855 441.429
-0.972528 -0.126226 -0.195594 68.1427
0.191819 -0.908625 -0.370952 124.284
-0.131121 -0.398309 0.907831 441.324
-0.972632 -0.1255 -0.195543 68.1416
0.191819 -0.908625 -0.370952 124.284
-0.131121 -0.398309 0.907831 441.324
-0.972632 -0.1255 -0.195543 68.1416
0.191786 -0.908904 -0.370287 124.506
-0.130571 -0.397566 0.908236 441.345
-0.972712 -0.125838 -0.194924 68.036
0.191786 -0.908904 -0.370287 124.506
-0.130571 -0.397566 0.908236 441.345
-0.972712 -0.125838 -0.194924 68.036
0.192869 -0.909336 -0.368659 124.498
-0.132906 -0.39646 0.908381 441.211
-0.972182 -0.126201 -0.197321 67.9001
0.192869 -0.909336 -0.368659 124.498
-0.132906 -0.39646 0.908381 441.211
-0.972182 -0.126201 -0.197321 67.9001
0.192869 -0.909336 -0.368659 124.498
-0.132906 -0.39646 0.908381 441.211
-0.972182 -0.126201 -0.197321 67.9001
0.191308 -0.909257 -0.369666 124.537
-0.132685 -0.397122 0.908124 441.213
-0.97252 -0.124683 -0.196617 67.823
0.191308 -0.909257 -0.369666 124.537
-0.132685 -0.397122 0.908124 441.213
-0.97252 -0.124683 -0.196617 67.823
0.190757 -0.909012 -0.370553 124.583
-0.131755 -0.397778 0.907972 441.185
-0.972755 -0.12438 -0.195646 67.7761
0.190757 -0.909012 -0.370553 124.583
-0.131755 -0.397778 0.907972 441.185
-0.972755 -0.12438 -0.195646 67.7761
0.19105 -0.90883 -0.370847 124.688
-0.132786 -0.398262 0.90761 441.058
-0.972557 -0.124156 -0.196768 67.6578
0.19105 -0.90883 -0.370847 124.688
-0.132786 -0.398262 0.90761 441.058
-0.972557 -0.124156 -0.196768 67.6578
0.191801 -0.908771 -0.370606 124.546
-0.132916 -0.39819 0.907622 441.019
-0.972392 -0.124823 -0.197163 67.7695
0.191801 -0.908771 -0.370606 124.546
-0.132916 -0.39819 0.907622 441.019
-0.972392 -0.124823 -0.197163 67.7695
0.190923 -0.908534 -0.371637 124.708
-0.132686 -0.399013 0.907294 441.011
-0.972596 -0.123912 -0.196731 67.556
0.190923 -0.908534 -0.371637 124.708
-0.132686 -0.399013 0.907294 441.011
-0.972596 -0.123912 -0.196731 67.556
0.190936 -0.908159 -0.372547 124.627
-0.131554 -0.39978 0.907122 440.933
-0.972747 -0.124192 -0.195804 67.6555
0.190936 -0.908159 -0.372547 124.627
-0.131554 -0.39978 0.907122 440.933
-0.972747 -0.124192 -0.195804 67.6555
0.190431 -0.90861 -0.371705 124.79
-0.134607 -0.399224 0.906918 440.828
-0.972428 -0.122671 -0.19833 67.1591
0.190431 -0.90861 -0.371705 124.79
-0.134607 -0.399224 0.906918 440.828
-0.972428 -0.122671 -0.19833 67.1591
0.191559 -0.908537 -0.371302 124.726
-0.135134 -0.39912 0.906886 440.72
-0.972134 -0.123547 -0.199229 67.3411
0.191559 -0.908537 -0.371302 124.726
-0.135134 -0.39912 0.906886 440.72
-0.972134 -0.123547 -0.199229 67.3411
0.191392 -0.908071 -0.372527 124.799
-0.13598 -0.400415 0.906188 440.564
-0.972049 -0.122781 -0.200116 67.0569
0.191392 -0.908071 -0.372527 124.799
-0.13598 -0.400415 0.906188 440.564
-0.972049 -0.122781 -0.200116 67.0569
0.191109 -0.907725 -0.373513 124.881
-0.135766 -0.401314 0.905823 440.574
-0.972134 -0.1224 -0.199933 66.8444
0.191109 -0.907725 -0.373513 124.881
-0.135766 -0.401314 0.905823 440.574
-0.972134 -0.1224 -0.199933 66.8444
0.192515 -0.907313 -0.373792 124.795
-0.135566 -0.401856 0.905612 440.529
-0.971885 -0.12367 -0.200364 67.0454
0.192515 -0.907313 -0.373792 124.795
-0.135566 -0.401856 0.905612 440.529
-0.971885 -0.12367 -0.200364 67.0454
0.190816 -0.906571 -0.376455 124.778
-0.135892 -0.404205 0.904517 440.405
-0.972174 -0.121439 -0.200324 66.791
0.190816 -0.906571 -0.376455 124.778
-0.135892 -0.404205 0.904517 440.405
-0.972174 -0.121439 -0.200324 66.791
0.190135 -0.90694 -0.375911 124.845
-0.136635 -0.403615 0.904669 440.304
-0.972204 -0.120646 -0.200661 66.8288
0.18846 -0.907276 -0.375943 124.951
-0.139049 -0.403597 0.904309 440.195
-0.972187 -0.118151 -0.202217 66.5194
0.18846 -0.907276 -0.375943 124.951
-0.139049 -0.403597 0.904309 440.195
-0.972187 -0.118151 -0.202217 66.5194
0.18846 -0.907276 -0.375943 124.951
-0.139049 -0.403597 0.904309 440.195
-0.972187 -0.118151 -0.202217 66.5194
0.189004 -0.907244 -0.375747 124.933
-0.138921 -0.403498 0.904373 440.169
-0.9721 -0.118731 -0.202298 66.5811
0.189004 -0.907244 -0.375747 124.933
-0.138921 -0.403498 0.904373 440.169
-0.9721 -0.118731 -0.202298 66.5811
0.189046 -0.906729 -0.376967 124.94
-0.139069 -0.404742 0.903794 440.114
-0.972071 -0.118434 -0.202613 66.4037
0.189046 -0.906729 -0.376967 124.94
-0.139069 -0.404742 0.903794 440.114
-0.972071 -0.118434 -0.202613 66.4037
0.187956 -0.907151 -0.376497 124.907
-0.141495 -0.40434 0.903598 439.961
-0.971932 -0.116564 -0.204355 66.4049
0.187956 -0.907151 -0.376497 124.907
-0.141495 -0.40434 0.903598 439.961
-0.971932 -0.116564 -0.204355 66.4049
0.189011 -0.906876 -0.376631 124.966
-0.143101 -0.404888 0.903099 439.899
-0.971492 -0.1168 -0.206303 65.9938
0.189011 -0.906876 -0.376631 124.966
-0.143101 -0.404888 0.903099 439.899
-0.971492 -0.1168 -0.206303 65.9938
0.18754 -0.90736 -0.3762 125.016
-0.144314 -0.404292 0.903173 439.758
-0.971598 -0.11509 -0.206766 66.1002
0.18754 -0.90736 -0.3762 125.016
-0.144314 -0.404292 0.903173 439.758
-0.971598 -0.11509 -0.206766 66.1002
0.189019 -0.907048 -0.376212 124.985
-0.143616 -0.404534 0.903176 439.746
-0.971415 -0.116688 -0.206731 66.103
0.189019 -0.907048 -0.376212 124.985
-0.143616 -0.404534 0.903176 439.746
-0.971415 -0.116688 -0.206731 66.103
0.188616 -0.907039 -0.376436 125.052
-0.142806 -0.404575 0.903286 439.734
-0.971612 -0.116617 -0.20584 66.1639
0.188616 -0.907039 -0.376436 125.052
-0.142806 -0.404575 0.903286 439.734
-0.971612 -0.116617 -0.20584 66.1639
0.189265 -0.906703 -0.376919 125.009
-0.14337 -0.40526 0.902889 439.743
-0.971403 -0.116847 -0.206696 65.9737
0.189265 -0.906703 -0.376919 125.009
-0.14337 -0.40526 0.902889 439.743
-0.971403 -0.116847 -0.206696 65.9737
0.188264 -0.906909 -0.376924 125.076
-0.145343 -0.405289 0.902561 439.584
-0.971304 -0.115136 -0.208114 65.8203
0.188264 -0.906909 -0.376924 125.076
-0.145343 -0.405289 0.902561 439.584
-0.971304 -0.115136 -0.208114 65.8203
0.189326 -0.906747 -0.376782 125.032
-0.146451 -0.405506 0.902284 439.524
-0.970931 -0.115646 -0.209567 65.5816
0.189326 -0.906747 -0.376782 125.032
-0.146451 -0.405506 0.902284 439.524
-0.970931 -0.115646 -0.209567 65.5816
0.187727 -0.907013 -0.376943 125.03
-0.145943 -0.405263 0.902476 439.455
-0.971318 -0.114407 -0.208451 65.8441
0.187727 -0.907013 -0.376943 125.03
-0.145943 -0.405263 0.902476 439.455
-0.971318 -0.114407 -0.208451 65.8441
0.18747 -0.90682 -0.377536 125.14
-0.144777 -0.405661 0.902485 439.474
-0.971542 -0.11453 -0.207336 65.7982
0.18747 -0.90682 -0.377536 125.14
-0.144777 -0.405661 0.902485 439.474
-0.971542 -0.11453 -0.207336 65.7982
0.187899 -0.906807 -0.377353 125.145
-0.147571 -0.4059 0.901925 439.329
-0.971039 -0.113784 -0.210087 65.3549
0.187899 -0.906807 -0.377353 125.145
-0.147571 -0.4059 0.901925 439.329
-0.971039 -0.113784 -0.210087 65.3549
0.18813 -0.906782 -0.377298 125.209
-0.147874 -0.40593 0.901862 439.167
-0.970948 -0.113874 -0.210457 65.4102
0.18813 -0.906782 -0.377298 125.209
-0.147874 -0.40593 0.901862 439.167
-0.970948 -0.113874 -0.210457 65.4102
0.186577 -0.9068 -0.378024 125.184
-0.147706 -0.406299 0.901723 439.193
-0.971273 -0.112404 -0.209746 65.3935
0.186577 -0.9068 -0.378024 125.184
-0.147706 -0.406299 0.901723 439.193
-0.971273 -0.112404 -0.209746 65.3935
0.186838 -0.906658 -0.378237 125.176
-0.147217 -0.406509 0.901708 439.173
-0.971298 -0.11279 -0.209426 65.3912
0.186838 -0.906658 -0.378237 125.176
-0.147217 -0.406509 0.901708 439.173
-0.971298 -0.11279 -0.209426 65.3912
0.184894 -0.906938 -0.378519 125.286
-0.148714 -0.406545 0.901446 438.986
-0.971441 -0.110381 -0.210042 65.1175
0.184894 -0.906938 -0.378519 125.286
-0.148714 -0.406545 0.901446 438.986
-0.971441 -0.110381 -0.210042 65.1175
0.184416 -0.907154 -0.378235 125.379
-0.148666 -0.406154 0.90163 438.917
-0.97154 -0.110044 -0.209764 65.1254
0.184416 -0.907154 -0.378235 125.379
-0.148666 -0.406154 0.90163 438.917
-0.97154 -0.110044 -0.209764 65.1254
0.182176 -0.907394 -0.378745 125.323
-0.149272 -0.406249 0.901488 438.869
-0.971869 -0.107694 -0.209457 65.1191
0.182176 -0.907394 -0.378745 125.323
-0.149272 -0.406249 0.901488 438.869
-0.971869 -0.107694 -0.209457 65.1191
0.183724 -0.90758 -0.37755 125.515
-0.150702 -0.405553 0.901563 438.717
-0.971357 -0.108741 -0.211284 64.9815
0.183724 -0.90758 -0.37755 125.515
-0.150702 -0.405553 0.901563 438.717
-0.971357 -0.108741 -0.211284 64.9815
0.183825 -0.907447 -0.377821 125.396
-0.150138 -0.405782 0.901554 438.828
-0.971425 -0.109003 -0.210835 64.8447
0.183825 -0.907447 -0.377821 125.396
-0.150138 -0.405782 0.901554 438.828
-0.971425 -0.109003 -0.210835 64.8447
0.183511 -0.907718 -0.377322 125.497
-0.149223 -0.405116 0.902005 438.743
-0.971626 -0.109223 -0.209795 65.1092
0.183511 -0.907718 -0.377322 125.497
-0.149223 -0.405116 0.902005 438.743
-0.971626 -0.109223 -0.209795 65.1092
0.18299 -0.907831 -0.377303 125.639
-0.151398 -0.405227 0.901593 438.561
-0.971387 -0.10786 -0.211596 64.7354
0.18299 -0.907831 -0.377303 125.639
-0.151398 -0.405227 0.901593 438.561
-0.971387 -0.10786 -0.211596 64.7354
0.181647 -0.907672 -0.378332 125.558
-0.150301 -0.405839 0.901501 438.574
-0.97181 -0.106891 -0.210143 64.7806
0.181647 -0.907672 -0.378332 125.558
-0.150301 -0.405839 0.901501 438.574
-0.97181 -0.106891 -0.210143 64.7806
0.181094 -0.907364 -0.379335 125.531
-0.149203 -0.406595 0.901343 438.509
-0.972082 -0.10663 -0.209014 64.9817
0.181094 -0.907364 -0.379335 125.531
-0.149203 -0.406595 0.901343 438.509
-0.972082 -0.10663 -0.209014 64.9817
0.180672 -0.907552 -0.379088 125.663
-0.150833 -0.406438 0.901142 438.374
-0.971909 -0.105632 -0.21032 64.6548
0.180672 -0.907552 -0.379088 125.663
-0.150833 -0.406438 0.901142 438.374
-0.971909 -0.105632 -0.21032 64.6548
0.180955 -0.9074 -0.379315 125.656
-0.151664 -0.406814 0.900833 438.403
-0.971727 -0.105482 -0.211235 64.2754
0.180955 -0.9074 -0.379315 125.656
-0.151664 -0.406814 0.900833 438.403
-0.971727 -0.105482 -0.211235 64.2754
0.180338 -0.908174 -0.377754 125.735
-0.151916 -0.405159 0.901536 438.335
-0.971802 -0.105195 -0.211032 64.4596
0.180338 -0.908174 -0.377754 125.735
-0.151916 -0.405159 0.901536 438.335
-0.971802 -0.105195 -0.211032 64.4596
0.179939 -0.908192 -0.377902 125.718
-0.151367 -0.405161 0.901628 438.242
-0.971962 -0.105036 -0.210375 64.6922
0.179939 -0.908192 -0.377902 125.718
-0.151367 -0.405161 0.901628 438.242
-0.971962 -0.105036 -0.210375 64.6922
0.180241 -0.908104 -0.377968 125.648
-0.151954 -0.405355 0.901442 438.291
-0.971814 -0.105043 -0.211052 64.4701
0.180241 -0.908104 -0.377968 125.648
-0.151954 -0.405355 0.901442 438.291
-0.971814 -0.105043 -0.211052 64.4701
0.17883 -0.908269 -0.378242 125.792
-0.151264 -0.40525 0.901605 438.148
-0.972183 -0.10402 -0.209859 64.7179
0.17883 -0.908269 -0.378242 125.792
-0.151264 -0.40525 0.901605 438.148
-0.972183 -0.10402 -0.209859 64.7179
0.179283 -0.907811 -0.379126 125.742
-0.150885 -0.406183 0.901248 438.214
-0.972158 -0.104374 -0.209797 64.3984
0.179283 -0.907811 -0.379126 125.742
-0.150885 -0.406183 0.901248 438.214
-0.972158 -0.104374 -0.209797 64.3984
0.178344 -0.907997 -0.379123 125.849
-0.151137 -0.406007 0.901286 438.066
-0.972292 -0.10344 -0.209641 64.4305
0.178344 -0.907997 -0.379123 125.849
-0.151137 -0.406007 0.901286 438.066
-0.972292 -0.10344 -0.209641 64.4305
0.174533 -0.90828 -0.380217 125.757
-0.151228 -0.406289 0.901143 438.026
-0.972969 -0.0997802 -0.208268 64.3585
0.174533 -0.90828 -0.380217 125.757
-0.151228 -0.406289 0.901143 438.026
-0.972969 -0.0997802 -0.208268 64.3585
0.17617 -0.908295 -0.379425 125.883
-0.152723 -0.406007 0.901018 437.871
-0.97244 -0.100785 -0.210244 64.2555
0.17617 -0.908295 -0.379425 125.883
-0.152723 -0.406007 0.901018 437.871
-0.97244 -0.100785 -0.210244 64.2555
0.175286 -0.90823 -0.379991 126.013
-0.151303 -0.406232 0.901156 437.898
-0.972822 -0.100467 -0.208625 64.3173
0.175286 -0.90823 -0.379991 126.013
-0.151303 -0.406232 0.901156 437.898
-0.972822 -0.100467 -0.208625 64.3173
0.174076 -0.908654 -0.379534 126.133
-0.152613 -0.405655 0.901195 437.828
-0.972834 -0.0989547 -0.209288 64.0607
0.174076 -0.908654 -0.379534 126.133
-0.152613 -0.405655 0.901195 437.828
-0.972834 -0.0989547 -0.209288 64.0607
0.174076 -0.908654 -0.379534 126.133
-0.152613 -0.405655 0.901195 437.828
-0.972834 -0.0989547 -0.209288 64.0607
0.173883 -0.908711 -0.379484 126.111
-0.151493 -0.405451 0.901476 437.783
-0.973044 -0.0992628 -0.208164 64.2911
0.173883 -0.908711 -0.379484 126.111
-0.151493 -0.405451 0.901476 437.783
-0.973044 -0.0992628 -0.208164 64.2911
0.174415 -0.908624 -0.37945 126.254
-0.152756 -0.405659 0.901169 437.679
-0.972751 -0.0992139 -0.209551 64.0133
0.174415 -0.908624 -0.37945 126.254
-0.152756 -0.405659 0.901169 437.679
-0.972751 -0.0992139 -0.209551 64.0133
0.175003 -0.908871 -0.378586 126.226
-0.153401 -0.404994 0.901359 437.594
-0.972544 -0.0996646 -0.210297 63.9679
0.175003 -0.908871 -0.378586 126.226
-0.153401 -0.404994 0.901359 437.594
-0.972544 -0.0996646 -0.210297 63.9679
0.173359 -0.90888 -0.379321 126.287
-0.153077 -0.405338 0.901259 437.685
-0.972889 -0.0981759 -0.209398 63.7317
0.173359 -0.90888 -0.379321 126.287
-0.153077 -0.405338 0.901259 437.685
-0.972889 -0.0981759 -0.209398 63.7317
0.173328 -0.909061 -0.378901 126.296
-0.1547 -0.405078 0.901099 437.495
-0.972638 -0.0975694 -0.210843 63.7329
0.173328 -0.909061 -0.378901 126.296
-0.1547 -0.405078 0.901099 437.495
-0.972638 -0.0975694 -0.210843 63.7329
0.172945 -0.908817 -0.379659 126.294
-0.153922 -0.40567 0.900966 437.486
-0.97283 -0.0973795 -0.210045 63.8345
0.172945 -0.908817 -0.379659 126.294
-0.153922 -0.40567 0.900966 437.486
-0.97283 -0.0973795 -0.210045 63.8345
0.17275 -0.909043 -0.379207 126.331
-0.155678 -0.405355 0.900806 437.398
-0.972585 -0.0965803 -0.211544 63.5812
0.17275 -0.909043 -0.379207 126.331
-0.155678 -0.405355 0.900806 437.398
-0.972585 -0.0965803 -0.211544 63.5812
0.172023 -0.908615 -0.380562 126.344
-0.154018 -0.406378 0.900631 437.413
-0.972978 -0.0963154 -0.209849 63.7137
0.172023 -0.908615 -0.380562 126.344
-0.154018 -0.406378 0.900631 437.413
-0.972978 -0.0963154 -0.209849 63.7137
0.170503 -0.907929 -0.382875 126.178
-0.152092 -0.408157 0.900153 437.375
-0.973549 -0.0952462 -0.207681 63.7844
0.170503 -0.907929 -0.382875 126.178
-0.152092 -0.408157 0.900153 437.375
-0.973549 -0.0952462 -0.207681 63.7844
0.170669 -0.908075 -0.382455 126.297
-0.154226 -0.407985 0.899868 437.273
-0.973184 -0.0945954 -0.209679 63.3868
0.170669 -0.908075 -0.382455 126.297
-0.154226 -0.407985 0.899868 437.273
-0.973184 -0.0945954 -0.209679 63.3868
0.170996 -0.907936 -0.38264 126.219
-0.153541 -0.408171 0.899901 437.254
-0.973234 -0.095129 -0.209201 63.5426
0.170996 -0.907936 -0.38264 126.219
-0.153541 -0.408171 0.899901 437.254
-0.973234 -0.095129 -0.209201 63.5426
0.171037 -0.908198 -0.381999 126.232
-0.154373 -0.407626 0.900006 437.075
-0.973096 -0.0949641 -0.20992 63.5327
0.171037 -0.908198 -0.381999 126.232
-0.154373 -0.407626 0.900006 437.075
-0.973096 -0.0949641 -0.20992 63.5327
0.171037 -0.908198 -0.381999 126.232
-0.154373 -0.407626 0.900006 437.075
-0.973096 -0.0949641 -0.20992 63.5327
0.171037 -0.908198 -0.381999 126.232
-0.154373 -0.407626 0.900006 437.075
-0.973096 -0.0949641 -0.20992 63.5327
0.171827 -0.907918 -0.382308 126.308
-0.153831 -0.408048 0.899907 436.997
-0.973042 -0.0958177 -0.209779 63.4668
0.171827 -0.907918 -0.382308 126.308
-0.153831 -0.408048 0.899907 436.997
-0.973042 -0.0958177 -0.209779 63.4668
0.170664 -0.907585 -0.383619 126.267
-0.153629 -0.409079 0.899473 437.008
-0.973279 -0.0945725 -0.209247 63.2935
0.170664 -0.907585 -0.383619 126.267
-0.153629 -0.409079 0.899473 437.008
-0.973279 -0.0945725 -0.209247 63.2935
0.171305 -0.907472 -0.383599 126.331
-0.154117 -0.409244 0.899315 436.917
-0.973089 -0.094938 -0.209963 63.241
0.171305 -0.907472 -0.383599 126.331
-0.154117 -0.409244 0.899315 436.917
-0.973089 -0.094938 -0.209963 63.241
0.168721 -0.90802 -0.38345 126.382
-0.156785 -0.408797 0.899057 436.753
-0.973114 -0.091571 -0.211336 62.9369
0.168721 -0.90802 -0.38345 126.382
-0.156785 -0.408797 0.899057 436.753
-0.973114 -0.091571 -0.211336 62.9369
0.168108 -0.908291 -0.383075 126.263
-0.157043 -0.408319 0.899229 436.651
-0.973179 -0.0910088 -0.211282 63.1237
0.168108 -0.908291 -0.383075 126.263
-0.157043 -0.408319 0.899229 436.651
-0.973179 -0.0910088 -0.211282 63.1237
0.169059 -0.908079 -0.38316 126.308
-0.156944 -0.408599 0.899119 436.597
-0.97303 -0.0918696 -0.211595 63.0543
0.169059 -0.908079 -0.38316 126.308
-0.156944 -0.408599 0.899119 436.597
-0.97303 -0.0918696 -0.211595 63.0543
0.170479 -0.908102 -0.382477 126.363
-0.156886 -0.408222 0.8993 436.511
-0.972792 -0.0933068 -0.212062 63.0524
0.170479 -0.908102 -0.382477 126.363
-0.156886 -0.408222 0.8993 436.511
-0.972792 -0.0933068 -0.212062 63.0524
0.168965 -0.908019 -0.383344 126.356
-0.157007 -0.408766 0.899032 436.597
-0.973036 -0.0917174 -0.211632 62.8486
0.168965 -0.908019 -0.383344 126.356
-0.157007 -0.408766 0.899032 436.597
-0.973036 -0.0917174 -0.211632 62.8486
0.1683 -0.907995 -0.383693 126.304
-0.156981 -0.408966 0.898946 436.495
-0.973156 -0.0910606 -0.211367 62.9516
0.1683 -0.907995 -0.383693 126.304
-0.156981 -0.408966 0.898946 436.495
-0.973156 -0.0910606 -0.211367 62.9516
0.168746 -0.907691 -0.384216 126.393
-0.156771 -0.40956 0.898712 436.439
-0.973112 -0.0914196 -0.211411 62.7656
0.168746 -0.907691 -0.384216 126.393
-0.156771 -0.40956 0.898712 436.439
-0.973112 -0.0914196 -0.211411 62.7656
0.169461 -0.90751 -0.384329 126.312
-0.157787 -0.409922 0.898369 436.352
-0.972824 -0.0915968 -0.212659 62.7501
0.169461 -0.90751 -0.384329 126.312
-0.157787 -0.409922 0.898369 436.352
-0.972824 -0.0915968 -0.212659 62.7501
0.168888 -0.907356 -0.384944 126.319
-0.15621 -0.410259 0.898491 436.472
-0.973178 -0.0916124 -0.211026 62.7521
0.168888 -0.907356 -0.384944 126.319
-0.15621 -0.410259 0.898491 436.472
-0.973178 -0.0916124 -0.211026 62.7521
0.168776 -0.907374 -0.384951 126.334
-0.157041 -0.410319 0.898318 436.345
