0.92155 -0.349228 -0.169661 105.115
0.369815 0.922614 0.109635 438.864
0.118244 -0.163777 0.979385 69.9614
0.921542 -0.347714 -0.172785 105.14
0.368641 0.923258 0.10816 438.76
0.121916 -0.163369 0.979003 70.4183
0.921528 -0.3466 -0.175083 105.159
0.367772 0.92373 0.107077 438.684
0.124617 -0.163066 0.978714 70.7545
0.921743 -0.347133 -0.172884 105.199
0.367991 0.923596 0.107484 438.647
0.122364 -0.162692 0.97906 70.6559
0.92161 -0.347381 -0.173093 105.181
0.368146 0.923652 0.106464 438.663
0.122894 -0.161842 0.979134 70.7359
0.921329 -0.348219 -0.172905 105.146
0.368728 0.923627 0.104659 438.64
0.123255 -0.16018 0.979362 70.9546
0.921113 -0.348835 -0.172814 105.19
0.369473 0.9232 0.10579 438.615
0.122639 -0.161294 0.979257 70.5653
0.921024 -0.349827 -0.171276 105.198
0.369971 0.923223 0.103829 438.575
0.121803 -0.158996 0.979737 70.8597
0.920773 -0.350509 -0.171235 105.28
0.370775 0.922785 0.104856 438.527
0.12126 -0.160038 0.979635 70.3707
0.920672 -0.350581 -0.171628 105.299
0.37073 0.922967 0.103396 438.48
0.122159 -0.158822 0.979721 70.6326
0.920864 -0.351209 -0.169297 105.236
0.371193 0.922585 0.105133 438.444
0.119267 -0.159655 0.979942 70.3238
0.920444 -0.351517 -0.170937 105.271
0.371656 0.922503 0.104211 438.363
0.121058 -0.15945 0.979755 70.3565
0.920209 -0.351645 -0.171934 105.263
0.371915 0.922429 0.103946 438.261
0.122045 -0.159597 0.979609 70.3661
0.920297 -0.351715 -0.171319 105.344
0.37197 0.922329 0.104632 438.225
0.121211 -0.160018 0.979644 70.0665
0.919842 -0.352377 -0.172398 105.394
0.372698 0.922137 0.103731 438.052
0.122422 -0.159669 0.97955 70.0083
0.920012 -0.352699 -0.170824 105.424
0.372736 0.922146 0.10351 438.085
0.121017 -0.158903 0.979849 69.9469
0.91949 -0.353633 -0.171702 105.376
0.373617 0.921968 0.101912 437.96
0.122264 -0.157858 0.979863 70.2178
0.91878 -0.355067 -0.172539 105.34
0.375009 0.921561 0.100465 437.925
0.123333 -0.157009 0.979866 70.22
0.918445 -0.355607 -0.173213 105.308
0.375849 0.921053 0.101976 437.892
0.123275 -0.158761 0.979591 69.8719
0.918042 -0.356627 -0.173253 105.394
0.376972 0.920511 0.102723 437.736
0.122848 -0.159615 0.979506 69.7487
0.917302 -0.357766 -0.174818 105.333
0.378289 0.920041 0.102083 437.701
0.124318 -0.159773 0.979294 69.7956
0.916777 -0.359 -0.175037 105.346
0.379511 0.919583 0.101675 437.567
0.12446 -0.159642 0.979298 69.9026
0.916102 -0.360411 -0.175671 105.347
0.38102 0.918969 0.101591 437.515
0.124821 -0.160001 0.979193 69.769
0.915699 -0.361338 -0.175868 105.278
0.382075 0.918449 0.102321 437.42
0.124553 -0.16089 0.979082 69.6329
0.915694 -0.360337 -0.177939 105.391
0.381648 0.918422 0.104142 437.325
0.125897 -0.163272 0.978515 69.3943
0.915547 -0.36047 -0.178424 105.417
0.382058 0.918078 0.105664 437.176
0.125718 -0.164909 0.978264 69.5105
0.915155 -0.361307 -0.178739 105.431
0.382941 0.91772 0.10558 437.162
0.125886 -0.165069 0.978215 69.278
0.914648 -0.362119 -0.17969 105.45
0.384042 0.917147 0.106551 437.083
0.126218 -0.166465 0.977936 69.1403
0.91373 -0.362738 -0.183079 105.544
0.385305 0.916563 0.107018 437.009
0.128983 -0.168327 0.977256 69.2322
0.913353 -0.362892 -0.184649 105.456
0.386256 0.915691 0.110978 436.955
0.128809 -0.172684 0.976519 69.1591
0.912588 -0.362744 -0.188677 105.444
0.387422 0.914652 0.115393 436.928
0.130715 -0.178404 0.975236 68.7817
0.912085 -0.362716 -0.191152 105.456
0.388074 0.914166 0.117046 436.763
0.13229 -0.180937 0.974557 68.9137
0.911215 -0.363814 -0.193203 105.429
0.389403 0.913743 0.115927 436.834
0.134362 -0.180868 0.974286 68.7601
0.910632 -0.364569 -0.194521 105.448
0.390331 0.913416 0.115381 436.761
0.135615 -0.180997 0.974089 68.6634
0.910146 -0.365342 -0.195344 105.464
0.391411 0.912816 0.116464 436.604
0.135764 -0.182459 0.973795 68.438
0.909546 -0.366578 -0.195824 105.501
0.39248 0.912593 0.114603 436.685
0.136697 -0.181094 0.973919 68.4279
0.909277 -0.366599 -0.197029 105.392
0.39312 0.911962 0.117397 436.474
0.136645 -0.184203 0.973343 68.4988
0.909197 -0.365547 -0.199339 105.45
0.392899 0.911695 0.120175 436.381
0.137807 -0.187582 0.972534 68.287
0.909108 -0.364712 -0.201264 105.408
0.392787 0.911417 0.12263 436.267
0.138711 -0.190538 0.971831 68.1864
0.908572 -0.3659 -0.201531 105.373
0.394039 0.910868 0.12269 436.234
0.138675 -0.190884 0.971768 68.025
0.908326 -0.36645 -0.201638 105.327
0.39466 0.910553 0.12303 436.084
0.138518 -0.19133 0.971702 68.1699
0.907918 -0.367362 -0.201816 105.336
0.395652 0.910082 0.123331 436.068
0.138362 -0.191824 0.971627 67.7953
0.908238 -0.366765 -0.201462 105.412
0.39506 0.910266 0.123867 435.927
0.137954 -0.192091 0.971633 67.867
0.908662 -0.366376 -0.200254 105.48
0.394564 0.910352 0.124813 435.83
0.136573 -0.192425 0.971761 67.8271
0.908941 -0.365604 -0.200398 105.602
0.3941 0.910277 0.126812 435.655
0.136054 -0.194241 0.971473 67.6601
0.909232 -0.365641 -0.199008 105.528
0.394086 0.910053 0.128452 435.659
0.134141 -0.195219 0.971543 67.449
0.90939 -0.365086 -0.199305 105.595
0.393706 0.910099 0.12929 435.614
0.134185 -0.196043 0.971371 67.4254
0.9094 -0.365202 -0.199045 105.59
0.393713 0.910153 0.128883 435.58
0.134093 -0.195573 0.971478 67.6059
0.909213 -0.365091 -0.200101 105.649
0.394054 0.90976 0.130604 435.583
0.134361 -0.197597 0.971032 67.2698
0.909323 -0.365064 -0.199649 105.672
0.394454 0.909036 0.134384 435.361
0.13243 -0.200951 0.970609 67.0659
0.909123 -0.365116 -0.200463 105.641
0.394418 0.909325 0.132523 435.387
0.133899 -0.199546 0.970697 67.3449
0.909156 -0.365968 -0.198752 105.734
0.39487 0.909182 0.13216 435.387
0.132336 -0.198635 0.971098 67.1547
0.909232 -0.365134 -0.199937 105.784
0.394466 0.909157 0.133526 435.238
0.133019 -0.200274 0.970668 67.0991
0.909465 -0.365504 -0.198191 105.759
0.394412 0.90925 0.133055 435.249
0.131573 -0.199178 0.971091 67.0861
0.909303 -0.365755 -0.198471 105.844
0.394725 0.909111 0.13308 435.237
0.131757 -0.199352 0.97103 66.9273
0.909212 -0.365788 -0.198827 105.925
0.394824 0.909075 0.133031 435.141
0.132088 -0.199455 0.970964 66.8848
0.909632 -0.365791 -0.196891 105.898
0.394445 0.909222 0.133144 435.004
0.130314 -0.198775 0.971343 66.9752
0.909062 -0.367748 -0.195875 105.805
0.395895 0.908919 0.130898 435.019
0.129897 -0.19654 0.971853 67.026
0.908673 -0.368299 -0.196643 105.676
0.396679 0.908493 0.131478 434.888
0.130226 -0.197475 0.97162 66.9474
0.908646 -0.367535 -0.198193 105.686
0.396366 0.908484 0.132481 434.801
0.131363 -0.198936 0.971169 66.7844
0.908551 -0.367692 -0.198338 105.439
0.396621 0.908299 0.132987 434.702
0.131252 -0.19949 0.97107 66.7533
0.908219 -0.36832 -0.198692 105.364
0.397287 0.908046 0.132725 434.627
0.131536 -0.199481 0.971033 66.7133
0.908135 -0.368544 -0.198661 105.325
0.397495 0.907963 0.132665 434.54
0.131484 -0.199445 0.971048 66.7778
0.907717 -0.369531 -0.19874 105.18
0.398602 0.907366 0.13343 434.435
0.131024 -0.200334 0.970927 66.5851
0.907639 -0.369331 -0.199465 105.233
0.398513 0.907447 0.133144 434.365
0.13183 -0.200336 0.970817 66.5266
0.908001 -0.369026 -0.198378 105.136
0.397881 0.907836 0.13238 434.371
0.131243 -0.199132 0.971145 66.8822
0.907951 -0.368401 -0.199765 105.285
0.397724 0.907709 0.133719 434.33
0.132066 -0.200861 0.970677 66.5902
0.907735 -0.369049 -0.199547 105.266
0.398116 0.907763 0.132172 434.48
0.132363 -0.19942 0.970933 66.5608
0.907193 -0.370519 -0.19929 105.451
0.399367 0.90739 0.130956 434.339
0.132312 -0.198393 0.971151 66.4717
0.906567 -0.37228 -0.198854 105.581
0.400658 0.907222 0.128145 434.278
0.132699 -0.195845 0.971615 66.462
0.906793 -0.372464 -0.197479 105.654
0.400749 0.906988 0.129513 434.249
0.130872 -0.19658 0.971714 66.1541
0.907564 -0.370808 -0.197053 106.015
0.399143 0.90755 0.130528 434.204
0.130434 -0.197115 0.971665 66.0105
0.908073 -0.370152 -0.195937 106.017
0.398399 0.907728 0.131561 434.14
0.129161 -0.197528 0.971751 66.0946
0.908116 -0.370189 -0.195667 106.113
0.398388 0.907725 0.131615 434.038
0.12889 -0.197473 0.971798 66.112
0.907814 -0.371856 -0.193899 106.221
0.399657 0.907209 0.131326 433.931
0.127072 -0.196713 0.972192 65.9578
0.907788 -0.371589 -0.194533 106.393
0.399201 0.907755 0.128916 433.949
0.128685 -0.194686 0.972388 66.1514
0.9082 -0.371335 -0.193089 106.561
0.398661 0.907989 0.128938 433.931
0.127444 -0.194078 0.972672 65.9641
0.908141 -0.371503 -0.193043 106.603
0.398909 0.907784 0.129612 433.858
0.12709 -0.194713 0.972592 65.8528
0.908514 -0.370868 -0.192506 106.796
0.398332 0.907855 0.130887 433.781
0.126226 -0.195594 0.972528 65.7192
0.908677 -0.370829 -0.191813 106.879
0.398171 0.907906 0.131019 433.683
0.125563 -0.195428 0.972647 65.7111
0.909095 -0.369569 -0.192264 107.048
0.397078 0.908301 0.131602 433.662
0.125998 -0.195982 0.972479 65.5568
0.9093 -0.369127 -0.192144 107.058
0.396768 0.908261 0.132803 433.594
0.125495 -0.196994 0.97234 65.4547
0.909048 -0.370423 -0.190838 107.122
0.397682 0.907994 0.13189 433.553
0.124424 -0.195787 0.972721 65.394
0.90883 -0.370847 -0.19105 107.238
0.398262 0.90761 0.132786 433.412
0.124156 -0.196768 0.972557 65.274
0.908766 -0.370627 -0.191783 107.101
0.398207 0.907616 0.132911 433.373
0.124805 -0.197154 0.972396 65.3689
0.908289 -0.372232 -0.190931 107.216
0.399515 0.907182 0.131946 433.29
0.124095 -0.196125 0.972695 65.2384
0.90861 -0.371705 -0.190431 107.345
0.399224 0.906918 0.134607 433.163
0.122671 -0.19833 0.972428 64.8039
0.908473 -0.37147 -0.191536 107.293
0.399297 0.906791 0.13525 433.032
0.123442 -0.199351 0.972122 64.932
0.907947 -0.37288 -0.19129 107.396
0.400737 0.906058 0.135904 432.874
0.122644 -0.200051 0.972079 64.6261
0.90747 -0.373687 -0.191982 107.404
0.401651 0.905692 0.135642 432.835
0.123189 -0.200201 0.971979 64.604
0.906657 -0.376147 -0.191013 107.372
0.403933 0.904645 0.135854 432.664
0.121698 -0.200329 0.972141 64.4839
0.906964 -0.375914 -0.190016 107.439
0.403614 0.904644 0.136806 432.547
0.120469 -0.200771 0.972203 64.4938
0.907256 -0.375819 -0.188805 107.52
0.403535 0.904349 0.138968 432.431
0.118519 -0.202269 0.972132 64.283
0.906729 -0.376967 -0.189046 107.531
0.404742 0.903794 0.139069 432.343
0.118434 -0.202613 0.972071 64.1298
0.90708 -0.376532 -0.188229 107.507
0.404481 0.903469 0.14191 432.179
0.116625 -0.204859 0.971819 64.0593
0.907173 -0.376367 -0.18811 107.579
0.404523 0.903144 0.143845 432.046
0.115752 -0.206587 0.971557 63.8366
0.907115 -0.37621 -0.188702 107.575
0.404482 0.903175 0.143766 431.982
0.116345 -0.206738 0.971454 63.8686
0.907039 -0.376436 -0.188616 107.637
0.404575 0.903286 0.142806 431.966
0.116617 -0.20584 0.971612 63.9248
0.906752 -0.37692 -0.189032 107.615
0.405267 0.902813 0.14383 431.925
0.116448 -0.207027 0.97138 63.7021
0.906845 -0.376868 -0.188684 107.647
0.405375 0.902452 0.145781 431.777
0.115338 -0.208689 0.971157 63.5115
0.906951 -0.376905 -0.188103 107.617
0.40532 0.902431 0.146063 431.689
0.114698 -0.208713 0.971228 63.5802
0.90682 -0.377536 -0.18747 107.729
0.405661 0.902485 0.144777 431.685
0.11453 -0.207336 0.971542 63.5993
0.906796 -0.377328 -0.188004 107.764
0.405913 0.901896 0.147709 431.461
0.113825 -0.210256 0.970998 63.1947
0.9068 -0.378024 -0.186577 107.773
0.406299 0.901723 0.147706 431.392
0.112404 -0.209746 0.971273 63.2353
0.906671 -0.378251 -0.186744 107.773
0.406511 0.901695 0.147289 431.359
0.112674 -0.209456 0.971305 63.2146
0.907031 -0.378397 -0.184689 107.911
0.406377 0.901525 0.148693 431.154
0.110237 -0.209923 0.971484 63.0043
0.907326 -0.378599 -0.182818 107.919
0.406222 0.901528 0.149098 431.083
0.108367 -0.209545 0.971775 63.0402
0.907573 -0.377599 -0.183661 108.082
0.405582 0.90156 0.150643 430.936
0.108698 -0.211209 0.971378 62.9001
0.90745 -0.377815 -0.183821 107.974
0.405773 0.90156 0.150126 431.036
0.109006 -0.210822 0.971428 62.7552
0.90775 -0.377317 -0.183363 108.109
0.405148 0.901888 0.149843 430.912
0.108835 -0.210309 0.971558 62.913
0.907728 -0.377973 -0.182117 108.158
0.405625 0.901533 0.150684 430.781
0.10723 -0.210652 0.971662 62.706
0.907385 -0.379307 -0.181047 108.124
0.406578 0.90132 0.149386 430.688
0.106518 -0.20916 0.972063 62.8999
0.90746 -0.379226 -0.180844 108.236
0.406666 0.900955 0.151337 430.583
0.105541 -0.210875 0.971799 62.3981
0.90807 -0.377965 -0.180422 108.29
0.405383 0.901441 0.151882 430.561
0.105234 -0.21106 0.971792 62.4142
0.908192 -0.377902 -0.179939 108.28
0.405161 0.901628 0.151367 430.463
0.105036 -0.210375 0.971962 62.6755
0.908128 -0.378009 -0.180034 108.233
0.40534 0.901466 0.151853 430.487
0.104893 -0.210877 0.971869 62.4926
0.908023 -0.378718 -0.179074 108.331
0.405752 0.901413 0.15106 430.393
0.10421 -0.209826 0.972169 62.5452
0.907947 -0.379124 -0.178596 108.388
0.406054 0.901276 0.151069 430.31
0.103691 -0.209683 0.972256 62.431
0.90828 -0.380217 -0.174533 108.318
0.406289 0.901143 0.151228 430.226
0.0997802 -0.208268 0.972969 62.4427
0.908279 -0.379569 -0.175946 108.477
0.406064 0.901053 0.152363 430.081
0.100704 -0.209834 0.972537 62.3376
0.908523 -0.379675 -0.174451 108.652
0.405834 0.901183 0.152208 430.058
0.0994224 -0.209083 0.972831 62.2311
0.908704 -0.37949 -0.173907 108.666
0.405476 0.901441 0.151632 430.004
0.0992245 -0.208304 0.973018 62.3574
0.908624 -0.37945 -0.174415 108.809
0.405659 0.901169 0.152756 429.891
0.0992139 -0.209551 0.972751 62.1084
0.908871 -0.378586 -0.175003 108.776
0.404994 0.901359 0.153401 429.818
0.0996646 -0.210297 0.972544 62.0544
0.908928 -0.37921 -0.173351 108.838
0.40527 0.901217 0.153505 429.854
0.098016 -0.209779 0.972824 61.8502
0.908882 -0.379458 -0.173046 108.844
0.405513 0.901001 0.154128 429.703
0.0974299 -0.210257 0.972779 61.9369
0.909043 -0.379207 -0.17275 108.878
0.405355 0.900806 0.155678 429.615
0.0965803 -0.211544 0.972585 61.7269
0.908575 -0.380696 -0.171935 108.89
0.40648 0.900603 0.153907 429.607
0.0962538 -0.209724 0.973011 61.8697
0.90798 -0.382729 -0.170561 108.786
0.408097 0.900054 0.152835 429.504
0.0950195 -0.208377 0.973422 61.8216
0.907974 -0.38259 -0.170907 108.807
0.40812 0.899892 0.153727 429.423
0.0949838 -0.209331 0.973221 61.6765
0.908198 -0.381999 -0.171037 108.794
0.407626 0.900006 0.154373 429.249
0.0949641 -0.20992 0.973096 61.7094
0.907997 -0.382221 -0.171604 108.853
0.407929 0.899935 0.153983 429.187
0.0955772 -0.209819 0.973058 61.6503
0.907585 -0.383619 -0.170664 108.841
0.409079 0.899473 0.153629 429.154
0.0945725 -0.209247 0.973279 61.4777
0.907472 -0.383599 -0.171305 108.908
0.409244 0.899315 0.154117 429.059
0.094938 -0.209963 0.973089 61.4182
0.908085 -0.38336 -0.168575 108.918
0.408683 0.899098 0.156846 428.882
0.0914365 -0.211323 0.97313 61.226
0.908159 -0.383128 -0.168702 108.855
0.408494 0.899161 0.156981 428.774
0.0915466 -0.211478 0.973086 61.3226
0.908098 -0.382595 -0.170234 108.918
0.408287 0.899269 0.156896 428.686
0.0930587 -0.211981 0.972833 61.266
0.908019 -0.383349 -0.168955 108.922
0.408769 0.899031 0.157007 428.747
0.0917072 -0.211628 0.973038 61.0894
0.907919 -0.383824 -0.168412 108.894
0.409115 0.898887 0.156928 428.626
0.0911505 -0.211378 0.973145 61.1549
0.907596 -0.384276 -0.169123 108.924
0.409751 0.898531 0.157307 428.526
0.0915131 -0.21207 0.97296 61.0004
0.907394 -0.384794 -0.169028 108.895
0.410177 0.898461 0.156595 428.567
0.0916086 -0.211425 0.973092 60.9927
0.907382 -0.384969 -0.168693 108.914
0.410336 0.898281 0.157212 428.469
0.0910114 -0.211872 0.97305 60.9735
0.907283 -0.385085 -0.168958 108.876
0.410527 0.898158 0.157418 428.463
0.0911315 -0.212184 0.972971 60.9056
0.907388 -0.384732 -0.169202 108.748
0.410169 0.898434 0.156771 428.465
0.0917018 -0.211653 0.973033 61.0992
0.907491 -0.383994 -0.170318 108.76
0.409729 0.898543 0.157299 428.47
0.0926359 -0.212531 0.972753 61.0266
0.90746 -0.38407 -0.170314 108.667
0.409809 0.898496 0.157356 428.483
0.0925911 -0.212591 0.972745 61.0018
0.907512 -0.383613 -0.171066 108.682
0.40957 0.898513 0.15788 428.426
0.09314 -0.213341 0.972528 60.9527
