0.909182 -0.17041 -0.379933 107.642
0.371981 0.74244 0.557147 442.746
0.187134 -0.647876 0.738402 70.8079
0.909302 -0.169098 -0.380231 107.597
0.37109 0.742983 0.557018 442.592
0.188314 -0.647598 0.738346 71.1998
0.909448 -0.167471 -0.380601 107.541
0.369984 0.743654 0.556858 442.402
0.189778 -0.64725 0.738276 71.6858
0.909447 -0.167829 -0.380447 107.408
0.370228 0.743352 0.557099 442.567
0.189308 -0.647504 0.738174 71.3653
0.90925 -0.167397 -0.381108 107.486
0.370503 0.742763 0.557701 442.435
0.189716 -0.648291 0.737378 71.4726
0.909072 -0.167607 -0.381441 107.507
0.371 0.742266 0.558033 442.427
0.1896 -0.648806 0.736955 71.3736
0.908925 -0.167887 -0.381666 107.492
0.37119 0.742758 0.557252 442.426
0.18993 -0.648171 0.737429 71.339
0.909241 -0.167892 -0.380912 107.656
0.370797 0.74253 0.557816 442.367
0.189186 -0.64843 0.737392 71.3091
0.908304 -0.166138 -0.383902 107.56
0.371782 0.741271 0.558834 442.196
0.191732 -0.65032 0.735067 71.2406
0.908275 -0.165812 -0.384113 107.591
0.371848 0.740717 0.559524 442.052
0.191743 -0.651033 0.734432 71.0167
0.908332 -0.166301 -0.383768 107.555
0.372158 0.740095 0.560142 441.851
0.190873 -0.651617 0.734141 70.9155
0.908318 -0.1639 -0.384832 107.901
0.372064 0.736973 0.564305 441.396
0.191121 -0.65575 0.730387 70.4155
0.907841 -0.161844 -0.386822 108.048
0.37242 0.735134 0.566464 441.129
0.192687 -0.658319 0.727659 69.9784
0.907503 -0.161618 -0.387709 108.204
0.373267 0.733599 0.567894 440.981
0.192641 -0.660085 0.72607 69.6352
0.906984 -0.163149 -0.388281 108.318
0.374368 0.734662 0.565791 440.714
0.192947 -0.658524 0.727405 69.6067
0.906544 -0.163735 -0.389062 108.381
0.374972 0.735639 0.56412 440.602
0.193843 -0.657287 0.728285 69.03
0.905873 -0.163423 -0.390753 108.519
0.375957 0.735139 0.564116 440.255
0.195068 -0.657924 0.727382 68.8329
0.905462 -0.163377 -0.391722 108.698
0.376935 0.733768 0.565247 440.173
0.195085 -0.659463 0.725982 68.6095
0.905793 -0.16198 -0.391538 108.681
0.376231 0.732514 0.56734 440.037
0.194909 -0.661201 0.724447 68.5476
0.905735 -0.162195 -0.391583 108.785
0.376543 0.732053 0.567727 439.909
0.194577 -0.661658 0.724119 68.4201
0.906145 -0.163002 -0.390296 108.873
0.37612 0.732633 0.567259 439.722
0.19348 -0.660817 0.72518 68.3294
0.906231 -0.16216 -0.390448 108.99
0.375846 0.731919 0.56836 439.502
0.193611 -0.661814 0.724235 68.0051
0.905971 -0.161397 -0.391367 109.187
0.376073 0.731326 0.568974 439.253
0.194386 -0.662656 0.723257 67.8157
0.905607 -0.160685 -0.392499 109.33
0.376501 0.730634 0.56958 439.129
0.19525 -0.663592 0.722166 67.4457
0.905061 -0.158522 -0.394634 109.272
0.376238 0.731057 0.56921 439.013
0.198267 -0.663646 0.721293 67.6069
0.904197 -0.15712 -0.397167 109.681
0.37769 0.728345 0.57172 438.717
0.199446 -0.666953 0.71791 66.9212
0.903754 -0.158086 -0.397791 109.7
0.378719 0.728421 0.570942 438.687
0.199502 -0.666642 0.718184 66.6757
0.90442 -0.158505 -0.396107 109.949
0.378298 0.727213 0.572758 438.471
0.197269 -0.66786 0.717669 66.1301
0.904733 -0.157534 -0.395779 110.019
0.377424 0.727231 0.573312 438.219
0.197506 -0.668071 0.717407 66.3737
0.904266 -0.156861 -0.397113 110.093
0.377559 0.728078 0.572147 438.182
0.199381 -0.667306 0.7176 66.3499
0.904554 -0.156095 -0.396756 110.105
0.377161 0.726908 0.573894 437.977
0.198823 -0.668759 0.716401 65.9618
0.90459 -0.156999 -0.396318 110.435
0.37702 0.728515 0.571945 437.91
0.198929 -0.666796 0.718199 65.9392
0.904878 -0.158846 -0.394923 110.449
0.377639 0.727693 0.572583 437.796
0.196431 -0.667256 0.71846 65.6274
0.90516 -0.158575 -0.394386 110.658
0.37719 0.727437 0.573205 437.559
0.195995 -0.6676 0.718259 65.5116
0.905512 -0.158389 -0.393651 110.77
0.376625 0.727347 0.57369 437.367
0.195455 -0.667742 0.718274 65.3539
0.905371 -0.160617 -0.393072 110.946
0.377507 0.728273 0.571932 437.321
0.194402 -0.666198 0.719991 65.0927
0.906466 -0.161507 -0.390172 111.154
0.376112 0.728867 0.572095 437.181
0.191986 -0.665333 0.721438 64.722
0.906936 -0.160465 -0.389509 111.252
0.375156 0.728254 0.573501 437.02
0.191635 -0.666256 0.72068 64.772
0.907029 -0.160533 -0.389264 111.411
0.374713 0.729419 0.572309 436.853
0.192062 -0.664964 0.721758 64.8276
0.906977 -0.16054 -0.389383 111.484
0.375041 0.728555 0.573194 436.769
0.191667 -0.665908 0.720992 64.3968
0.90719 -0.15973 -0.38922 111.753
0.374207 0.72917 0.572957 436.605
0.192289 -0.66543 0.721268 64.3568
0.908325 -0.162591 -0.385369 111.918
0.373051 0.731587 0.570626 436.425
0.189152 -0.662076 0.725174 63.961
0.908801 -0.162891 -0.384119 111.917
0.372631 0.731022 0.571622 436.197
0.187687 -0.662626 0.725052 63.734
0.909627 -0.162233 -0.38244 112.006
0.37123 0.730637 0.573025 436.19
0.186461 -0.663212 0.724832 63.5445
0.910298 -0.16289 -0.380557 112.126
0.370201 0.731696 0.572339 436.012
0.185224 -0.661882 0.726364 63.6331
0.910654 -0.162534 -0.379858 112.307
0.369686 0.731083 0.573455 435.927
0.184502 -0.662647 0.72585 63.412
0.910852 -0.162662 -0.379328 112.358
0.369863 0.72956 0.575277 435.823
0.183167 -0.664292 0.724684 63.1673
0.911147 -0.161728 -0.37902 112.426
0.369508 0.7278 0.577728 435.641
0.182416 -0.666446 0.722893 62.7092
0.911153 -0.162397 -0.378717 112.466
0.369227 0.729803 0.575377 435.559
0.18295 -0.664089 0.724924 62.9544
0.911206 -0.163334 -0.378187 112.517
0.368995 0.731776 0.573015 435.501
0.183156 -0.661684 0.727068 62.8035
0.911736 -0.166727 -0.37542 112.599
0.368852 0.734527 0.569578 435.421
0.180792 -0.657779 0.731192 62.5942
0.91186 -0.166821 -0.375075 112.689
0.368629 0.734794 0.569377 435.319
0.180619 -0.657456 0.731525 62.4288
0.912096 -0.165395 -0.375134 112.714
0.367875 0.734068 0.570799 435.106
0.180967 -0.658626 0.730386 62.367
0.912218 -0.164065 -0.37542 112.802
0.367429 0.732987 0.572474 434.99
0.181256 -0.660161 0.728926 62.1916
0.911991 -0.164376 -0.375836 112.867
0.36784 0.733228 0.571901 434.96
0.181567 -0.659816 0.729162 62.0499
0.912019 -0.164894 -0.375542 112.91
0.367863 0.733775 0.571184 434.786
0.181379 -0.659078 0.729875 61.7942
0.911348 -0.165495 -0.376903 113.009
0.368583 0.735753 0.568167 434.626
0.183279 -0.656718 0.731526 62.0106
0.911525 -0.166069 -0.376222 113.02
0.368364 0.736447 0.56741 434.636
0.182838 -0.655795 0.732464 61.847
0.911702 -0.164858 -0.376327 113.129
0.367857 0.73548 0.568991 434.509
0.182978 -0.657184 0.731182 61.7304
0.911693 -0.163966 -0.376737 113.192
0.367684 0.734802 0.569978 434.424
0.18337 -0.658165 0.730201 61.6493
0.9117 -0.161426 -0.377816 113.492
0.367407 0.731907 0.573867 434.137
0.183889 -0.662007 0.726589 60.9463
0.912364 -0.162117 -0.375912 113.356
0.366858 0.731284 0.575012 434.073
0.181679 -0.662527 0.726671 60.9439
0.911588 -0.158561 -0.379296 113.569
0.367094 0.72929 0.57739 433.846
0.185065 -0.665579 0.723019 60.6507
0.911927 -0.159046 -0.378276 113.618
0.366506 0.730284 0.576505 433.747
0.184558 -0.664372 0.724257 60.8344
0.911891 -0.1598 -0.378046 113.617
0.366729 0.730828 0.575673 433.755
0.184294 -0.663591 0.725039 60.6621
0.911735 -0.159124 -0.378707 113.858
0.366542 0.731324 0.575162 433.66
0.185436 -0.663208 0.725099 60.5778
0.912132 -0.15878 -0.377895 113.926
0.366033 0.73046 0.576583 433.505
0.184487 -0.664242 0.724395 60.3188
0.91255 -0.158794 -0.376877 114.066
0.365416 0.7304 0.57705 433.35
0.183639 -0.664304 0.724553 60.1697
0.912068 -0.159485 -0.377753 114.1
0.366221 0.73121 0.575512 433.307
0.184431 -0.663247 0.72532 60.0587
0.912256 -0.16033 -0.376938 114.098
0.365949 0.732443 0.574116 433.253
0.184038 -0.661681 0.726848 60.1333
0.912541 -0.161799 -0.37562 114.252
0.365632 0.73426 0.571993 433.275
0.183255 -0.659306 0.729201 60.0857
0.912433 -0.162172 -0.375722 114.291
0.365743 0.73502 0.570945 433.155
0.183572 -0.658367 0.729969 59.8569
0.912621 -0.161627 -0.3755 114.285
0.365158 0.735265 0.571004 433.157
0.183802 -0.658227 0.730037 59.9347
0.913002 -0.160937 -0.374869 114.24
0.364491 0.734524 0.572382 433.079
0.183233 -0.659222 0.729282 59.9569
0.913049 -0.161748 -0.374406 114.363
0.364713 0.734702 0.572012 433.142
0.182555 -0.658825 0.72981 59.8179
0.913333 -0.160576 -0.374218 114.42
0.363856 0.734437 0.572898 433.025
0.182845 -0.659407 0.729212 59.5191
0.913473 -0.160607 -0.373862 114.619
0.363312 0.735668 0.571661 432.978
0.183226 -0.658026 0.730363 59.5067
0.914537 -0.162352 -0.370493 114.513
0.362009 0.737155 0.570572 432.917
0.180477 -0.65593 0.732928 59.3937
0.915298 -0.162886 -0.368372 114.708
0.360626 0.738739 0.569398 432.815
0.179384 -0.654013 0.734907 59.4708
0.915313 -0.161535 -0.368928 114.772
0.360231 0.738 0.570604 432.704
0.180096 -0.655181 0.733691 59.4191
0.915497 -0.162684 -0.367966 114.731
0.360002 0.739578 0.568702 432.685
0.179621 -0.653114 0.735648 59.4038
0.915543 -0.162919 -0.367747 114.809
0.359857 0.74021 0.567972 432.656
0.179677 -0.652339 0.736322 59.2533
0.915891 -0.163121 -0.366789 114.916
0.359281 0.740657 0.567754 432.66
0.179052 -0.651781 0.736968 59.1031
0.916477 -0.163805 -0.365018 114.898
0.358329 0.741883 0.566754 432.609
0.177964 -0.650213 0.738615 59.2142
0.916768 -0.164464 -0.363989 115.01
0.358135 0.741956 0.56678 432.593
0.176849 -0.649963 0.739102 59.0354
0.916607 -0.165181 -0.364069 115.188
0.358593 0.742309 0.566029 432.51
0.176754 -0.649379 0.739639 58.899
0.916757 -0.165427 -0.363581 115.21
0.358345 0.74275 0.565607 432.392
0.176483 -0.648812 0.740201 58.9868
0.916706 -0.165998 -0.363449 115.112
0.358361 0.743869 0.564125 432.478
0.176715 -0.647383 0.741396 59.0198
0.91735 -0.166361 -0.361654 115.203
0.357547 0.74374 0.56481 432.317
0.175014 -0.647437 0.741752 58.9269
0.917362 -0.16688 -0.361385 115.272
0.357814 0.743491 0.56497 432.34
0.174404 -0.64759 0.741762 58.6131
0.917723 -0.167006 -0.360408 115.376
0.357217 0.743807 0.564931 432.257
0.173727 -0.647194 0.742266 58.5904
0.917684 -0.166603 -0.360694 115.581
0.356764 0.745085 0.563531 432.221
0.174862 -0.645826 0.743191 58.3698
0.917892 -0.169126 -0.358987 115.482
0.356987 0.746998 0.560852 432.209
0.173307 -0.642955 0.746039 58.5178
0.917972 -0.169815 -0.358456 115.591
0.357026 0.747462 0.560207 432.171
0.172801 -0.642233 0.746778 58.3674
0.918187 -0.169557 -0.358027 115.574
0.356466 0.747891 0.559992 432.118
0.172815 -0.641801 0.747145 58.5578
0.918938 -0.170183 -0.355796 115.588
0.355394 0.748477 0.55989 431.987
0.171022 -0.640952 0.748286 58.5336
0.919172 -0.171541 -0.354537 115.685
0.355167 0.750085 0.55788 432.066
0.170234 -0.638707 0.750382 58.4535
0.919501 -0.170645 -0.354117 115.73
0.354455 0.749398 0.559253 431.981
0.169941 -0.639752 0.749558 58.2265
0.919638 -0.170715 -0.353726 115.741
0.354293 0.749304 0.559482 431.958
0.169537 -0.639843 0.749572 58.3152
0.919813 -0.1705 -0.353374 115.796
0.353885 0.749455 0.559538 431.956
0.169436 -0.639724 0.749696 58.1968
0.920134 -0.170406 -0.352583 115.856
0.353574 0.748553 0.56094 431.833
0.168339 -0.640804 0.74902 57.9958
0.919755 -0.170108 -0.353716 115.831
0.353913 0.749079 0.560024 431.864
0.169696 -0.640269 0.749172 57.9117
0.91984 -0.169669 -0.353705 115.813
0.35362 0.748982 0.560339 431.72
0.169846 -0.640499 0.748941 58.2001
0.91976 -0.169835 -0.353832 115.773
0.353771 0.749148 0.56002 431.776
0.169962 -0.64026 0.74912 57.9946
0.920358 -0.17078 -0.351818 115.87
0.353168 0.749341 0.560144 431.676
0.16797 -0.639783 0.749975 57.8491
0.920446 -0.171632 -0.351171 115.975
0.353263 0.749797 0.559472 431.751
0.167284 -0.63902 0.750779 57.6845
0.920472 -0.17183 -0.351006 115.845
0.353234 0.750065 0.559132 431.786
0.167202 -0.638653 0.75111 57.8422
0.920482 -0.171096 -0.351338 115.919
0.353149 0.749159 0.560399 431.642
0.167326 -0.639912 0.75001 57.8102
0.920403 -0.170505 -0.351832 115.916
0.35299 0.749304 0.560305 431.597
0.168095 -0.6399 0.749848 57.9458
0.920916 -0.171075 -0.35021 116.021
0.352399 0.749345 0.560622 431.504
0.166519 -0.6397 0.750371 57.8649
0.920705 -0.170575 -0.351008 115.984
0.352391 0.749868 0.559928 431.561
0.1677 -0.639221 0.750516 57.6336
0.920329 -0.169649 -0.35244 116.208
0.352537 0.750109 0.559512 431.471
0.169448 -0.639183 0.750155 57.5971
0.92032 -0.168698 -0.352919 116.105
0.352465 0.748924 0.561143 431.464
0.169646 -0.640822 0.74871 57.5769
0.919988 -0.167215 -0.354487 116.167
0.352422 0.748709 0.561457 431.394
0.171524 -0.641462 0.747734 57.5715
0.920107 -0.166967 -0.354295 116.133
0.352272 0.748173 0.562265 431.357
0.171194 -0.642152 0.747217 57.6139
0.92041 -0.166743 -0.353614 116.053
0.351824 0.747692 0.563184 431.311
0.170487 -0.64277 0.746847 57.6229
0.920238 -0.165371 -0.354703 116.169
0.352044 0.745707 0.565673 431.285
0.170958 -0.645425 0.744446 57.2005
0.920309 -0.165105 -0.354642 116.109
0.351831 0.745657 0.565871 431.308
0.171014 -0.64555 0.744324 57.3626
0.919737 -0.165062 -0.356143 116.242
0.35247 0.746604 0.564223 431.31
0.172766 -0.644467 0.744859 57.606
0.920103 -0.165453 -0.355014 116.156
0.352263 0.745823 0.565384 431.253
0.171233 -0.64527 0.744517 57.4708
0.919964 -0.166766 -0.354761 116.152
0.352768 0.746845 0.563717 431.38
0.170942 -0.643748 0.7459 57.309
0.919949 -0.167443 -0.35448 116.292
0.352436 0.749246 0.56073 431.269
0.171703 -0.640775 0.748281 57.3107
0.92055 -0.169289 -0.352034 116.193
0.352215 0.749422 0.560635 431.255
0.168913 -0.640085 0.749507 57.2265
0.92107 -0.16801 -0.351286 116.205
0.351092 0.74849 0.562581 431.167
0.168415 -0.64151 0.748399 57.3142
0.920688 -0.167929 -0.352327 116.247
0.351731 0.748259 0.562488 431.233
0.169173 -0.6418 0.747979 57.1132
0.921017 -0.168071 -0.351396 116.264
0.351221 0.74842 0.562593 431.188
0.168437 -0.641576 0.748338 57.0834
0.920868 -0.167958 -0.351842 116.238
0.351417 0.748406 0.56249 431.205
0.168846 -0.641622 0.748206 57.1955
0.921195 -0.168621 -0.350666 116.253
0.351087 0.74873 0.562265 431.121
0.167744 -0.64107 0.748927 57.1849
0.921285 -0.168798 -0.350344 116.217
0.350884 0.749235 0.561718 431.088
0.167673 -0.640433 0.749488 57.0194
0.921234 -0.170637 -0.349587 116.176
0.351189 0.751326 0.558727 431.182
0.167315 -0.637489 0.752073 57.1853
0.922102 -0.174139 -0.345549 115.964
0.350026 0.756069 0.55303 431.153
0.164955 -0.630901 0.758125 57.0349
0.922727 -0.177103 -0.342358 116.119
0.349575 0.758703 0.549698 431.165
0.162395 -0.626901 0.761986 57.2265
0.923191 -0.178251 -0.340507 116.125
0.348761 0.760812 0.547294 431.104
0.161506 -0.624013 0.764542 57.1098
0.9234 -0.180111 -0.338959 116.199
0.348544 0.763342 0.543898 431.01
0.160779 -0.620378 0.767647 57.272
0.923727 -0.181161 -0.337504 116.084
0.348324 0.763844 0.543334 431.032
0.159369 -0.619454 0.768686 57.3032
0.924197 -0.183643 -0.334867 116.184
0.347826 0.766837 0.539424 430.9
0.157727 -0.615009 0.772584 57.3729
0.924305 -0.18323 -0.334793 116.047
0.347491 0.766792 0.539703 430.937
0.157827 -0.615188 0.772421 57.3103
0.924397 -0.183297 -0.334505 116.085
0.347338 0.766926 0.539613 430.943
0.157631 -0.615002 0.772609 57.1589
0.924265 -0.184111 -0.33442 116.017
0.34778 0.767338 0.53874 431.029
0.157425 -0.614244 0.773254 57.2029
0.924237 -0.183619 -0.33477 116.033
0.347423 0.768115 0.537863 430.96
0.15838 -0.613419 0.773714 57.3548
0.925006 -0.18313 -0.332908 116.205
0.34614 0.767487 0.539584 430.904
0.156688 -0.614351 0.773318 57.2167
0.925088 -0.183217 -0.332631 116.038
0.345992 0.767687 0.539395 431
0.15653 -0.614076 0.773569 57.1808
0.924492 -0.182777 -0.334524 115.98
0.346951 0.766992 0.539767 430.996
0.15792 -0.615074 0.772493 57.1776
0.924688 -0.181372 -0.334747 116.006
0.346109 0.766767 0.540626 430.935
0.158619 -0.615769 0.771796 57.2848
0.92472 -0.181434 -0.334626 116.039
0.34638 0.765614 0.542085 430.888
0.157841 -0.617184 0.770824 57.1068
0.924569 -0.181613 -0.334946 115.98
0.346552 0.766185 0.541168 430.993
0.158347 -0.616423 0.771329 57.1144
0.924622 -0.180988 -0.335137 116.096
0.346453 0.765226 0.542587 430.911
0.158254 -0.617797 0.770249 56.9579
0.924873 -0.180292 -0.334821 116.031
0.345904 0.764656 0.543739 430.882
0.15799 -0.618706 0.769573 57.3467
0.924571 -0.180827 -0.335365 115.999
0.346455 0.765279 0.542511 430.96
0.158548 -0.617778 0.770203 57.2094
0.92473 -0.179647 -0.335562 115.897
0.345764 0.765059 0.543261 430.984
0.159129 -0.618395 0.769588 57.1959
0.924848 -0.180251 -0.334911 115.781
0.346032 0.764241 0.544241 431.058
0.157853 -0.61923 0.769179 57.1272
