0.909187 -0.170358 -0.379945 107.64
0.371945 0.742462 0.557142 442.74
0.187181 -0.647865 0.7384 70.8236
0.909308 -0.169028 -0.380247 107.594
0.371042 0.743012 0.557011 442.584
0.188377 -0.647583 0.738343 71.2207
0.909455 -0.167401 -0.380617 107.539
0.369936 0.743683 0.556852 442.394
0.189841 -0.647235 0.738273 71.7067
0.909447 -0.167829 -0.380447 107.408
0.370228 0.743352 0.557099 442.567
0.189308 -0.647504 0.738174 71.3653
0.909226 -0.167372 -0.381175 107.482
0.370534 0.742741 0.55771 442.435
0.189769 -0.648323 0.737336 71.4758
0.909081 -0.167672 -0.381389 107.516
0.371024 0.742229 0.558065 442.426
0.189506 -0.648831 0.736957 71.3553
0.908909 -0.167874 -0.381709 107.486
0.371191 0.742813 0.557177 442.427
0.190003 -0.648111 0.737463 71.3459
0.909247 -0.167893 -0.380895 107.659
0.37079 0.742521 0.557833 442.366
0.189167 -0.64844 0.737388 71.308
0.908304 -0.166138 -0.383902 107.56
0.371782 0.741271 0.558834 442.196
0.191732 -0.65032 0.735067 71.2406
0.908271 -0.165764 -0.384144 107.596
0.371858 0.740635 0.559626 442.031
0.191745 -0.651139 0.734338 70.9834
0.908332 -0.166301 -0.383768 107.555
0.372158 0.740095 0.560142 441.851
0.190873 -0.651617 0.734141 70.9155
0.908286 -0.163762 -0.384967 107.923
0.37212 0.736742 0.564569 441.375
0.191166 -0.656044 0.730111 70.3571
0.907812 -0.161719 -0.386942 108.046
0.372413 0.735118 0.566489 441.116
0.192836 -0.658368 0.727575 69.9776
0.907483 -0.161632 -0.387749 108.217
0.373335 0.733482 0.568 440.973
0.1926 -0.660211 0.725966 69.6084
0.90697 -0.163171 -0.388304 108.32
0.374387 0.734699 0.565732 440.713
0.192975 -0.658478 0.727439 69.5845
0.906516 -0.16375 -0.38912 108.385
0.37501 0.735663 0.564063 440.58
0.193896 -0.657256 0.728299 69.0201
0.905829 -0.163372 -0.390875 108.53
0.376022 0.735057 0.56418 440.241
0.195144 -0.658028 0.727267 68.8222
0.90545 -0.163399 -0.391741 108.707
0.376983 0.733697 0.565308 440.173
0.195048 -0.659538 0.725924 68.5964
0.905774 -0.162004 -0.391572 108.687
0.376279 0.732481 0.56735 440.031
0.194906 -0.661231 0.724421 68.5392
0.905764 -0.162182 -0.39152 108.791
0.376498 0.732041 0.567773 439.9
0.194526 -0.661675 0.724117 68.4153
0.906145 -0.163002 -0.390296 108.873
0.37612 0.732633 0.567259 439.722
0.19348 -0.660817 0.72518 68.3294
0.906228 -0.162231 -0.390425 109.001
0.375884 0.731907 0.568351 439.492
0.193551 -0.661811 0.724255 67.9928
0.905935 -0.161175 -0.391542 109.2
0.376053 0.731253 0.569082 439.229
0.194594 -0.662791 0.723077 67.8044
0.905594 -0.160725 -0.392513 109.335
0.376543 0.730611 0.569581 439.13
0.195228 -0.663608 0.722157 67.4213
0.905061 -0.158522 -0.394634 109.272
0.376238 0.731057 0.56921 439.013
0.198267 -0.663646 0.721293 67.6069
0.904163 -0.157216 -0.397205 109.68
0.377779 0.728347 0.571659 438.721
0.199429 -0.666929 0.717937 66.9033
0.903746 -0.158047 -0.397824 109.707
0.37871 0.728433 0.570933 438.67
0.199553 -0.666639 0.718172 66.6699
0.904471 -0.158561 -0.395967 109.961
0.378275 0.727121 0.57289 438.467
0.197077 -0.667947 0.71764 66.0958
0.904667 -0.157461 -0.395959 110.035
0.377457 0.727337 0.573155 438.215
0.197746 -0.667972 0.717433 66.3819
0.904256 -0.156831 -0.397147 110.091
0.377552 0.728106 0.572116 438.18
0.19944 -0.667283 0.717605 66.3412
0.904554 -0.156095 -0.396756 110.105
0.377161 0.726908 0.573894 437.977
0.198823 -0.668759 0.716401 65.9618
0.904595 -0.157028 -0.396296 110.435
0.377029 0.728505 0.571953 437.909
0.198891 -0.6668 0.718206 65.9349
0.904867 -0.158801 -0.394965 110.464
0.377654 0.727629 0.572654 437.781
0.19645 -0.667336 0.71838 65.6179
0.905214 -0.158595 -0.394253 110.668
0.377105 0.727485 0.573199 437.544
0.195907 -0.667543 0.718337 65.5075
0.905516 -0.158359 -0.393654 110.776
0.376617 0.72731 0.573742 437.357
0.195451 -0.667789 0.718231 65.3404
0.905425 -0.160717 -0.392907 110.956
0.377444 0.728366 0.571856 437.319
0.194273 -0.666073 0.720142 65.0739
0.906491 -0.161445 -0.390141 111.16
0.376073 0.728788 0.572222 437.171
0.191948 -0.665435 0.721354 64.7148
0.906959 -0.160421 -0.389474 111.256
0.375101 0.728265 0.573523 437.013
0.191635 -0.666254 0.720681 64.7827
0.907029 -0.160551 -0.389259 111.42
0.3747 0.729492 0.572225 436.844
0.19209 -0.66488 0.721828 64.8279
0.906977 -0.16054 -0.389383 111.484
0.375041 0.728555 0.573194 436.769
0.191667 -0.665908 0.720992 64.3968
0.90719 -0.15973 -0.38922 111.753
0.374207 0.72917 0.572957 436.605
0.192289 -0.66543 0.721268 64.3568
0.90835 -0.162567 -0.385322 111.917
0.372983 0.73166 0.570577 436.414
0.189168 -0.662001 0.725238 63.9509
0.908802 -0.162893 -0.384115 111.918
0.372632 0.731017 0.571629 436.196
0.18768 -0.662631 0.725049 63.7333
0.909627 -0.162233 -0.38244 112.006
0.37123 0.730637 0.573025 436.19
0.186461 -0.663212 0.724832 63.5445
0.910296 -0.162856 -0.380578 112.135
0.370192 0.731691 0.572351 436.013
0.185255 -0.661896 0.726343 63.6214
0.910707 -0.162527 -0.379734 112.321
0.369626 0.731004 0.573594 435.914
0.184363 -0.662735 0.725805 63.396
0.910843 -0.16267 -0.379345 112.355
0.369892 0.729515 0.575315 435.822
0.183151 -0.664339 0.724644 63.1613
0.911158 -0.161696 -0.379006 112.429
0.36949 0.727756 0.577796 435.635
0.182396 -0.666502 0.722846 62.6963
0.911153 -0.162397 -0.378717 112.466
0.369227 0.729803 0.575377 435.559
0.18295 -0.664089 0.724924 62.9544
0.911253 -0.163561 -0.377977 112.518
0.368986 0.731897 0.572866 435.492
0.182942 -0.661494 0.727295 62.7664
0.91177 -0.166998 -0.375217 112.61
0.36884 0.734796 0.569238 435.417
0.180646 -0.657409 0.73156 62.5955
0.91186 -0.166821 -0.375075 112.689
0.368629 0.734794 0.569377 435.319
0.180619 -0.657456 0.731525 62.4288
0.912109 -0.1653 -0.375145 112.718
0.367836 0.733994 0.57092 435.097
0.180981 -0.658733 0.730286 62.3606
0.912194 -0.164119 -0.375457 112.809
0.367481 0.733017 0.572402 434.997
0.181274 -0.660114 0.728964 62.1695
0.911991 -0.164359 -0.375845 112.867
0.367834 0.733225 0.571909 434.951
0.18158 -0.659824 0.729151 62.0556
0.912021 -0.164946 -0.375513 112.914
0.367869 0.733821 0.571121 434.777
0.181356 -0.659014 0.729939 61.7702
0.911334 -0.165592 -0.376895 113.008
0.368612 0.735873 0.567994 434.635
0.183291 -0.65656 0.731665 62.0028
0.911576 -0.165996 -0.376131 113.022
0.368282 0.736356 0.567581 434.621
0.18275 -0.655916 0.732378 61.8347
0.911674 -0.164716 -0.376457 113.147
0.36786 0.735406 0.569084 434.502
0.183112 -0.657302 0.731043 61.7231
0.911697 -0.163939 -0.376738 113.193
0.367673 0.734775 0.570019 434.42
0.18337 -0.658201 0.730169 61.6459
0.9117 -0.161426 -0.377816 113.492
0.367407 0.731907 0.573867 434.137
0.183889 -0.662007 0.726589 60.9463
0.912364 -0.162117 -0.375912 113.356
0.366858 0.731284 0.575012 434.073
0.181679 -0.662527 0.726671 60.9439
0.911586 -0.158575 -0.379295 113.572
0.367125 0.729209 0.577471 433.846
0.185013 -0.665663 0.722954 60.6172
0.911927 -0.159046 -0.378276 113.618
0.366506 0.730284 0.576505 433.747
0.184558 -0.664372 0.724257 60.8344
0.911871 -0.159723 -0.378127 113.638
0.366716 0.730869 0.57563 433.748
0.18442 -0.663565 0.725031 60.6632
0.911745 -0.15915 -0.378671 113.859
0.366535 0.731332 0.575156 433.656
0.185398 -0.663192 0.725123 60.5629
0.912169 -0.158687 -0.377845 113.933
0.365975 0.730326 0.57679 433.49
0.184421 -0.664411 0.724256 60.3089
0.91257 -0.15883 -0.376815 114.074
0.365388 0.730446 0.57701 433.344
0.183596 -0.664246 0.724617 60.1616
0.912101 -0.159648 -0.377603 114.087
0.366212 0.731309 0.575392 433.302
0.184284 -0.663099 0.725493 60.0672
0.912252 -0.160289 -0.376966 114.116
0.365899 0.732583 0.573968 433.249
0.184158 -0.661535 0.72695 60.1382
0.912541 -0.161799 -0.37562 114.252
0.365632 0.73426 0.571993 433.275
0.183255 -0.659306 0.729201 60.0857
0.912434 -0.162085 -0.375756 114.289
0.365684 0.73509 0.570893 433.156
0.183681 -0.65831 0.729993 59.8772
0.912655 -0.16165 -0.375408 114.287
0.365131 0.73521 0.571092 433.155
0.183687 -0.658283 0.730016 59.92
0.913022 -0.160829 -0.374865 114.233
0.364427 0.734475 0.572486 433.071
0.183257 -0.659303 0.729202 59.972
0.913049 -0.161748 -0.374406 114.363
0.364713 0.734702 0.572012 433.142
0.182555 -0.658825 0.72981 59.8179
0.913326 -0.160578 -0.374233 114.434
0.363845 0.734513 0.572807 433.026
0.182899 -0.659323 0.729275 59.5171
0.913515 -0.160609 -0.373757 114.621
0.363235 0.735715 0.57165 432.968
0.183166 -0.657972 0.730426 59.5093
0.914556 -0.162398 -0.370425 114.51
0.361991 0.737186 0.570543 432.918
0.180417 -0.655884 0.732984 59.3902
0.915298 -0.162886 -0.368372 114.708
0.360626 0.738739 0.569398 432.815
0.179384 -0.654013 0.734907 59.4708
0.915313 -0.161535 -0.368928 114.772
0.360231 0.738 0.570604 432.704
0.180096 -0.655181 0.733691 59.4191
0.915482 -0.162652 -0.368018 114.735
0.360007 0.739597 0.568674 432.68
0.179689 -0.6531 0.735644 59.3999
0.915575 -0.163005 -0.367629 114.813
0.359828 0.740266 0.567917 432.661
0.17957 -0.652255 0.736423 59.239
0.915906 -0.163068 -0.366775 114.926
0.359234 0.740663 0.567776 432.657
0.179071 -0.651788 0.736957 59.0971
0.916477 -0.163805 -0.365018 114.898
0.358329 0.741883 0.566754 432.609
0.177964 -0.650213 0.738615 59.2142
0.916765 -0.164532 -0.363965 115.012
0.358167 0.741961 0.566754 432.6
0.176799 -0.649941 0.739134 59.0161
0.916595 -0.165201 -0.364091 115.202
0.358613 0.742337 0.565979 432.498
0.176779 -0.649341 0.739666 58.8993
0.91676 -0.165431 -0.36357 115.209
0.358339 0.742756 0.565602 432.39
0.176476 -0.648803 0.74021 58.9884
0.916739 -0.166016 -0.363358 115.116
0.358319 0.743862 0.56416 432.47
0.176628 -0.647385 0.741414 59.015
0.91735 -0.166361 -0.361654 115.203
0.357547 0.74374 0.56481 432.317
0.175014 -0.647437 0.741752 58.9269
0.917379 -0.166839 -0.361359 115.276
0.357771 0.743484 0.565006 432.331
0.174399 -0.647609 0.741747 58.6133
0.917744 -0.167068 -0.360324 115.383
0.357197 0.743852 0.564885 432.257
0.173654 -0.647126 0.742342 58.5875
0.917684 -0.166603 -0.360694 115.581
0.356764 0.745085 0.563531 432.221
0.174862 -0.645826 0.743191 58.3698
0.917879 -0.169187 -0.358989 115.496
0.357024 0.747026 0.56079 432.204
0.173296 -0.642906 0.746084 58.4984
0.918007 -0.169834 -0.358357 115.586
0.35697 0.747496 0.560198 432.172
0.17273 -0.642188 0.746833 58.374
0.918183 -0.169517 -0.358055 115.575
0.35645 0.74791 0.559977 432.112
0.172868 -0.64179 0.747143 58.5724
0.918938 -0.170183 -0.355796 115.588
0.355394 0.748477 0.55989 431.987
0.171022 -0.640952 0.748286 58.5336
0.919188 -0.171472 -0.354528 115.688
0.355124 0.75004 0.557967 432.061
0.170235 -0.638778 0.750322 58.4322
0.919512 -0.17065 -0.354085 115.731
0.354442 0.749391 0.559271 431.979
0.169908 -0.639759 0.749559 58.2337
0.919639 -0.170723 -0.353721 115.741
0.354293 0.749309 0.559474 431.96
0.169532 -0.639835 0.74958 58.3103
0.91985 -0.170364 -0.353345 115.812
0.353775 0.749437 0.559631 431.94
0.169468 -0.639781 0.74964 58.2225
0.920156 -0.170522 -0.352469 115.851
0.353626 0.748409 0.561099 431.826
0.168111 -0.640941 0.748954 57.9345
0.919711 -0.170051 -0.353855 115.829
0.353935 0.749165 0.559895 431.869
0.169886 -0.640183 0.749202 57.9177
0.919835 -0.169669 -0.353718 115.811
0.353628 0.748983 0.560333 431.722
0.169858 -0.640498 0.74894 58.1965
0.919781 -0.16986 -0.353767 115.78
0.353745 0.749165 0.560015 431.771
0.169906 -0.640234 0.749155 57.9876
0.920376 -0.170822 -0.351751 115.867
0.35316 0.749329 0.560164 431.675
0.167889 -0.639786 0.749991 57.8481
0.920443 -0.171677 -0.351157 115.984
0.353275 0.749839 0.559408 431.758
0.167274 -0.638959 0.750834 57.6721
0.920505 -0.171632 -0.351018 115.853
0.353115 0.750009 0.559282 431.768
0.167276 -0.638771 0.750993 57.8484
0.92048 -0.1711 -0.351341 115.92
0.353155 0.749153 0.560403 431.642
0.167323 -0.639918 0.750006 57.8096
0.920403 -0.170505 -0.351832 115.916
0.35299 0.749304 0.560305 431.597
0.168095 -0.6399 0.749848 57.9458
0.920922 -0.171075 -0.350195 116.009
0.352381 0.749375 0.560593 431.515
0.166524 -0.639664 0.7504 57.8434
0.920632 -0.170443 -0.351262 116.005
0.352435 0.749928 0.559819 431.548
0.168005 -0.639185 0.750478 57.6279
0.920324 -0.169617 -0.352469 116.22
0.352532 0.750107 0.559518 431.468
0.169486 -0.639195 0.750137 57.596
0.920301 -0.168608 -0.353011 116.109
0.352463 0.748898 0.561179 431.459
0.16975 -0.640877 0.74864 57.5732
0.919987 -0.167246 -0.354476 116.164
0.352417 0.748786 0.561358 431.398
0.171542 -0.641365 0.747813 57.59
0.920123 -0.166909 -0.354281 116.131
0.352258 0.748039 0.562452 431.349
0.171137 -0.642323 0.747083 57.603
0.920426 -0.166753 -0.353567 116.047
0.351795 0.747717 0.563169 431.312
0.170458 -0.642738 0.746881 57.6287
0.920251 -0.165345 -0.354683 116.163
0.352016 0.745698 0.565703 431.285
0.17095 -0.645443 0.744433 57.2113
0.920281 -0.165138 -0.354701 116.117
0.351885 0.745681 0.565807 431.313
0.171057 -0.645515 0.744345 57.3606
0.919737 -0.165062 -0.356143 116.242
0.35247 0.746604 0.564223 431.31
0.172766 -0.644467 0.744859 57.606
0.920095 -0.165492 -0.355017 116.157
0.352305 0.745772 0.565425 431.262
0.171188 -0.645319 0.744485 57.4664
0.919956 -0.166924 -0.354707 116.15
0.352766 0.74715 0.563315 431.382
0.170989 -0.643354 0.74623 57.2888
0.919953 -0.167418 -0.354482 116.31
0.352398 0.749331 0.560642 431.254
0.171763 -0.640683 0.748347 57.3244
0.92055 -0.169289 -0.352034 116.193
0.352215 0.749422 0.560635 431.255
0.168913 -0.640085 0.749507 57.2265
0.92105 -0.168018 -0.351335 116.204
0.35113 0.74848 0.562571 431.169
0.168445 -0.64152 0.748384 57.3033
0.920679 -0.167906 -0.352361 116.254
0.351737 0.748251 0.562496 431.236
0.169208 -0.641817 0.747957 57.1092
0.92107 -0.168132 -0.35123 116.252
0.351154 0.748455 0.562589 431.177
0.16829 -0.64152 0.748419 57.0882
0.920893 -0.16801 -0.351751 116.24
0.351393 0.748427 0.562477 431.199
0.168759 -0.641584 0.748259 57.1974
0.921201 -0.16863 -0.350645 116.251
0.351075 0.748747 0.562249 431.118
0.167733 -0.641047 0.748949 57.1758
0.92127 -0.16881 -0.350379 116.216
0.350887 0.749338 0.561579 431.097
0.167752 -0.640308 0.749576 57.021
0.921249 -0.170913 -0.349413 116.171
0.351234 0.751507 0.558455 431.184
0.167139 -0.637201 0.752356 57.2095
0.922102 -0.174139 -0.345549 115.964
0.350026 0.756069 0.55303 431.153
0.164955 -0.630901 0.758125 57.0349
0.922727 -0.177103 -0.342358 116.119
0.349575 0.758703 0.549698 431.165
0.162395 -0.626901 0.761986 57.2265
0.923205 -0.178372 -0.340404 116.133
0.348746 0.760977 0.547074 431.094
0.161457 -0.623776 0.764745 57.1232
0.9234 -0.180126 -0.33895 116.195
0.348545 0.763363 0.543869 431.017
0.160777 -0.620348 0.767671 57.2677
0.923727 -0.181161 -0.337504 116.084
0.348324 0.763844 0.543334 431.032
0.159369 -0.619454 0.768686 57.3032
0.924213 -0.183609 -0.334842 116.171
0.347784 0.766844 0.539441 430.903
0.157725 -0.61501 0.772583 57.37
0.924288 -0.183232 -0.334841 116.054
0.347527 0.766767 0.539716 430.935
0.157852 -0.615219 0.772391 57.3052
0.924424 -0.183301 -0.334427 116.082
0.347286 0.766965 0.53959 430.946
0.157586 -0.614952 0.772658 57.1488
0.924215 -0.184242 -0.334487 116.009
0.347908 0.767366 0.538618 431.041
0.157437 -0.61417 0.77331 57.2208
0.924237 -0.183619 -0.33477 116.033
0.347423 0.768115 0.537863 430.96
0.15838 -0.613419 0.773714 57.3548
0.925006 -0.18313 -0.332908 116.205
0.34614 0.767487 0.539584 430.904
0.156688 -0.614351 0.773318 57.2167
0.925068 -0.183207 -0.332693 116.043
0.346023 0.767678 0.539388 431.005
0.156581 -0.61409 0.773548 57.1747
0.924464 -0.182753 -0.334615 115.974
0.346998 0.76695 0.539796 430.993
0.157984 -0.615133 0.772433 57.1808
0.924692 -0.181381 -0.334733 116.008
0.346126 0.766693 0.54072 430.932
0.158561 -0.615859 0.771736 57.2738
0.924714 -0.181415 -0.334654 116.041
0.346375 0.765641 0.54205 430.892
0.157888 -0.617157 0.770836 57.109
0.924562 -0.181671 -0.334935 115.969
0.346582 0.766208 0.541115 430.999
0.158325 -0.616377 0.771371 57.1113
0.924627 -0.180942 -0.335149 116.105
0.346439 0.765174 0.542668 430.905
0.158256 -0.617874 0.770186 56.9517
0.924884 -0.180277 -0.334799 116.024
0.345881 0.764649 0.543762 430.883
0.157976 -0.618718 0.769566 57.3694
0.92454 -0.18088 -0.335421 115.998
0.346511 0.765339 0.542389 430.967
0.158604 -0.617688 0.770264 57.1918
0.92473 -0.179647 -0.335562 115.897
0.345764 0.765059 0.543261 430.984
0.159129 -0.618395 0.769588 57.1959
0.924848 -0.180251 -0.334911 115.781
0.346032 0.764241 0.544241 431.058
0.157853 -0.61923 0.769179 57.1272
