0.909187 -0.170358 -0.379945 107.64
0.371945 0.742462 0.557142 442.74
0.187181 -0.647865 0.7384 70.8236
0.909308 -0.169028 -0.380247 107.594
0.371042 0.743012 0.557011 442.584
0.188377 -0.647583 0.738343 71.2207
0.909455 -0.167401 -0.380617 107.539
0.369936 0.743683 0.556852 442.394
0.189841 -0.647235 0.738273 71.7067
0.909447 -0.167829 -0.380447 107.408
0.370228 0.743352 0.557099 442.567
0.189308 -0.647504 0.738174 71.3653
0.909232 -0.167378 -0.381158 107.483
0.370526 0.742746 0.557708 442.435
0.189756 -0.648315 0.737347 71.475
0.909079 -0.167656 -0.381402 107.514
0.371018 0.742238 0.558057 442.426
0.189529 -0.648825 0.736956 71.3599
0.908909 -0.167874 -0.381709 107.486
0.371191 0.742813 0.557177 442.427
0.190003 -0.648111 0.737463 71.3459
0.909247 -0.167893 -0.380895 107.659
0.37079 0.742521 0.557833 442.366
0.189167 -0.64844 0.737388 71.308
0.908304 -0.166138 -0.383902 107.56
0.371782 0.741271 0.558834 442.196
0.191732 -0.65032 0.735067 71.2406
0.908272 -0.165776 -0.384136 107.595
0.371855 0.740656 0.5596 442.036
0.191744 -0.651112 0.734362 70.9917
0.908332 -0.166301 -0.383768 107.555
0.372158 0.740095 0.560142 441.851
0.190873 -0.651617 0.734141 70.9155
0.908286 -0.163762 -0.384967 107.923
0.37212 0.736742 0.564569 441.375
0.191166 -0.656044 0.730111 70.3571
0.907819 -0.16175 -0.386912 108.047
0.372415 0.735122 0.566483 441.119
0.192799 -0.658356 0.727596 69.9778
0.907486 -0.16163 -0.387743 108.215
0.373325 0.7335 0.567984 440.974
0.192606 -0.660192 0.725982 69.6125
0.90697 -0.163171 -0.388304 108.32
0.374387 0.734699 0.565732 440.713
0.192975 -0.658478 0.727439 69.5845
0.906523 -0.163747 -0.389105 108.384
0.375001 0.735657 0.564077 440.586
0.193882 -0.657264 0.728295 69.0226
0.905829 -0.163372 -0.390875 108.53
0.376022 0.735057 0.56418 440.241
0.195144 -0.658028 0.727267 68.8222
0.90545 -0.163399 -0.391741 108.707
0.376983 0.733697 0.565308 440.173
0.195048 -0.659538 0.725924 68.5964
0.905774 -0.162004 -0.391572 108.687
0.376279 0.732481 0.56735 440.031
0.194906 -0.661231 0.724421 68.5392
0.905764 -0.162182 -0.39152 108.791
0.376498 0.732041 0.567773 439.9
0.194526 -0.661675 0.724117 68.4153
0.906145 -0.163002 -0.390296 108.873
0.37612 0.732633 0.567259 439.722
0.19348 -0.660817 0.72518 68.3294
0.906229 -0.162213 -0.390431 108.998
0.375875 0.73191 0.568354 439.495
0.193566 -0.661812 0.72425 67.9959
0.905944 -0.161231 -0.391498 109.197
0.376058 0.731271 0.569055 439.235
0.194542 -0.662758 0.723122 67.8072
0.905594 -0.160725 -0.392513 109.335
0.376543 0.730611 0.569581 439.13
0.195228 -0.663608 0.722157 67.4213
0.905061 -0.158522 -0.394634 109.272
0.376238 0.731057 0.56921 439.013
0.198267 -0.663646 0.721293 67.6069
0.904163 -0.157216 -0.397205 109.68
0.377779 0.728347 0.571659 438.721
0.199429 -0.666929 0.717937 66.9033
0.903746 -0.158047 -0.397824 109.707
0.37871 0.728433 0.570933 438.67
0.199553 -0.666639 0.718172 66.6699
0.904459 -0.158547 -0.396002 109.958
0.378281 0.727144 0.572857 438.468
0.197125 -0.667925 0.717647 66.1044
0.904684 -0.157479 -0.395914 110.031
0.377449 0.727311 0.573194 438.216
0.197686 -0.667997 0.717426 66.3798
0.904259 -0.156841 -0.397136 110.092
0.377555 0.728096 0.572126 438.181
0.19942 -0.667291 0.717604 66.3441
0.904554 -0.156095 -0.396756 110.105
0.377161 0.726908 0.573894 437.977
0.198823 -0.668759 0.716401 65.9618
0.90459 -0.156999 -0.396318 110.435
0.37702 0.728515 0.571945 437.91
0.198929 -0.666796 0.718199 65.9392
0.904867 -0.158801 -0.394965 110.464
0.377654 0.727629 0.572654 437.781
0.19645 -0.667336 0.71838 65.6179
0.9052 -0.15859 -0.394286 110.666
0.377126 0.727473 0.573201 437.548
0.195929 -0.667557 0.718317 65.5086
0.905515 -0.158367 -0.393654 110.774
0.376619 0.727319 0.573729 437.359
0.195452 -0.667777 0.718242 65.3438
0.905425 -0.160717 -0.392907 110.956
0.377444 0.728366 0.571856 437.319
0.194273 -0.666073 0.720142 65.0739
0.906491 -0.161445 -0.390141 111.16
0.376073 0.728788 0.572222 437.171
0.191948 -0.665435 0.721354 64.7148
0.906954 -0.160432 -0.389483 111.255
0.375115 0.728263 0.573518 437.015
0.191635 -0.666255 0.720681 64.7801
0.907029 -0.160551 -0.389259 111.42
0.3747 0.729492 0.572225 436.844
0.19209 -0.66488 0.721828 64.8279
0.906977 -0.16054 -0.389383 111.484
0.375041 0.728555 0.573194 436.769
0.191667 -0.665908 0.720992 64.3968
0.90719 -0.15973 -0.38922 111.753
0.374207 0.72917 0.572957 436.605
0.192289 -0.66543 0.721268 64.3568
0.908344 -0.162573 -0.385333 111.917
0.373 0.731642 0.570589 436.417
0.189164 -0.66202 0.725222 63.9534
0.908802 -0.162893 -0.384115 111.918
0.372632 0.731017 0.571629 436.196
0.18768 -0.662631 0.725049 63.7333
0.909627 -0.162233 -0.38244 112.006
0.37123 0.730637 0.573025 436.19
0.186461 -0.663212 0.724832 63.5445
0.910296 -0.162864 -0.380573 112.132
0.370195 0.731692 0.572348 436.013
0.185247 -0.661892 0.726348 63.6243
0.910694 -0.162529 -0.379765 112.318
0.369641 0.731024 0.573559 435.917
0.184397 -0.662713 0.725816 63.4
0.910843 -0.16267 -0.379345 112.355
0.369892 0.729515 0.575315 435.822
0.183151 -0.664339 0.724644 63.1613
0.911158 -0.161696 -0.379006 112.429
0.36949 0.727756 0.577796 435.635
0.182396 -0.666502 0.722846 62.6963
0.911153 -0.162397 -0.378717 112.466
0.369227 0.729803 0.575377 435.559
0.18295 -0.664089 0.724924 62.9544
0.911253 -0.163561 -0.377977 112.518
0.368986 0.731897 0.572866 435.492
0.182942 -0.661494 0.727295 62.7664
0.91177 -0.166998 -0.375217 112.61
0.36884 0.734796 0.569238 435.417
0.180646 -0.657409 0.73156 62.5955
0.91186 -0.166821 -0.375075 112.689
0.368629 0.734794 0.569377 435.319
0.180619 -0.657456 0.731525 62.4288
0.912104 -0.165332 -0.375141 112.716
0.367849 0.734019 0.570879 435.1
0.180976 -0.658697 0.730319 62.3627
0.912194 -0.164119 -0.375457 112.809
0.367481 0.733017 0.572402 434.997
0.181274 -0.660114 0.728964 62.1695
0.911991 -0.164359 -0.375845 112.867
0.367834 0.733225 0.571909 434.951
0.18158 -0.659824 0.729151 62.0556
0.912021 -0.164933 -0.37552 112.913
0.367867 0.73381 0.571137 434.779
0.181361 -0.65903 0.729923 61.7762
0.911338 -0.165568 -0.376897 113.009
0.368605 0.735843 0.568037 434.633
0.183288 -0.656599 0.73163 62.0048
0.911566 -0.166011 -0.376149 113.022
0.368299 0.736374 0.567547 434.624
0.182768 -0.655892 0.732395 61.8372
0.911681 -0.164751 -0.376425 113.142
0.36786 0.735425 0.569061 434.504
0.183078 -0.657273 0.731078 61.7249
0.911697 -0.163939 -0.376738 113.193
0.367673 0.734775 0.570019 434.42
0.18337 -0.658201 0.730169 61.6459
0.9117 -0.161426 -0.377816 113.492
0.367407 0.731907 0.573867 434.137
0.183889 -0.662007 0.726589 60.9463
0.912364 -0.162117 -0.375912 113.356
0.366858 0.731284 0.575012 434.073
0.181679 -0.662527 0.726671 60.9439
0.911586 -0.158572 -0.379295 113.572
0.367119 0.729225 0.577455 433.846
0.185023 -0.665647 0.722967 60.6239
0.911927 -0.159046 -0.378276 113.618
0.366506 0.730284 0.576505 433.747
0.184558 -0.664372 0.724257 60.8344
0.911875 -0.159738 -0.378111 113.634
0.366719 0.730861 0.575638 433.749
0.184395 -0.663571 0.725033 60.6629
0.911742 -0.159141 -0.378683 113.859
0.366538 0.73133 0.575158 433.657
0.185411 -0.663197 0.725115 60.5679
0.912169 -0.158687 -0.377845 113.933
0.365975 0.730326 0.57679 433.49
0.184421 -0.664411 0.724256 60.3089
0.91257 -0.15883 -0.376815 114.074
0.365388 0.730446 0.57701 433.344
0.183596 -0.664246 0.724617 60.1616
0.912094 -0.159615 -0.377633 114.089
0.366213 0.731289 0.575416 433.303
0.184314 -0.663128 0.725458 60.0655
0.912253 -0.1603 -0.376959 114.112
0.365911 0.732548 0.574005 433.25
0.184128 -0.661572 0.726925 60.137
0.912541 -0.161799 -0.37562 114.252
0.365632 0.73426 0.571993 433.275
0.183255 -0.659306 0.729201 60.0857
0.912434 -0.162085 -0.375756 114.289
0.365684 0.73509 0.570893 433.156
0.183681 -0.65831 0.729993 59.8772
0.912655 -0.16165 -0.375408 114.287
0.365131 0.73521 0.571092 433.155
0.183687 -0.658283 0.730016 59.92
0.913018 -0.160851 -0.374866 114.234
0.36444 0.734485 0.572465 433.073
0.183252 -0.659287 0.729218 59.969
0.913049 -0.161748 -0.374406 114.363
0.364713 0.734702 0.572012 433.142
0.182555 -0.658825 0.72981 59.8179
0.913326 -0.160578 -0.374233 114.434
0.363845 0.734513 0.572807 433.026
0.182899 -0.659323 0.729275 59.5171
0.913515 -0.160609 -0.373757 114.621
0.363235 0.735715 0.57165 432.968
0.183166 -0.657972 0.730426 59.5093
0.914556 -0.162398 -0.370425 114.51
0.361991 0.737186 0.570543 432.918
0.180417 -0.655884 0.732984 59.3902
0.915298 -0.162886 -0.368372 114.708
0.360626 0.738739 0.569398 432.815
0.179384 -0.654013 0.734907 59.4708
0.915313 -0.161535 -0.368928 114.772
0.360231 0.738 0.570604 432.704
0.180096 -0.655181 0.733691 59.4191
0.915482 -0.162652 -0.368018 114.735
0.360007 0.739597 0.568674 432.68
0.179689 -0.6531 0.735644 59.3999
0.915575 -0.163005 -0.367629 114.813
0.359828 0.740266 0.567917 432.661
0.17957 -0.652255 0.736423 59.239
0.915906 -0.163068 -0.366775 114.926
0.359234 0.740663 0.567776 432.657
0.179071 -0.651788 0.736957 59.0971
0.916477 -0.163805 -0.365018 114.898
0.358329 0.741883 0.566754 432.609
0.177964 -0.650213 0.738615 59.2142
0.916766 -0.164515 -0.363971 115.011
0.358159 0.74196 0.566761 432.598
0.176812 -0.649946 0.739126 59.0209
0.916598 -0.165196 -0.364086 115.199
0.358608 0.74233 0.565991 432.501
0.176773 -0.649351 0.739659 58.8992
0.91676 -0.165431 -0.36357 115.209
0.358339 0.742756 0.565602 432.39
0.176476 -0.648803 0.74021 58.9884
0.916739 -0.166016 -0.363358 115.116
0.358319 0.743862 0.56416 432.47
0.176628 -0.647385 0.741414 59.015
0.91735 -0.166361 -0.361654 115.203
0.357547 0.74374 0.56481 432.317
0.175014 -0.647437 0.741752 58.9269
0.917379 -0.166839 -0.361359 115.276
0.357771 0.743484 0.565006 432.331
0.174399 -0.647609 0.741747 58.6133
0.917744 -0.167068 -0.360324 115.383
0.357197 0.743852 0.564885 432.257
0.173654 -0.647126 0.742342 58.5875
0.917684 -0.166603 -0.360694 115.581
0.356764 0.745085 0.563531 432.221
0.174862 -0.645826 0.743191 58.3698
0.917882 -0.169172 -0.358989 115.492
0.357015 0.747019 0.560806 432.206
0.173299 -0.642918 0.746072 58.5033
0.918007 -0.169834 -0.358357 115.586
0.35697 0.747496 0.560198 432.172
0.17273 -0.642188 0.746833 58.374
0.918183 -0.169517 -0.358055 115.575
0.35645 0.74791 0.559977 432.112
0.172868 -0.64179 0.747143 58.5724
0.918938 -0.170183 -0.355796 115.588
0.355394 0.748477 0.55989 431.987
0.171022 -0.640952 0.748286 58.5336
0.919184 -0.171489 -0.354531 115.687
0.355135 0.750051 0.557945 432.062
0.170235 -0.63876 0.750337 58.4375
0.919512 -0.17065 -0.354085 115.731
0.354442 0.749391 0.559271 431.979
0.169908 -0.639759 0.749559 58.2337
0.919638 -0.170715 -0.353726 115.741
0.354293 0.749304 0.559482 431.958
0.169537 -0.639843 0.749572 58.3152
0.919841 -0.170398 -0.353352 115.808
0.353803 0.749441 0.559608 431.944
0.16946 -0.639767 0.749654 58.216
0.920152 -0.170499 -0.352492 115.852
0.353615 0.748438 0.561068 431.827
0.168157 -0.640914 0.748968 57.9468
0.919711 -0.170051 -0.353855 115.829
0.353935 0.749165 0.559895 431.869
0.169886 -0.640183 0.749202 57.9177
0.919839 -0.169669 -0.353706 115.813
0.35362 0.748982 0.560338 431.72
0.169847 -0.640499 0.748941 58.1998
0.919781 -0.16986 -0.353767 115.78
0.353745 0.749165 0.560015 431.771
0.169906 -0.640234 0.749155 57.9876
0.920376 -0.170822 -0.351751 115.867
0.35316 0.749329 0.560164 431.675
0.167889 -0.639786 0.749991 57.8481
0.920444 -0.171666 -0.35116 115.982
0.353272 0.749829 0.559424 431.756
0.167276 -0.638974 0.75082 57.6752
0.9205 -0.171657 -0.351017 115.852
0.35313 0.750016 0.559263 431.77
0.167267 -0.638756 0.751007 57.8476
0.92048 -0.1711 -0.351341 115.92
0.353155 0.749153 0.560403 431.642
0.167323 -0.639918 0.750006 57.8096
0.920403 -0.170505 -0.351832 115.916
0.35299 0.749304 0.560305 431.597
0.168095 -0.6399 0.749848 57.9458
0.92092 -0.171075 -0.350198 116.012
0.352386 0.749368 0.5606 431.512
0.166523 -0.639673 0.750392 57.8488
0.920647 -0.170469 -0.351212 116.001
0.352426 0.749916 0.559841 431.55
0.167944 -0.639192 0.750486 57.629
0.920324 -0.169617 -0.352469 116.22
0.352532 0.750107 0.559518 431.468
0.169486 -0.639195 0.750137 57.596
0.920301 -0.168608 -0.353011 116.109
0.352463 0.748898 0.561179 431.459
0.16975 -0.640877 0.74864 57.5732
0.919987 -0.16724 -0.354478 116.165
0.352418 0.74877 0.561378 431.397
0.171538 -0.641385 0.747797 57.5863
0.920119 -0.166923 -0.354284 116.131
0.352261 0.748072 0.562405 431.351
0.171152 -0.64228 0.747116 57.6057
0.920426 -0.166753 -0.353567 116.047
0.351795 0.747717 0.563169 431.312
0.170458 -0.642738 0.746881 57.6287
0.920247 -0.165352 -0.354688 116.165
0.352023 0.7457 0.565696 431.285
0.170952 -0.645438 0.744436 57.2086
0.920281 -0.165138 -0.354701 116.117
0.351885 0.745681 0.565807 431.313
0.171057 -0.645515 0.744345 57.3606
0.919737 -0.165062 -0.356143 116.242
0.35247 0.746604 0.564223 431.31
0.172766 -0.644467 0.744859 57.606
0.920095 -0.165492 -0.355017 116.157
0.352305 0.745772 0.565425 431.262
0.171188 -0.645319 0.744485 57.4664
0.919956 -0.166924 -0.354707 116.15
0.352766 0.74715 0.563315 431.382
0.170989 -0.643354 0.74623 57.2888
0.919953 -0.167418 -0.354482 116.31
0.352398 0.749331 0.560642 431.254
0.171763 -0.640683 0.748347 57.3244
0.92055 -0.169289 -0.352034 116.193
0.352215 0.749422 0.560635 431.255
0.168913 -0.640085 0.749507 57.2265
0.92105 -0.168018 -0.351335 116.204
0.35113 0.74848 0.562571 431.169
0.168445 -0.64152 0.748384 57.3033
0.920679 -0.167906 -0.352361 116.254
0.351737 0.748251 0.562496 431.236
0.169208 -0.641817 0.747957 57.1092
0.921057 -0.168117 -0.351271 116.255
0.351171 0.748446 0.56259 431.18
0.168327 -0.641534 0.748399 57.087
0.920888 -0.168 -0.351769 116.239
0.351398 0.748423 0.562479 431.2
0.168776 -0.641591 0.748248 57.197
0.921201 -0.16863 -0.350645 116.251
0.351075 0.748747 0.562249 431.118
0.167733 -0.641047 0.748949 57.1758
0.921275 -0.168806 -0.350367 116.217
0.350886 0.749304 0.561625 431.094
0.167726 -0.64035 0.749547 57.0205
0.921249 -0.170913 -0.349413 116.171
0.351234 0.751507 0.558455 431.184
0.167139 -0.637201 0.752356 57.2095
0.922102 -0.174139 -0.345549 115.964
0.350026 0.756069 0.55303 431.153
0.164955 -0.630901 0.758125 57.0349
0.922727 -0.177103 -0.342358 116.119
0.349575 0.758703 0.549698 431.165
0.162395 -0.626901 0.761986 57.2265
0.923205 -0.178372 -0.340404 116.133
0.348746 0.760977 0.547074 431.094
0.161457 -0.623776 0.764745 57.1232
0.9234 -0.180126 -0.33895 116.195
0.348545 0.763363 0.543869 431.017
0.160777 -0.620348 0.767671 57.2677
0.923727 -0.181161 -0.337504 116.084
0.348324 0.763844 0.543334 431.032
0.159369 -0.619454 0.768686 57.3032
0.924209 -0.183617 -0.334848 116.174
0.347795 0.766842 0.539436 430.903
0.157726 -0.61501 0.772584 57.3708
0.924288 -0.183232 -0.334841 116.054
0.347527 0.766767 0.539716 430.935
0.157852 -0.615219 0.772391 57.3052
0.924417 -0.1833 -0.334446 116.083
0.347299 0.766955 0.539596 430.945
0.157597 -0.614964 0.772646 57.1513
0.924228 -0.184209 -0.33447 116.011
0.347876 0.767359 0.538649 431.038
0.157434 -0.614188 0.773296 57.2164
0.924237 -0.183619 -0.33477 116.033
0.347423 0.768115 0.537863 430.96
0.15838 -0.613419 0.773714 57.3548
0.925006 -0.18313 -0.332908 116.205
0.34614 0.767487 0.539584 430.904
0.156688 -0.614351 0.773318 57.2167
0.925068 -0.183207 -0.332693 116.043
0.346023 0.767678 0.539388 431.005
0.156581 -0.61409 0.773548 57.1747
0.924464 -0.182753 -0.334615 115.974
0.346998 0.76695 0.539796 430.993
0.157984 -0.615133 0.772433 57.1808
0.924692 -0.181381 -0.334733 116.008
0.346126 0.766693 0.54072 430.932
0.158561 -0.615859 0.771736 57.2738
0.924714 -0.181415 -0.334654 116.041
0.346375 0.765641 0.54205 430.892
0.157888 -0.617157 0.770836 57.109
0.924563 -0.181656 -0.334938 115.972
0.346574 0.766202 0.541128 430.997
0.158331 -0.616388 0.77136 57.1121
0.924627 -0.180942 -0.335149 116.105
0.346439 0.765174 0.542668 430.905
0.158256 -0.617874 0.770186 56.9517
0.92488 -0.180282 -0.334806 116.027
0.345889 0.764651 0.543755 430.883
0.157981 -0.618714 0.769568 57.3618
0.92454 -0.18088 -0.335421 115.998
0.346511 0.765339 0.542389 430.967
0.158604 -0.617688 0.770264 57.1918
0.92473 -0.179647 -0.335562 115.897
0.345764 0.765059 0.543261 430.984
0.159129 -0.618395 0.769588 57.1959
0.924848 -0.180251 -0.334911 115.781
0.346032 0.764241 0.544241 431.058
0.157853 -0.61923 0.769179 57.1272
