0.380481 -0.909401 -0.167998 125.02
-0.55691 -0.370342 0.743437 449.574
-0.738299 -0.189304 -0.647363 75.1631
0.380661 -0.909472 -0.167204 124.994
-0.556832 -0.369802 0.743764 449.471
-0.738265 -0.190018 -0.647193 75.4138
0.380661 -0.909472 -0.167204 124.994
-0.556832 -0.369802 0.743764 449.471
-0.738265 -0.190018 -0.647193 75.4138
0.380447 -0.909447 -0.167829 124.869
-0.557099 -0.370228 0.743352 449.676
-0.738174 -0.189308 -0.647504 75.0001
0.380447 -0.909447 -0.167829 124.869
-0.557099 -0.370228 0.743352 449.676
-0.738174 -0.189308 -0.647504 75.0001
0.380922 -0.909315 -0.167465 124.957
-0.557676 -0.370419 0.742824 449.547
-0.737493 -0.189567 -0.648204 75.1036
0.380922 -0.909315 -0.167465 124.957
-0.557676 -0.370419 0.742824 449.547
-0.737493 -0.189567 -0.648204 75.1036
0.381812 -0.909002 -0.167137 124.893
-0.557797 -0.370823 0.742531 449.553
-0.736941 -0.190279 -0.648623 75.1591
0.381812 -0.909002 -0.167137 124.893
-0.557797 -0.370823 0.742531 449.553
-0.736941 -0.190279 -0.648623 75.1591
0.381076 -0.909139 -0.168067 125.028
-0.558263 -0.371173 0.742006 449.547
-0.736969 -0.188935 -0.648984 74.8719
0.381076 -0.909139 -0.168067 125.028
-0.558263 -0.371173 0.742006 449.547
-0.736969 -0.188935 -0.648984 74.8719
0.381914 -0.908835 -0.167812 124.907
-0.556826 -0.371196 0.743073 449.556
-0.737622 -0.190348 -0.647828 75.0334
0.381914 -0.908835 -0.167812 124.907
-0.556826 -0.371196 0.743073 449.556
-0.737622 -0.190348 -0.647828 75.0334
0.380895 -0.909247 -0.167893 125.116
-0.557833 -0.37079 0.742521 449.485
-0.737388 -0.189167 -0.64844 74.94
0.380895 -0.909247 -0.167893 125.116
-0.557833 -0.37079 0.742521 449.485
-0.737388 -0.189167 -0.64844 74.94
0.383902 -0.908304 -0.166138 125
-0.558834 -0.371782 0.741271 449.334
-0.735067 -0.191732 -0.65032 74.9219
0.383902 -0.908304 -0.166138 125
-0.558834 -0.371782 0.741271 449.334
-0.735067 -0.191732 -0.65032 74.9219
0.383902 -0.908304 -0.166138 125
-0.558834 -0.371782 0.741271 449.334
-0.735067 -0.191732 -0.65032 74.9219
0.383902 -0.908304 -0.166138 125
-0.558834 -0.371782 0.741271 449.334
-0.735067 -0.191732 -0.65032 74.9219
0.384189 -0.908264 -0.165694 125.041
-0.559773 -0.371872 0.740517 449.14
-0.734202 -0.191747 -0.651291 74.6171
0.384189 -0.908264 -0.165694 125.041
-0.559773 -0.371872 0.740517 449.14
-0.734202 -0.191747 -0.651291 74.6171
0.383768 -0.908332 -0.166301 124.995
-0.560142 -0.372158 0.740095 448.997
-0.734141 -0.190873 -0.651617 74.5802
0.383768 -0.908332 -0.166301 124.995
-0.560142 -0.372158 0.740095 448.997
-0.734141 -0.190873 -0.651617 74.5802
0.384323 -0.90844 -0.164418 125.261
-0.563307 -0.371853 0.737842 448.617
-0.731424 -0.190952 -0.654642 74.3019
0.384323 -0.90844 -0.164418 125.261
-0.563307 -0.371853 0.737842 448.617
-0.731424 -0.190952 -0.654642 74.3019
0.385825 -0.908079 -0.162884 125.499
-0.566253 -0.372476 0.735268 448.39
-0.728352 -0.191451 -0.657914 73.6607
0.385825 -0.908079 -0.162884 125.499
-0.566253 -0.372476 0.735268 448.39
-0.728352 -0.191451 -0.657914 73.6607
0.387203 -0.907749 -0.161447 125.471
-0.566544 -0.372398 0.735083 448.237
-0.727394 -0.19316 -0.658474 73.6846
0.387203 -0.907749 -0.161447 125.471
-0.566544 -0.372398 0.735083 448.237
-0.727394 -0.19316 -0.658474 73.6846
0.387749 -0.907483 -0.161632 125.641
-0.568 -0.373335 0.733482 448.141
-0.725966 -0.1926 -0.660211 73.3063
0.387749 -0.907483 -0.161632 125.641
-0.568 -0.373335 0.733482 448.141
-0.725966 -0.1926 -0.660211 73.3063
0.388281 -0.906984 -0.163149 125.732
-0.565791 -0.374368 0.734662 447.902
-0.727405 -0.192947 -0.658524 73.3112
0.388281 -0.906984 -0.163149 125.732
-0.565791 -0.374368 0.734662 447.902
-0.727405 -0.192947 -0.658524 73.3112
0.388832 -0.906653 -0.163676 125.773
-0.564352 -0.374816 0.735541 447.883
-0.728229 -0.193631 -0.657412 72.7875
0.388832 -0.906653 -0.163676 125.773
-0.564352 -0.374816 0.735541 447.883
-0.728229 -0.193631 -0.657412 72.7875
0.389643 -0.906267 -0.163886 125.819
-0.563536 -0.375364 0.735887 447.593
-0.728427 -0.194378 -0.656972 72.6617
0.389643 -0.906267 -0.163886 125.819
-0.563536 -0.375364 0.735887 447.593
-0.728427 -0.194378 -0.656972 72.6617
0.391495 -0.905608 -0.163113 125.974
-0.564504 -0.376354 0.734638 447.394
-0.726683 -0.195529 -0.65856 72.5223
0.391495 -0.905608 -0.163113 125.974
-0.564504 -0.376354 0.734638 447.394
-0.726683 -0.195529 -0.65856 72.5223
0.391784 -0.905422 -0.16345 126.112
-0.565449 -0.377094 0.733531 447.414
-0.725791 -0.194963 -0.65971 72.3095
0.391784 -0.905422 -0.16345 126.112
-0.565449 -0.377094 0.733531 447.414
-0.725791 -0.194963 -0.65971 72.3095
0.391538 -0.905793 -0.16198 126.073
-0.56734 -0.376231 0.732514 447.261
-0.724447 -0.194909 -0.661201 72.2898
0.391538 -0.905793 -0.16198 126.073
-0.56734 -0.376231 0.732514 447.261
-0.724447 -0.194909 -0.661201 72.2898
0.391953 -0.905561 -0.162274 126.135
-0.567459 -0.376807 0.732125 447.199
-0.724129 -0.194875 -0.661559 72.1898
0.391953 -0.905561 -0.162274 126.135
-0.567459 -0.376807 0.732125 447.199
-0.724129 -0.194875 -0.661559 72.1898
0.391203 -0.905913 -0.162115 126.216
-0.568003 -0.376271 0.731979 447.077
-0.724109 -0.194271 -0.661759 72.1211
0.391203 -0.905913 -0.162115 126.216
-0.568003 -0.376271 0.731979 447.077
-0.724109 -0.194271 -0.661759 72.1211
0.390296 -0.906145 -0.163002 126.271
-0.567259 -0.37612 0.732633 446.943
-0.72518 -0.19348 -0.660817 72.0442
0.390296 -0.906145 -0.163002 126.271
-0.567259 -0.37612 0.732633 446.943
-0.72518 -0.19348 -0.660817 72.0442
0.390482 -0.906235 -0.162056 126.372
-0.568373 -0.375791 0.731938 446.732
-0.724207 -0.1937 -0.661819 71.7422
0.390482 -0.906235 -0.162056 126.372
-0.568373 -0.375791 0.731938 446.732
-0.724207 -0.1937 -0.661819 71.7422
0.39023 -0.906205 -0.162829 126.498
-0.568277 -0.376203 0.731801 446.632
-0.724418 -0.193039 -0.661781 71.5951
0.39023 -0.906205 -0.162829 126.498
-0.568277 -0.376203 0.731801 446.632
-0.724418 -0.193039 -0.661781 71.5951
0.392326 -0.905771 -0.160184 126.652
-0.569563 -0.375963 0.730924 446.339
-0.722273 -0.195525 -0.663394 71.5079
0.392326 -0.905771 -0.160184 126.652
-0.569563 -0.375963 0.730924 446.339
-0.722273 -0.195525 -0.663394 71.5079
0.392548 -0.905561 -0.160826 126.736
-0.569584 -0.376652 0.730552 446.363
-0.722135 -0.195173 -0.663648 71.1063
0.392548 -0.905561 -0.160826 126.736
-0.569584 -0.376652 0.730552 446.363
-0.722135 -0.195173 -0.663648 71.1063
0.394634 -0.905061 -0.158522 126.649
-0.56921 -0.376238 0.731057 446.237
-0.721293 -0.198267 -0.663646 71.4136
0.394634 -0.905061 -0.158522 126.649
-0.56921 -0.376238 0.731057 446.237
-0.721293 -0.198267 -0.663646 71.4136
0.397089 -0.904265 -0.156924 127.047
-0.571844 -0.377508 0.728342 445.956
-0.717854 -0.199481 -0.667003 70.7876
0.397089 -0.904265 -0.156924 127.047
-0.571844 -0.377508 0.728342 445.956
-0.717854 -0.199481 -0.667003 70.7876
0.397629 -0.903791 -0.158285 127.014
-0.570983 -0.378769 0.728363 446.043
-0.718241 -0.19924 -0.666659 70.5304
0.397629 -0.903791 -0.158285 127.014
-0.570983 -0.378769 0.728363 446.043
-0.718241 -0.19924 -0.666659 70.5304
0.398102 -0.903683 -0.157707 127.123
-0.570862 -0.378624 0.728532 445.796
-0.718074 -0.200001 -0.66661 70.4596
0.398102 -0.903683 -0.157707 127.123
-0.570862 -0.378624 0.728532 445.796
-0.718074 -0.200001 -0.66661 70.4596
0.395882 -0.904502 -0.158595 127.335
-0.57297 -0.378261 0.727065 445.727
-0.717622 -0.196962 -0.668 69.8568
0.395882 -0.904502 -0.158595 127.335
-0.57297 -0.378261 0.727065 445.727
-0.717622 -0.196962 -0.668 69.8568
0.39526 -0.904923 -0.157745 127.349
-0.573763 -0.377329 0.726924 445.475
-0.717332 -0.196816 -0.668355 70.1292
0.39526 -0.904923 -0.157745 127.349
-0.573763 -0.377329 0.726924 445.475
-0.717332 -0.196816 -0.668355 70.1292
0.39683 -0.904347 -0.157108 127.474
-0.572397 -0.377615 0.727852 445.446
-0.717557 -0.198905 -0.667494 70.2402
0.39683 -0.904347 -0.157108 127.474
-0.572397 -0.377615 0.727852 445.446
-0.717557 -0.198905 -0.667494 70.2402
0.397253 -0.904225 -0.156739 127.446
-0.572023 -0.377531 0.72819 445.424
-0.717621 -0.199617 -0.667213 70.1472
0.397253 -0.904225 -0.156739 127.446
-0.572023 -0.377531 0.72819 445.424
-0.717621 -0.199617 -0.667213 70.1472
0.396756 -0.904554 -0.156095 127.472
-0.573894 -0.377161 0.726908 445.219
-0.716401 -0.198823 -0.668759 69.7792
0.396756 -0.904554 -0.156095 127.472
-0.573894 -0.377161 0.726908 445.219
-0.716401 -0.198823 -0.668759 69.7792
0.396318 -0.90459 -0.156999 127.804
-0.571945 -0.37702 0.728515 445.149
-0.718199 -0.198929 -0.666796 69.7586
0.396318 -0.90459 -0.156999 127.804
-0.571945 -0.37702 0.728515 445.149
-0.718199 -0.198929 -0.666796 69.7586
0.394833 -0.904901 -0.158941 127.791
-0.572429 -0.377606 0.727832 445.077
-0.718633 -0.196389 -0.667082 69.4186
0.394833 -0.904901 -0.158941 127.791
-0.572429 -0.377606 0.727832 445.077
-0.718633 -0.196389 -0.667082 69.4186
0.39531 -0.904781 -0.158437 127.959
-0.573242 -0.37778 0.727101 444.916
-0.717721 -0.196607 -0.667999 69.3146
0.39531 -0.904781 -0.158437 127.959
-0.573242 -0.37778 0.727101 444.916
-0.717721 -0.196607 -0.667999 69.3146
0.393622 -0.905472 -0.158688 128.102
-0.573173 -0.376702 0.727714 444.706
-0.718703 -0.195489 -0.667271 69.2417
0.393622 -0.905472 -0.158688 128.102
-0.573173 -0.376702 0.727714 444.706
-0.718703 -0.195489 -0.667271 69.2417
0.39366 -0.905523 -0.158301 128.172
-0.573844 -0.376602 0.727237 444.567
-0.718147 -0.195445 -0.667882 69.0665
0.39366 -0.905523 -0.158301 128.172
-0.573844 -0.376602 0.727237 444.567
-0.718147 -0.195445 -0.667882 69.0665
0.393734 -0.905154 -0.160215 128.288
-0.572238 -0.37776 0.727902 444.585
-0.719386 -0.194919 -0.666701 68.9108
0.393734 -0.905154 -0.160215 128.288
-0.572238 -0.37776 0.727902 444.585
-0.719386 -0.194919 -0.666701 68.9108
0.390496 -0.906207 -0.162175 128.492
-0.57074 -0.376528 0.729714 444.509
-0.722336 -0.192391 -0.664241 68.4929
0.390496 -0.906207 -0.162175 128.492
-0.57074 -0.376528 0.729714 444.509
-0.722336 -0.192391 -0.664241 68.4929
0.38989 -0.90669 -0.160932 128.615
-0.573263 -0.375751 0.728135 444.309
-0.720663 -0.191636 -0.666274 68.3349
0.38989 -0.90669 -0.160932 128.615
-0.573263 -0.375751 0.728135 444.309
-0.720663 -0.191636 -0.666274 68.3349
0.389344 -0.907043 -0.160262 128.686
-0.573604 -0.374899 0.728306 444.186
-0.720687 -0.191635 -0.666248 68.5017
0.389344 -0.907043 -0.160262 128.686
-0.573604 -0.374899 0.728306 444.186
-0.720687 -0.191635 -0.666248 68.5017
0.389257 -0.907028 -0.160558 128.839
-0.572191 -0.374696 0.729521 444.035
-0.721857 -0.192102 -0.664846 68.5164
0.389257 -0.907028 -0.160558 128.839
-0.572191 -0.374696 0.729521 444.035
-0.721857 -0.192102 -0.664846 68.5164
0.389257 -0.907028 -0.160558 128.839
-0.572191 -0.374696 0.729521 444.035
-0.721857 -0.192102 -0.664846 68.5164
0.389383 -0.906977 -0.16054 128.898
-0.573194 -0.375041 0.728555 443.97
-0.720992 -0.191667 -0.665908 68.0768
0.389383 -0.906977 -0.16054 128.898
-0.573194 -0.375041 0.728555 443.97
-0.720992 -0.191667 -0.665908 68.0768
0.38922 -0.90719 -0.15973 129.171
-0.572957 -0.374207 0.72917 443.789
-0.721268 -0.192289 -0.66543 68.0487
0.38922 -0.90719 -0.15973 129.171
-0.572957 -0.374207 0.72917 443.789
-0.721268 -0.192289 -0.66543 68.0487
0.385516 -0.908249 -0.162668 129.359
-0.570779 -0.373261 0.73136 443.626
-0.724975 -0.189104 -0.662308 67.6232
0.385516 -0.908249 -0.162668 129.359
-0.570779 -0.373261 0.73136 443.626
-0.724975 -0.189104 -0.662308 67.6232
0.384996 -0.908519 -0.162396 129.355
-0.570237 -0.372517 0.732162 443.492
-0.725678 -0.189275 -0.661488 67.5155
0.384996 -0.908519 -0.162396 129.355
-0.570237 -0.372517 0.732162 443.492
-0.725678 -0.189275 -0.661488 67.5155
0.384115 -0.908802 -0.162893 129.367
-0.571629 -0.372632 0.731017 443.351
-0.725049 -0.18768 -0.662631 67.3368
0.384115 -0.908802 -0.162893 129.367
-0.571629 -0.372632 0.731017 443.351
-0.725049 -0.18768 -0.662631 67.3368
0.38244 -0.909627 -0.162233 129.471
-0.573025 -0.37123 0.730637 443.318
-0.724832 -0.186461 -0.663212 67.1245
0.38244 -0.909627 -0.162233 129.471
-0.573025 -0.37123 0.730637 443.318
-0.724832 -0.186461 -0.663212 67.1245
0.380468 -0.91031 -0.163034 129.566
-0.572287 -0.370239 0.731718 443.117
-0.726451 -0.185093 -0.661823 67.2358
0.380468 -0.91031 -0.163034 129.566
-0.572287 -0.370239 0.731718 443.117
-0.726451 -0.185093 -0.661823 67.2358
0.380749 -0.910274 -0.16258 129.685
-0.57245 -0.370121 0.73165 443.126
-0.726176 -0.185506 -0.662009 67.0892
0.380749 -0.910274 -0.16258 129.685
-0.57245 -0.370121 0.73165 443.126
-0.726176 -0.185506 -0.662009 67.0892
0.37896 -0.911036 -0.162488 129.9
-0.574464 -0.369248 0.730511 442.923
-0.72552 -0.183491 -0.663288 66.8189
0.37896 -0.911036 -0.162488 129.9
-0.574464 -0.369248 0.730511 442.923
-0.72552 -0.183491 -0.663288 66.8189
0.379466 -0.910783 -0.162727 129.826
-0.575583 -0.370094 0.729201 442.925
-0.724368 -0.183044 -0.664669 66.6334
0.379466 -0.910783 -0.162727 129.826
-0.575583 -0.370094 0.729201 442.925
-0.724368 -0.183044 -0.664669 66.6334
0.379006 -0.911158 -0.161696 129.923
-0.577796 -0.36949 0.727756 442.73
-0.722846 -0.182396 -0.666502 66.1983
0.379006 -0.911158 -0.161696 129.923
-0.577796 -0.36949 0.727756 442.73
-0.722846 -0.182396 -0.666502 66.1983
0.378717 -0.911153 -0.162397 129.96
-0.575377 -0.369227 0.729803 442.648
-0.724924 -0.18295 -0.664089 66.467
0.378717 -0.911153 -0.162397 129.96
-0.575377 -0.369227 0.729803 442.648
-0.724924 -0.18295 -0.664089 66.467
0.378717 -0.911153 -0.162397 129.96
-0.575377 -0.369227 0.729803 442.648
-0.724924 -0.18295 -0.664089 66.467
0.378869 -0.911054 -0.162599 130.009
-0.573496 -0.369025 0.731384 442.613
-0.726334 -0.183849 -0.662298 66.4536
0.378869 -0.911054 -0.162599 130.009
-0.573496 -0.369025 0.731384 442.613
-0.726334 -0.183849 -0.662298 66.4536
0.376943 -0.911481 -0.164672 130.019
-0.572137 -0.368943 0.73249 442.534
-0.728405 -0.181892 -0.660562 66.0766
0.376943 -0.911481 -0.164672 130.019
-0.572137 -0.368943 0.73249 442.534
-0.728405 -0.181892 -0.660562 66.0766
0.37483 -0.911834 -0.167517 130.138
-0.568589 -0.368818 0.735309 442.491
-0.732263 -0.180368 -0.656703 66.0611
0.37483 -0.911834 -0.167517 130.138
-0.568589 -0.368818 0.735309 442.491
-0.732263 -0.180368 -0.656703 66.0611
0.375075 -0.91186 -0.166821 130.197
-0.569377 -0.368629 0.734794 442.396
-0.731525 -0.180619 -0.657456 65.8967
0.375075 -0.91186 -0.166821 130.197
-0.569377 -0.368629 0.734794 442.396
-0.731525 -0.180619 -0.657456 65.8967
0.375126 -0.912086 -0.165467 130.223
-0.570708 -0.367905 0.734124 442.176
-0.73046 -0.180956 -0.658546 65.8461
0.375126 -0.912086 -0.165467 130.223
-0.570708 -0.367905 0.734124 442.176
-0.73046 -0.180956 -0.658546 65.8461
0.375299 -0.912301 -0.163884 130.294
-0.572714 -0.367255 0.732887 442.018
-0.7288 -0.181193 -0.660318 65.744
0.375299 -0.912301 -0.163884 130.294
-0.572714 -0.367255 0.732887 442.018
-0.7288 -0.181193 -0.660318 65.744
0.375751 -0.911993 -0.164557 130.378
-0.571817 -0.367903 0.733262 442.116
-0.729271 -0.181427 -0.659734 65.4741
0.375751 -0.911993 -0.164557 130.378
-0.571817 -0.367903 0.733262 442.116
-0.729271 -0.181427 -0.659734 65.4741
0.375894 -0.911989 -0.164253 130.377
-0.571957 -0.367797 0.733206 441.959
-0.729087 -0.181662 -0.659872 65.5782
0.375894 -0.911989 -0.164253 130.377
-0.571957 -0.367797 0.733206 441.959
-0.729087 -0.181662 -0.659872 65.5782
0.375482 -0.912024 -0.165003 130.428
-0.571052 -0.367875 0.733871 441.83
-0.730009 -0.18133 -0.658944 65.2255
0.375482 -0.912024 -0.165003 130.428
-0.571052 -0.367875 0.733871 441.83
-0.730009 -0.18133 -0.658944 65.2255
0.376938 -0.911411 -0.16507 130.509
-0.568923 -0.368455 0.735233 441.657
-0.73092 -0.183225 -0.657407 65.5623
0.376938 -0.911411 -0.16507 130.509
-0.568923 -0.368455 0.735233 441.657
-0.73092 -0.183225 -0.657407 65.5623
0.376813 -0.911194 -0.166547 130.501
-0.56629 -0.368898 0.737041 441.814
-0.733026 -0.183413 -0.655006 65.4483
0.376813 -0.911194 -0.166547 130.501
-0.56629 -0.368898 0.737041 441.814
-0.733026 -0.183413 -0.655006 65.4483
0.375643 -0.911849 -0.165603 130.541
-0.568503 -0.367841 0.735865 441.605
-0.731913 -0.182277 -0.656566 65.2686
0.375643 -0.911849 -0.165603 130.541
-0.568503 -0.367841 0.735865 441.605
-0.731913 -0.182277 -0.656566 65.2686
0.375643 -0.911849 -0.165603 130.541
-0.568503 -0.367841 0.735865 441.605
-0.731913 -0.182277 -0.656566 65.2686
0.376716 -0.911618 -0.164433 130.686
-0.569269 -0.367867 0.73526 441.552
-0.730766 -0.183378 -0.657537 65.2293
0.376716 -0.911618 -0.164433 130.686
-0.569269 -0.367867 0.73526 441.552
-0.730766 -0.183378 -0.657537 65.2293
0.376738 -0.911697 -0.163939 130.697
-0.570019 -0.367673 0.734775 441.48
-0.730169 -0.18337 -0.658201 65.1666
0.376738 -0.911697 -0.163939 130.697
-0.570019 -0.367673 0.734775 441.48
-0.730169 -0.18337 -0.658201 65.1666
0.377816 -0.9117 -0.161426 130.996
-0.573867 -0.367407 0.731907 441.191
-0.726589 -0.183889 -0.662007 64.477
0.377816 -0.9117 -0.161426 130.996
-0.573867 -0.367407 0.731907 441.191
-0.726589 -0.183889 -0.662007 64.477
0.375912 -0.912364 -0.162117 130.873
-0.575012 -0.366858 0.731284 441.117
-0.726671 -0.181679 -0.662527 64.4321
0.375912 -0.912364 -0.162117 130.873
-0.575012 -0.366858 0.731284 441.117
-0.726671 -0.181679 -0.662527 64.4321
0.379298 -0.911603 -0.15847 131.048
-0.576854 -0.366885 0.729818 440.885
-0.723445 -0.185405 -0.665021 64.4305
0.379298 -0.911603 -0.15847 131.048
-0.576854 -0.366885 0.729818 440.885
-0.723445 -0.185405 -0.665021 64.4305
0.379294 -0.911581 -0.158605 131.082
-0.577647 -0.367194 0.729036 440.898
-0.722814 -0.184901 -0.665846 64.0951
0.379294 -0.911581 -0.158605 131.082
-0.577647 -0.367194 0.729036 440.898
-0.722814 -0.184901 -0.665846 64.0951
0.378276 -0.911927 -0.159046 131.127
-0.576505 -0.366506 0.730284 440.784
-0.724257 -0.184558 -0.664372 64.378
0.378276 -0.911927 -0.159046 131.127
-0.576505 -0.366506 0.730284 440.784
-0.724257 -0.184558 -0.664372 64.378
0.378026 -0.911896 -0.159819 131.12
-0.575683 -0.366733 0.730819 440.798
-0.725041 -0.184263 -0.663598 64.1997
0.378026 -0.911896 -0.159819 131.12
-0.575683 -0.366733 0.730819 440.798
-0.725041 -0.184263 -0.663598 64.1997
0.378938 -0.911669 -0.158955 131.352
-0.575201 -0.366586 0.731272 440.72
-0.724948 -0.185676 -0.663306 64.2385
0.378938 -0.911669 -0.158955 131.352
-0.575201 -0.366586 0.731272 440.72
-0.724948 -0.185676 -0.663306 64.2385
0.378255 -0.911865 -0.159454 131.386
-0.575087 -0.366457 0.731427 440.654
-0.725395 -0.184966 -0.663015 63.9418
0.378255 -0.911865 -0.159454 131.386
-0.575087 -0.366457 0.731427 440.654
-0.725395 -0.184966 -0.663015 63.9418
0.377659 -0.912306 -0.158341 131.474
-0.577558 -0.365756 0.729828 440.455
-0.723741 -0.184175 -0.665041 63.8082
0.377659 -0.912306 -0.158341 131.474
-0.577558 -0.365756 0.729828 440.455
-0.723741 -0.184175 -0.665041 63.8082
0.376668 -0.912616 -0.158914 131.617
-0.576915 -0.365325 0.730553 440.343
-0.724769 -0.183496 -0.664107 63.6655
0.376668 -0.912616 -0.158914 131.617
-0.576915 -0.365325 0.730553 440.343
-0.724769 -0.183496 -0.664107 63.6655
0.377859 -0.912044 -0.159368 131.62
-0.575597 -0.366227 0.73114 440.343
-0.725197 -0.184536 -0.663352 63.5957
0.377859 -0.912044 -0.159368 131.62
-0.575597 -0.366227 0.73114 440.343
-0.725197 -0.184536 -0.663352 63.5957
0.376815 -0.912276 -0.160508 131.533
-0.574761 -0.366164 0.731829 440.303
-0.726402 -0.18351 -0.662317 63.6355
0.376815 -0.912276 -0.160508 131.533
-0.574761 -0.366164 0.731829 440.303
-0.726402 -0.18351 -0.662317 63.6355
0.377074 -0.912235 -0.160135 131.701
-0.573406 -0.365711 0.733117 440.254
-0.727338 -0.184617 -0.660981 63.7013
0.377074 -0.912235 -0.160135 131.701
-0.573406 -0.365711 0.733117 440.254
-0.727338 -0.184617 -0.660981 63.7013
0.37562 -0.912541 -0.161799 131.773
-0.571993 -0.365632 0.73426 440.295
-0.729201 -0.183255 -0.659306 63.6042
0.37562 -0.912541 -0.161799 131.773
-0.571993 -0.365632 0.73426 440.295
-0.729201 -0.183255 -0.659306 63.6042
0.375676 -0.912431 -0.162288 131.813
-0.571015 -0.365821 0.734927 440.177
-0.729938 -0.183426 -0.658442 63.3518
0.375676 -0.912431 -0.162288 131.813
-0.571015 -0.365821 0.734927 440.177
-0.729938 -0.183426 -0.658442 63.3518
0.37598 -0.912444 -0.161509 131.792
-0.570547 -0.365296 0.735551 440.18
-0.730147 -0.184404 -0.657936 63.5514
0.37598 -0.912444 -0.161509 131.792
-0.570547 -0.365296 0.735551 440.18
-0.730147 -0.184404 -0.657936 63.5514
0.374902 -0.91284 -0.161775 131.826
-0.571573 -0.364985 0.734908 440.153
-0.729899 -0.183052 -0.658589 63.3542
0.374902 -0.91284 -0.161775 131.826
-0.571573 -0.364985 0.734908 440.153
-0.729899 -0.183052 -0.658589 63.3542
0.374859 -0.913051 -0.16068 131.753
-0.57263 -0.364339 0.734406 440.055
-0.729092 -0.183289 -0.659416 63.512
0.374859 -0.913051 -0.16068 131.753
-0.57263 -0.364339 0.734406 440.055
-0.729092 -0.183289 -0.659416 63.512
0.374406 -0.913049 -0.161748 131.894
-0.572012 -0.364713 0.734702 440.145
-0.72981 -0.182555 -0.658825 63.323
0.374406 -0.913049 -0.161748 131.894
-0.572012 -0.364713 0.734702 440.145
-0.72981 -0.182555 -0.658825 63.323
0.374191 -0.913344 -0.160574 131.931
-0.573055 -0.363874 0.734305 440.011
-0.729101 -0.182752 -0.659555 63.0315
0.374191 -0.913344 -0.160574 131.931
-0.573055 -0.363874 0.734305 440.011
-0.729101 -0.182752 -0.659555 63.0315
0.374417 -0.913248 -0.160592 132.141
-0.571723 -0.363718 0.735419 440.015
-0.730031 -0.183539 -0.658307 63.0169
0.374417 -0.913248 -0.160592 132.141
-0.571723 -0.363718 0.735419 440.015
-0.730031 -0.183539 -0.658307 63.0169
0.37284 -0.913886 -0.160633 132.188
-0.571547 -0.362563 0.736127 439.841
-0.730975 -0.182648 -0.657507 63.039
0.37284 -0.913886 -0.160633 132.188
-0.571547 -0.362563 0.736127 439.841
-0.730975 -0.182648 -0.657507 63.039
0.37043 -0.914554 -0.162397 132.069
-0.570546 -0.361995 0.737182 439.868
-0.73298 -0.18042 -0.655888 62.8541
0.37043 -0.914554 -0.162397 132.069
-0.570546 -0.361995 0.737182 439.868
-0.73298 -0.18042 -0.655888 62.8541
0.368372 -0.915298 -0.162886 132.282
-0.569398 -0.360626 0.738739 439.739
-0.734907 -0.179384 -0.654013 62.915
0.368372 -0.915298 -0.162886 132.282
-0.569398 -0.360626 0.738739 439.739
-0.734907 -0.179384 -0.654013 62.915
0.368372 -0.915298 -0.162886 132.282
-0.569398 -0.360626 0.738739 439.739
-0.734907 -0.179384 -0.654013 62.915
0.368928 -0.915313 -0.161535 132.346
-0.570604 -0.360231 0.738 439.621
-0.733691 -0.180096 -0.655181 62.877
0.368928 -0.915313 -0.161535 132.346
-0.570604 -0.360231 0.738 439.621
-0.733691 -0.180096 -0.655181 62.877
0.367855 -0.91553 -0.162751 132.3
-0.568762 -0.359991 0.739538 439.607
-0.735658 -0.179476 -0.653143 62.858
0.367855 -0.91553 -0.162751 132.3
-0.568762 -0.359991 0.739538 439.607
-0.735658 -0.179476 -0.653143 62.858
0.368596 -0.915312 -0.162302 132.355
-0.568365 -0.360063 0.739808 439.539
-0.735594 -0.180443 -0.652949 62.8211
0.368596 -0.915312 -0.162302 132.355
-0.568365 -0.360063 0.739808 439.539
-0.735594 -0.180443 -0.652949 62.8211
0.366898 -0.915774 -0.163535 132.419
-0.567579 -0.359651 0.740612 439.592
-0.737048 -0.17891 -0.651729 62.5851
0.366898 -0.915774 -0.163535 132.419
-0.567579 -0.359651 0.740612 439.592
-0.737048 -0.17891 -0.651729 62.5851
0.366775 -0.915906 -0.163068 132.511
-0.567776 -0.359234 0.740663 439.554
-0.736957 -0.179071 -0.651788 62.5353
0.366775 -0.915906 -0.163068 132.511
-0.567776 -0.359234 0.740663 439.554
-0.736957 -0.179071 -0.651788 62.5353
0.365018 -0.916477 -0.163805 132.494
-0.566754 -0.358329 0.741883 439.489
-0.738615 -0.177964 -0.650213 62.6311
0.365018 -0.916477 -0.163805 132.494
-0.566754 -0.358329 0.741883 439.489
-0.738615 -0.177964 -0.650213 62.6311
0.364137 -0.916785 -0.164041 132.6
-0.566944 -0.357938 0.741927 439.421
-0.738904 -0.177161 -0.650104 62.5566
0.364137 -0.916785 -0.164041 132.6
-0.566944 -0.357938 0.741927 439.421
-0.738904 -0.177161 -0.650104 62.5566
0.363816 -0.916748 -0.164959 132.626
-0.566589 -0.358367 0.741991 439.526
-0.739334 -0.176484 -0.649799 62.2836
0.363816 -0.916748 -0.164959 132.626
-0.566589 -0.358367 0.741991 439.526
-0.739334 -0.176484 -0.649799 62.2836
0.364142 -0.916567 -0.165245 132.833
-0.565866 -0.358658 0.742401 439.357
-0.739727 -0.176833 -0.649257 62.2953
0.364142 -0.916567 -0.165245 132.833
-0.565866 -0.358658 0.742401 439.357
-0.739727 -0.176833 -0.649257 62.2953
0.36357 -0.91676 -0.165431 132.811
-0.565602 -0.358339 0.742756 439.271
-0.74021 -0.176476 -0.648803 62.3767
0.36357 -0.91676 -0.165431 132.811
-0.565602 -0.358339 0.742756 439.271
-0.74021 -0.176476 -0.648803 62.3767
0.363663 -0.916629 -0.165954 132.7
-0.564044 -0.358457 0.743884 439.379
-0.741353 -0.176917 -0.647376 62.4276
0.363663 -0.916629 -0.165954 132.7
-0.564044 -0.358457 0.743884 439.379
-0.741353 -0.176917 -0.647376 62.4276
0.361654 -0.91735 -0.166361 132.816
-0.56481 -0.357547 0.74374 439.182
-0.741752 -0.175014 -0.647437 62.2872
0.361654 -0.91735 -0.166361 132.816
-0.56481 -0.357547 0.74374 439.182
-0.741752 -0.175014 -0.647437 62.2872
0.361654 -0.91735 -0.166361 132.816
-0.56481 -0.357547 0.74374 439.182
-0.741752 -0.175014 -0.647437 62.2872
0.361453 -0.917315 -0.166988 132.874
-0.564874 -0.357927 0.743509 439.235
-0.741801 -0.174417 -0.647541 61.9613
0.361453 -0.917315 -0.166988 132.874
-0.564874 -0.357927 0.743509 439.235
-0.741801 -0.174417 -0.647541 61.9613
0.361127 -0.917537 -0.166474 132.927
-0.56533 -0.357388 0.743422 439.114
-0.741612 -0.174357 -0.647774 61.963
0.361127 -0.917537 -0.166474 132.927
-0.56533 -0.357388 0.743422 439.114
-0.741612 -0.174357 -0.647774 61.963
0.359974 -0.917835 -0.167326 133.038
-0.56469 -0.357114 0.744039 439.116
-0.74266 -0.173347 -0.646844 61.9037
0.359974 -0.917835 -0.167326 133.038
-0.56469 -0.357114 0.744039 439.116
-0.74266 -0.173347 -0.646844 61.9037
0.360694 -0.917684 -0.166603 133.201
-0.563531 -0.356764 0.745085 439.071
-0.743191 -0.174862 -0.645826 61.7271
0.360694 -0.917684 -0.166603 133.201
-0.563531 -0.356764 0.745085 439.071
-0.743191 -0.174862 -0.645826 61.7271
0.35898 -0.917926 -0.168956 133.067
-0.561025 -0.356884 0.746917 439.075
-0.745912 -0.173339 -0.643094 61.9008
0.35898 -0.917926 -0.168956 133.067
-0.561025 -0.356884 0.746917 439.075
-0.745912 -0.173339 -0.643094 61.9008
0.359011 -0.917775 -0.169708 133.237
-0.56026 -0.35734 0.747273 439.024
-0.746472 -0.173198 -0.642481 61.6561
0.359011 -0.917775 -0.169708 133.237
-0.56026 -0.35734 0.747273 439.024
-0.746472 -0.173198 -0.642481 61.6561
0.357751 -0.918222 -0.16995 133.189
-0.56014 -0.356627 0.747703 439.028
-0.747166 -0.172296 -0.641917 61.7222
0.357751 -0.918222 -0.16995 133.189
-0.56014 -0.356627 0.747703 439.028
-0.747166 -0.172296 -0.641917 61.7222
0.358128 -0.918174 -0.169414 133.208
-0.559938 -0.356407 0.74796 438.939
-0.747137 -0.173004 -0.641759 61.9318
0.358128 -0.918174 -0.169414 133.208
-0.559938 -0.356407 0.74796 438.939
-0.747137 -0.173004 -0.641759 61.9318
0.355796 -0.918938 -0.170183 133.232
-0.55989 -0.355394 0.748477 438.811
-0.748286 -0.171022 -0.640952 61.8172
0.355796 -0.918938 -0.170183 133.232
-0.55989 -0.355394 0.748477 438.811
-0.748286 -0.171022 -0.640952 61.8172
0.35455 -0.919149 -0.171637 133.329
-0.557757 -0.355227 0.750147 438.893
-0.750467 -0.170233 -0.638608 61.7518
0.35455 -0.919149 -0.171637 133.329
-0.557757 -0.355227 0.750147 438.893
-0.750467 -0.170233 -0.638608 61.7518
0.35441 -0.919398 -0.170592 133.375
-0.559081 -0.354577 0.749469 438.805
-0.749548 -0.170245 -0.639683 61.4286
0.35441 -0.919398 -0.170592 133.375
-0.559081 -0.354577 0.749469 438.805
-0.749548 -0.170245 -0.639683 61.4286
0.353726 -0.919638 -0.170715 133.398
-0.559482 -0.354293 0.749304 438.761
-0.749572 -0.169537 -0.639843 61.5703
0.353726 -0.919638 -0.170715 133.398
-0.559482 -0.354293 0.749304 438.761
-0.749572 -0.169537 -0.639843 61.5703
0.353726 -0.919638 -0.170715 133.398
-0.559482 -0.354293 0.749304 438.761
-0.749572 -0.169537 -0.639843 61.5703
0.353726 -0.919638 -0.170715 133.398
-0.559482 -0.354293 0.749304 438.761
-0.749572 -0.169537 -0.639843 61.5703
0.353489 -0.919669 -0.17104 133.39
-0.559166 -0.354321 0.749527 438.821
-0.749919 -0.16931 -0.639496 61.3457
0.353489 -0.919669 -0.17104 133.39
-0.559166 -0.354321 0.749527 438.821
-0.749919 -0.16931 -0.639496 61.3457
0.353214 -0.920013 -0.169755 133.548
-0.560052 -0.353283 0.749355 438.654
-0.749388 -0.169611 -0.640039 61.5941
0.353214 -0.920013 -0.169755 133.548
-0.560052 -0.353283 0.749355 438.654
-0.749388 -0.169611 -0.640039 61.5941
0.352316 -0.920185 -0.17068 133.512
-0.561315 -0.353696 0.748214 438.608
-0.748865 -0.167803 -0.641127 61.0735
0.352316 -0.920185 -0.17068 133.512
-0.561315 -0.353696 0.748214 438.608
-0.748865 -0.167803 -0.641127 61.0735
0.353888 -0.919701 -0.170038 133.487
-0.559865 -0.35394 0.749185 438.665
-0.749209 -0.169929 -0.640164 61.1817
0.353888 -0.919701 -0.170038 133.487
-0.559865 -0.35394 0.749185 438.665
-0.749209 -0.169929 -0.640164 61.1817
0.353705 -0.91984 -0.169669 133.474
-0.560339 -0.35362 0.748982 438.51
-0.748941 -0.169846 -0.640499 61.4611
0.353705 -0.91984 -0.169669 133.474
-0.560339 -0.35362 0.748982 438.51
-0.748941 -0.169846 -0.640499 61.4611
0.354299 -0.919613 -0.169658 133.381
-0.560059 -0.353961 0.74903 438.606
-0.74887 -0.170362 -0.640446 61.3152
0.354299 -0.919613 -0.169658 133.381
-0.560059 -0.353961 0.74903 438.606
-0.74887 -0.170362 -0.640446 61.3152
0.352561 -0.920159 -0.170317 133.572
-0.559914 -0.353256 0.749471 438.467
-0.749798 -0.168871 -0.639754 61.1019
0.352561 -0.920159 -0.170317 133.572
-0.559914 -0.353256 0.749471 438.467
-0.749798 -0.168871 -0.639754 61.1019
0.351356 -0.920481 -0.171067 133.521
-0.560286 -0.353114 0.74926 438.45
-0.750085 -0.16741 -0.639801 61.0569
0.351356 -0.920481 -0.171067 133.521
-0.560286 -0.353114 0.74926 438.45
-0.750085 -0.16741 -0.639801 61.0569
0.351155 -0.920443 -0.171682 133.658
-0.559401 -0.353277 0.749844 438.541
-0.75084 -0.167273 -0.638952 60.8823
0.351155 -0.920443 -0.171682 133.658
-0.559401 -0.353277 0.749844 438.541
-0.75084 -0.167273 -0.638952 60.8823
0.350983 -0.920411 -0.172206 133.501
-0.558845 -0.353461 0.750171 438.607
-0.751334 -0.167061 -0.638426 61.038
0.350983 -0.920411 -0.172206 133.501
-0.558845 -0.353461 0.750171 438.607
-0.751334 -0.167061 -0.638426 61.038
0.351076 -0.920659 -0.170685 133.569
-0.560002 -0.352544 0.74974 438.451
-0.750429 -0.167631 -0.639341 61.0966
0.351076 -0.920659 -0.170685 133.569
-0.560002 -0.352544 0.74974 438.451
-0.750429 -0.167631 -0.639341 61.0966
0.351341 -0.92048 -0.1711 133.593
-0.560403 -0.353155 0.749153 438.422
-0.750006 -0.167323 -0.639918 61.0222
0.351341 -0.92048 -0.1711 133.593
-0.560403 -0.353155 0.749153 438.422
-0.750006 -0.167323 -0.639918 61.0222
0.351832 -0.920403 -0.170505 133.588
-0.560305 -0.35299 0.749304 438.374
-0.749848 -0.168095 -0.6399 61.1732
0.351832 -0.920403 -0.170505 133.588
-0.560305 -0.35299 0.749304 438.374
-0.749848 -0.168095 -0.6399 61.1732
0.350212 -0.920915 -0.171076 133.705
-0.560627 -0.352402 0.74934 438.268
-0.750366 -0.166518 -0.639705 61.0654
0.350212 -0.920915 -0.171076 133.705
-0.560627 -0.352402 0.74934 438.268
-0.750366 -0.166518 -0.639705 61.0654
0.350063 -0.920973 -0.171068 133.587
-0.560334 -0.352227 0.749641 438.372
-0.750654 -0.166566 -0.639354 60.853
0.350063 -0.920973 -0.171068 133.587
-0.560334 -0.352227 0.749641 438.372
-0.750654 -0.166566 -0.639354 60.853
0.352131 -0.920384 -0.16999 133.749
-0.559446 -0.352585 0.750136 438.273
-0.75035 -0.169046 -0.639061 60.854
0.352131 -0.920384 -0.16999 133.749
-0.559446 -0.352585 0.750136 438.273
-0.75035 -0.169046 -0.639061 60.854
0.352548 -0.920309 -0.169531 133.923
-0.559535 -0.35252 0.7501 438.228
-0.750087 -0.169587 -0.639226 60.8493
0.352548 -0.920309 -0.169531 133.923
-0.559535 -0.35252 0.7501 438.228
-0.750087 -0.169587 -0.639226 60.8493
0.352919 -0.92032 -0.168698 133.775
-0.561143 -0.352465 0.748924 438.231
-0.74871 -0.169646 -0.640822 60.8341
0.352919 -0.92032 -0.168698 133.775
-0.561143 -0.352465 0.748924 438.231
-0.74871 -0.169646 -0.640822 60.8341
0.354523 -0.919992 -0.167116 133.84
-0.561771 -0.352439 0.748465 438.146
-0.74748 -0.171467 -0.641773 60.8044
0.354523 -0.919992 -0.167116 133.84
-0.561771 -0.352439 0.748465 438.146
-0.74748 -0.171467 -0.641773 60.8044
0.354409 -0.919979 -0.167431 133.81
-0.560767 -0.352386 0.749243 438.192
-0.748288 -0.171648 -0.640783 60.9967
0.354409 -0.919979 -0.167431 133.81
-0.560767 -0.352386 0.749243 438.192
-0.748288 -0.171648 -0.640783 60.9967
0.35421 -0.920203 -0.166621 133.79
-0.563379 -0.352186 0.747374 438.069
-0.746418 -0.170856 -0.643171 60.8294
0.35421 -0.920203 -0.166621 133.79
-0.563379 -0.352186 0.747374 438.069
-0.746418 -0.170856 -0.643171 60.8294
0.353546 -0.920433 -0.166757 133.717
-0.563162 -0.351783 0.747728 438.066
-0.746896 -0.170445 -0.642725 60.9038
0.353546 -0.920433 -0.166757 133.717
-0.563162 -0.351783 0.747728 438.066
-0.746896 -0.170445 -0.642725 60.9038
0.354704 -0.920238 -0.165372 133.838
-0.565672 -0.352045 0.745707 438.045
-0.744446 -0.170959 -0.645424 60.4826
0.354704 -0.920238 -0.165372 133.838
-0.565672 -0.352045 0.745707 438.045
-0.744446 -0.170959 -0.645424 60.4826
0.354382 -0.920436 -0.164956 133.747
-0.566154 -0.351593 0.745555 438.035
-0.744233 -0.170821 -0.645707 60.6511
0.354382 -0.920436 -0.164956 133.747
-0.566154 -0.351593 0.745555 438.035
-0.744233 -0.170821 -0.645707 60.6511
0.355646 -0.919819 -0.165677 133.901
-0.564779 -0.352749 0.746052 438.169
-0.744675 -0.17176 -0.644948 60.6264
0.355646 -0.919819 -0.165677 133.901
-0.564779 -0.352749 0.746052 438.169
-0.744675 -0.17176 -0.644948 60.6264
0.356143 -0.919737 -0.165062 133.901
-0.564223 -0.35247 0.746604 438.077
-0.744859 -0.172766 -0.644467 60.9231
0.356143 -0.919737 -0.165062 133.901
-0.564223 -0.35247 0.746604 438.077
-0.744859 -0.172766 -0.644467 60.9231
0.355012 -0.92011 -0.165424 133.822
-0.565353 -0.35223 0.745862 438.008
-0.744542 -0.171267 -0.645233 60.7625
0.355012 -0.92011 -0.165424 133.822
-0.565353 -0.35223 0.745862 438.008
-0.744542 -0.171267 -0.645233 60.7625
0.355048 -0.920006 -0.16592 133.826
-0.565876 -0.352778 0.745206 438.14
-0.744128 -0.170694 -0.645862 60.6948
0.355048 -0.920006 -0.16592 133.826
-0.565876 -0.352778 0.745206 438.14
-0.744128 -0.170694 -0.645862 60.6948
0.35446 -0.91992 -0.167644 133.805
-0.561471 -0.352756 0.748541 438.166
-0.747736 -0.171201 -0.641546 60.4833
0.35446 -0.91992 -0.167644 133.805
-0.561471 -0.352756 0.748541 438.166
-0.747736 -0.171201 -0.641546 60.4833
0.354487 -0.919959 -0.167375 134.006
-0.560483 -0.352329 0.749481 437.992
-0.748463 -0.17187 -0.640518 60.6488
0.354487 -0.919959 -0.167375 134.006
-0.560483 -0.352329 0.749481 437.992
-0.748463 -0.17187 -0.640518 60.6488
0.352034 -0.92055 -0.169289 133.868
-0.560635 -0.352215 0.749422 438.017
-0.749507 -0.168913 -0.640085 60.4696
0.352034 -0.92055 -0.169289 133.868
-0.560635 -0.352215 0.749422 438.017
-0.749507 -0.168913 -0.640085 60.4696
0.351209 -0.921102 -0.167998 133.892
-0.562597 -0.351033 0.748506 437.903
-0.748423 -0.168367 -0.641495 60.564
0.351209 -0.921102 -0.167998 133.892
-0.562597 -0.351033 0.748506 437.903
-0.748423 -0.168367 -0.641495 60.564
0.352035 -0.920763 -0.168127 133.868
-0.562426 -0.351674 0.748333 437.955
-0.748164 -0.16888 -0.641662 60.3897
0.352035 -0.920763 -0.168127 133.868
-0.562426 -0.351674 0.748333 437.955
-0.748164 -0.16888 -0.641662 60.3897
0.352969 -0.920521 -0.167493 134.048
-0.562627 -0.351856 0.748097 438.053
-0.747572 -0.169819 -0.642104 60.299
0.352969 -0.920521 -0.167493 134.048
-0.562627 -0.351856 0.748097 438.053
-0.747572 -0.169819 -0.642104 60.299
0.350518 -0.921293 -0.168393 133.891
-0.562573 -0.350867 0.748601 437.864
-0.748764 -0.167665 -0.64128 60.3277
0.350518 -0.921293 -0.168393 133.891
-0.562573 -0.350867 0.748601 437.864
-0.748764 -0.167665 -0.64128 60.3277
0.351859 -0.920863 -0.167948 133.918
-0.562493 -0.351421 0.748402 437.953
-0.748196 -0.168862 -0.641629 60.4373
0.351859 -0.920863 -0.167948 133.918
-0.562493 -0.351421 0.748402 437.953
-0.748196 -0.168862 -0.641629 60.4373
0.350742 -0.921172 -0.168591 133.946
-0.562325 -0.351128 0.748665 437.872
-0.748846 -0.167785 -0.641153 60.4397
0.350742 -0.921172 -0.168591 133.946
-0.562325 -0.351128 0.748665 437.872
-0.748846 -0.167785 -0.641153 60.4397
0.350283 -0.921312 -0.168777 133.908
-0.561961 -0.350879 0.749055 437.81
-0.749334 -0.167535 -0.640649 60.2332
0.350283 -0.921312 -0.168777 133.908
-0.561961 -0.350879 0.749055 437.81
-0.749334 -0.167535 -0.640649 60.2332
0.350283 -0.921312 -0.168777 133.908
-0.561961 -0.350879 0.749055 437.81
-0.749334 -0.167535 -0.640649 60.2332
0.350668 -0.921141 -0.168911 133.895
-0.56042 -0.35091 0.750194 437.909
-0.750307 -0.168408 -0.639279 60.2681
0.350668 -0.921141 -0.168911 133.895
-0.56042 -0.35091 0.750194 437.909
-0.750307 -0.168408 -0.639279 60.2681
0.349036 -0.92128 -0.171513 133.848
-0.557864 -0.351332 0.7519 437.933
-0.752968 -0.166759 -0.636577 60.4636
0.349036 -0.92128 -0.171513 133.848
-0.557864 -0.351332 0.7519 437.933
-0.752968 -0.166759 -0.636577 60.4636
0.345549 -0.922102 -0.174139 133.668
-0.55303 -0.350026 0.756069 437.874
-0.758125 -0.164955 -0.630901 60.2021
0.345549 -0.922102 -0.174139 133.668
-0.55303 -0.350026 0.756069 437.874
-0.758125 -0.164955 -0.630901 60.2021
0.342358 -0.922727 -0.177103 133.835
-0.549698 -0.349575 0.758703 437.877
-0.761986 -0.162395 -0.626901 60.3445
0.342358 -0.922727 -0.177103 133.835
-0.549698 -0.349575 0.758703 437.877
-0.761986 -0.162395 -0.626901 60.3445
0.340732 -0.923159 -0.177985 133.834
-0.547776 -0.348795 0.76045 437.824
-0.764097 -0.161614 -0.62453 60.1833
0.340732 -0.923159 -0.177985 133.834
-0.547776 -0.348795 0.76045 437.824
-0.764097 -0.161614 -0.62453 60.1833
0.339024 -0.923398 -0.179999 133.963
-0.544118 -0.348541 0.763187 437.648
-0.767462 -0.160798 -0.620601 60.3913
0.339024 -0.923398 -0.179999 133.963
-0.544118 -0.348541 0.763187 437.648
-0.767462 -0.160798 -0.620601 60.3913
0.33888 -0.923402 -0.180247 133.887
-0.543632 -0.348548 0.76353 437.768
-0.76787 -0.160757 -0.620107 60.3198
0.33888 -0.923402 -0.180247 133.887
-0.543632 -0.348548 0.76353 437.768
-0.76787 -0.160757 -0.620107 60.3198
0.337504 -0.923727 -0.181161 133.82
-0.543334 -0.348324 0.763844 437.72
-0.768686 -0.159369 -0.619454 60.3631
0.337504 -0.923727 -0.181161 133.82
-0.543334 -0.348324 0.763844 437.72
-0.768686 -0.159369 -0.619454 60.3631
0.334916 -0.924166 -0.183707 133.954
-0.539392 -0.347904 0.766824 437.573
-0.772585 -0.157731 -0.615006 60.4068
0.334916 -0.924166 -0.183707 133.954
-0.539392 -0.347904 0.766824 437.573
-0.772585 -0.157731 -0.615006 60.4068
0.334546 -0.924397 -0.183218 133.761
-0.539635 -0.347304 0.766925 437.613
-0.772576 -0.157701 -0.615026 60.3645
0.334546 -0.924397 -0.183218 133.761
-0.539635 -0.347304 0.766925 437.613
-0.772576 -0.157701 -0.615026 60.3645
0.335272 -0.924127 -0.183252 133.858
-0.539835 -0.347853 0.766535 437.6
-0.772121 -0.158072 -0.615502 60.2942
0.335272 -0.924127 -0.183252 133.858
-0.539835 -0.347853 0.766535 437.6
-0.772121 -0.158072 -0.615502 60.2942
0.334019 -0.924567 -0.183325 133.818
-0.539472 -0.347011 0.767172 437.62
-0.772918 -0.157352 -0.614686 60.1166
0.334019 -0.924567 -0.183325 133.818
-0.539472 -0.347011 0.767172 437.62
-0.772918 -0.157352 -0.614686 60.1166
0.334019 -0.924567 -0.183325 133.818
-0.539472 -0.347011 0.767172 437.62
-0.772918 -0.157352 -0.614686 60.1166
0.33457 -0.924152 -0.184406 133.743
-0.538466 -0.348068 0.7674 437.739
-0.77338 -0.157453 -0.614078 60.2663
0.33457 -0.924152 -0.184406 133.743
-0.538466 -0.348068 0.7674 437.739
-0.77338 -0.157453 -0.614078 60.2663
0.33477 -0.924237 -0.183619 133.778
-0.537863 -0.347423 0.768115 437.63
-0.773714 -0.15838 -0.613419 60.3957
0.33477 -0.924237 -0.183619 133.778
-0.537863 -0.347423 0.768115 437.63
-0.773714 -0.15838 -0.613419 60.3957
0.332908 -0.925006 -0.18313 133.965
-0.539584 -0.34614 0.767487 437.55
-0.773318 -0.156688 -0.614351 60.2252
0.332908 -0.925006 -0.18313 133.965
-0.539584 -0.34614 0.767487 437.55
-0.773318 -0.156688 -0.614351 60.2252
0.331765 -0.925371 -0.183357 133.743
-0.539499 -0.345558 0.767809 437.562
-0.773868 -0.155811 -0.613881 60.2577
0.331765 -0.925371 -0.183357 133.743
-0.539499 -0.345558 0.767809 437.562
-0.773868 -0.155811 -0.613881 60.2577
0.333146 -0.924919 -0.183134 133.833
-0.539333 -0.346249 0.767614 437.691
-0.773391 -0.156957 -0.614191 60.1437
