0.909187 -0.170358 -0.379945 107.64
0.371945 0.742462 0.557142 442.74
0.187181 -0.647865 0.7384 70.8236
0.909307 -0.169046 -0.380243 107.595
0.371054 0.743004 0.557013 442.586
0.188362 -0.647586 0.738344 71.2155
0.909453 -0.167418 -0.380613 107.54
0.369948 0.743675 0.556853 442.396
0.189825 -0.647239 0.738274 71.7015
0.909447 -0.167829 -0.380447 107.408
0.370228 0.743352 0.557099 442.567
0.189308 -0.647504 0.738174 71.3653
0.909232 -0.167378 -0.381158 107.483
0.370526 0.742746 0.557708 442.435
0.189756 -0.648315 0.737347 71.475
0.909079 -0.167656 -0.381402 107.514
0.371018 0.742238 0.558057 442.426
0.189529 -0.648825 0.736956 71.3599
0.908909 -0.167874 -0.381709 107.486
0.371191 0.742813 0.557177 442.427
0.190003 -0.648111 0.737463 71.3459
0.909247 -0.167893 -0.380895 107.659
0.37079 0.742521 0.557833 442.366
0.189167 -0.64844 0.737388 71.308
0.908304 -0.166138 -0.383902 107.56
0.371782 0.741271 0.558834 442.196
0.191732 -0.65032 0.735067 71.2406
0.908272 -0.165776 -0.384136 107.595
0.371855 0.740656 0.5596 442.036
0.191744 -0.651112 0.734362 70.9917
0.908332 -0.166301 -0.383768 107.555
0.372158 0.740095 0.560142 441.851
0.190873 -0.651617 0.734141 70.9155
0.908294 -0.163797 -0.384933 107.918
0.372106 0.7368 0.564503 441.38
0.191155 -0.65597 0.73018 70.3717
0.907819 -0.16175 -0.386912 108.047
0.372415 0.735122 0.566483 441.119
0.192799 -0.658356 0.727596 69.9778
0.907486 -0.16163 -0.387743 108.215
0.373325 0.7335 0.567984 440.974
0.192606 -0.660192 0.725982 69.6125
0.906976 -0.163161 -0.388294 108.319
0.374378 0.734683 0.565758 440.714
0.192963 -0.658498 0.727424 69.5944
0.906523 -0.163747 -0.389105 108.384
0.375001 0.735657 0.564077 440.586
0.193882 -0.657264 0.728295 69.0226
0.90584 -0.163385 -0.390844 108.527
0.376006 0.735077 0.564164 440.245
0.195125 -0.658002 0.727296 68.8249
0.905453 -0.163394 -0.391736 108.705
0.376971 0.733714 0.565293 440.173
0.195057 -0.659519 0.725939 68.5997
0.905781 -0.161995 -0.39156 108.685
0.376262 0.732493 0.567346 440.033
0.194907 -0.66122 0.72443 68.5423
0.905754 -0.162187 -0.391541 108.789
0.376513 0.732045 0.567757 439.903
0.194543 -0.661669 0.724118 68.4169
0.906145 -0.163002 -0.390296 108.873
0.37612 0.732633 0.567259 439.722
0.19348 -0.660817 0.72518 68.3294
0.906229 -0.162213 -0.390431 108.998
0.375875 0.73191 0.568354 439.495
0.193566 -0.661812 0.72425 67.9959
0.905944 -0.161231 -0.391498 109.197
0.376058 0.731271 0.569055 439.235
0.194542 -0.662758 0.723122 67.8072
0.905599 -0.160712 -0.392508 109.333
0.376529 0.730619 0.569581 439.13
0.195236 -0.663602 0.72216 67.4295
0.905061 -0.158522 -0.394634 109.272
0.376238 0.731057 0.56921 439.013
0.198267 -0.663646 0.721293 67.6069
0.904163 -0.157216 -0.397205 109.68
0.377779 0.728347 0.571659 438.721
0.199429 -0.666929 0.717937 66.9033
0.903748 -0.158057 -0.397815 109.705
0.378712 0.72843 0.570936 438.674
0.19954 -0.666639 0.718175 66.6713
0.904459 -0.158547 -0.396002 109.958
0.378281 0.727144 0.572857 438.468
0.197125 -0.667925 0.717647 66.1044
0.904684 -0.157479 -0.395914 110.031
0.377449 0.727311 0.573194 438.216
0.197686 -0.667997 0.717426 66.3798
0.904259 -0.156841 -0.397136 110.092
0.377555 0.728096 0.572126 438.181
0.19942 -0.667291 0.717604 66.3441
0.904554 -0.156095 -0.396756 110.105
0.377161 0.726908 0.573894 437.977
0.198823 -0.668759 0.716401 65.9618
0.90459 -0.156999 -0.396318 110.435
0.37702 0.728515 0.571945 437.91
0.198929 -0.666796 0.718199 65.9392
0.90487 -0.158812 -0.394955 110.46
0.37765 0.727645 0.572636 437.785
0.196445 -0.667316 0.7184 65.6203
0.9052 -0.15859 -0.394286 110.666
0.377126 0.727473 0.573201 437.548
0.195929 -0.667557 0.718317 65.5086
0.905515 -0.158367 -0.393654 110.774
0.376619 0.727319 0.573729 437.359
0.195452 -0.667777 0.718242 65.3438
0.905425 -0.160717 -0.392907 110.956
0.377444 0.728366 0.571856 437.319
0.194273 -0.666073 0.720142 65.0739
0.906483 -0.161466 -0.390151 111.158
0.376086 0.728814 0.57218 437.174
0.19196 -0.665401 0.721382 64.7172
0.906954 -0.160432 -0.389483 111.255
0.375115 0.728263 0.573518 437.015
0.191635 -0.666255 0.720681 64.7801
0.907029 -0.160551 -0.389259 111.42
0.3747 0.729492 0.572225 436.844
0.19209 -0.66488 0.721828 64.8279
0.906977 -0.16054 -0.389383 111.484
0.375041 0.728555 0.573194 436.769
0.191667 -0.665908 0.720992 64.3968
0.90719 -0.15973 -0.38922 111.753
0.374207 0.72917 0.572957 436.605
0.192289 -0.66543 0.721268 64.3568
0.908344 -0.162573 -0.385333 111.917
0.373 0.731642 0.570589 436.417
0.189164 -0.66202 0.725222 63.9534
0.908802 -0.162893 -0.384115 111.918
0.372632 0.731017 0.571629 436.196
0.18768 -0.662631 0.725049 63.7333
0.909627 -0.162233 -0.38244 112.006
0.37123 0.730637 0.573025 436.19
0.186461 -0.663212 0.724832 63.5445
0.910296 -0.162864 -0.380573 112.132
0.370195 0.731692 0.572348 436.013
0.185247 -0.661892 0.726348 63.6243
0.910694 -0.162529 -0.379765 112.318
0.369641 0.731024 0.573559 435.917
0.184397 -0.662713 0.725816 63.4
0.910843 -0.16267 -0.379345 112.355
0.369892 0.729515 0.575315 435.822
0.183151 -0.664339 0.724644 63.1613
0.911158 -0.161696 -0.379006 112.429
0.36949 0.727756 0.577796 435.635
0.182396 -0.666502 0.722846 62.6963
0.911153 -0.162397 -0.378717 112.466
0.369227 0.729803 0.575377 435.559
0.18295 -0.664089 0.724924 62.9544
0.911241 -0.163504 -0.378029 112.518
0.368989 0.731867 0.572903 435.494
0.182995 -0.661542 0.727238 62.7756
0.911761 -0.16693 -0.375268 112.607
0.368843 0.734728 0.569323 435.418
0.180683 -0.657502 0.731468 62.5952
0.91186 -0.166821 -0.375075 112.689
0.368629 0.734794 0.569377 435.319
0.180619 -0.657456 0.731525 62.4288
0.912104 -0.165332 -0.375141 112.716
0.367849 0.734019 0.570879 435.1
0.180976 -0.658697 0.730319 62.3627
0.9122 -0.164105 -0.375447 112.807
0.367468 0.73301 0.57242 434.995
0.18127 -0.660126 0.728955 62.175
0.911991 -0.164365 -0.375842 112.867
0.367836 0.733226 0.571906 434.954
0.181576 -0.659821 0.729155 62.0537
0.912021 -0.164933 -0.37552 112.913
0.367867 0.73381 0.571137 434.779
0.181361 -0.65903 0.729923 61.7762
0.911338 -0.165568 -0.376897 113.009
0.368605 0.735843 0.568037 434.633
0.183288 -0.656599 0.73163 62.0048
0.911566 -0.166011 -0.376149 113.022
0.368299 0.736374 0.567547 434.624
0.182768 -0.655892 0.732395 61.8372
0.911681 -0.164751 -0.376425 113.142
0.36786 0.735425 0.569061 434.504
0.183078 -0.657273 0.731078 61.7249
0.911697 -0.163939 -0.376738 113.193
0.367673 0.734775 0.570019 434.42
0.18337 -0.658201 0.730169 61.6459
0.9117 -0.161426 -0.377816 113.492
0.367407 0.731907 0.573867 434.137
0.183889 -0.662007 0.726589 60.9463
0.912364 -0.162117 -0.375912 113.356
0.366858 0.731284 0.575012 434.073
0.181679 -0.662527 0.726671 60.9439
0.911587 -0.158569 -0.379295 113.571
0.367113 0.729241 0.577438 433.846
0.185034 -0.66563 0.72298 60.6306
0.911927 -0.159046 -0.378276 113.618
0.366506 0.730284 0.576505 433.747
0.184558 -0.664372 0.724257 60.8344
0.911875 -0.159738 -0.378111 113.634
0.366719 0.730861 0.575638 433.749
0.184395 -0.663571 0.725033 60.6629
0.911742 -0.159141 -0.378683 113.859
0.366538 0.73133 0.575158 433.657
0.185411 -0.663197 0.725115 60.5679
0.912161 -0.158706 -0.377855 113.931
0.365986 0.730353 0.576748 433.493
0.184434 -0.664377 0.724284 60.3109
0.912565 -0.158821 -0.37683 114.072
0.365395 0.730434 0.57702 433.346
0.183607 -0.66426 0.724601 60.1636
0.912094 -0.159615 -0.377633 114.089
0.366213 0.731289 0.575416 433.303
0.184314 -0.663128 0.725458 60.0655
0.912253 -0.1603 -0.376959 114.112
0.365911 0.732548 0.574005 433.25
0.184128 -0.661572 0.726925 60.137
0.912541 -0.161799 -0.37562 114.252
0.365632 0.73426 0.571993 433.275
0.183255 -0.659306 0.729201 60.0857
0.912434 -0.162102 -0.375749 114.289
0.365696 0.735076 0.570903 433.156
0.183659 -0.658321 0.729988 59.8731
0.912646 -0.161644 -0.375431 114.286
0.365138 0.735223 0.57107 433.156
0.183716 -0.658269 0.730021 59.9237
0.913018 -0.160851 -0.374866 114.234
0.36444 0.734485 0.572465 433.073
0.183252 -0.659287 0.729218 59.969
0.913049 -0.161748 -0.374406 114.363
0.364713 0.734702 0.572012 433.142
0.182555 -0.658825 0.72981 59.8179
0.913328 -0.160577 -0.374229 114.43
0.363848 0.734494 0.57283 433.026
0.182885 -0.659344 0.729259 59.5176
0.913505 -0.160609 -0.373783 114.62
0.363254 0.735704 0.571653 432.971
0.183181 -0.657986 0.730411 59.5087
0.914554 -0.162397 -0.37043 114.51
0.361995 0.737182 0.570546 432.918
0.18042 -0.655888 0.73298 59.39
0.915298 -0.162886 -0.368372 114.708
0.360626 0.738739 0.569398 432.815
0.179384 -0.654013 0.734907 59.4708
0.915313 -0.161535 -0.368928 114.772
0.360231 0.738 0.570604 432.704
0.180096 -0.655181 0.733691 59.4191
0.915487 -0.162663 -0.368001 114.733
0.360005 0.739591 0.568684 432.681
0.179667 -0.653105 0.735645 59.4012
0.915575 -0.163005 -0.367629 114.813
0.359828 0.740266 0.567917 432.661
0.17957 -0.652255 0.736423 59.239
0.915906 -0.163068 -0.366775 114.926
0.359234 0.740663 0.567776 432.657
0.179071 -0.651788 0.736957 59.0971
0.916477 -0.163805 -0.365018 114.898
0.358329 0.741883 0.566754 432.609
0.177964 -0.650213 0.738615 59.2142
0.916766 -0.164515 -0.363971 115.011
0.358159 0.74196 0.566761 432.598
0.176812 -0.649946 0.739126 59.0209
0.916598 -0.165196 -0.364086 115.199
0.358608 0.74233 0.565991 432.501
0.176773 -0.649351 0.739659 58.8992
0.91676 -0.165431 -0.36357 115.209
0.358339 0.742756 0.565602 432.39
0.176476 -0.648803 0.74021 58.9884
0.916739 -0.166016 -0.363358 115.116
0.358319 0.743862 0.56416 432.47
0.176628 -0.647385 0.741414 59.015
0.91735 -0.166361 -0.361654 115.203
0.357547 0.74374 0.56481 432.317
0.175014 -0.647437 0.741752 58.9269
0.917373 -0.166853 -0.361367 115.275
0.357786 0.743486 0.564994 432.334
0.174401 -0.647602 0.741752 58.6133
0.917737 -0.167047 -0.360352 115.381
0.357203 0.743837 0.5649 432.257
0.173678 -0.647149 0.742317 58.5885
0.917684 -0.166603 -0.360694 115.581
0.356764 0.745085 0.563531 432.221
0.174862 -0.645826 0.743191 58.3698
0.917885 -0.169157 -0.358988 115.489
0.357005 0.747012 0.560821 432.207
0.173302 -0.64293 0.746061 58.5081
0.917998 -0.169829 -0.358382 115.587
0.356984 0.747488 0.5602 432.172
0.172748 -0.642199 0.746819 58.3724
0.918184 -0.169527 -0.358048 115.575
0.356454 0.747906 0.55998 432.114
0.172855 -0.641793 0.747144 58.5688
0.918938 -0.170183 -0.355796 115.588
0.355394 0.748477 0.55989 431.987
0.171022 -0.640952 0.748286 58.5336
0.919184 -0.171489 -0.354531 115.687
0.355135 0.750051 0.557945 432.062
0.170235 -0.63876 0.750337 58.4375
0.919508 -0.170648 -0.354096 115.731
0.354446 0.749393 0.559265 431.979
0.169919 -0.639757 0.749559 58.2313
0.919638 -0.170715 -0.353726 115.741
0.354293 0.749304 0.559482 431.958
0.169537 -0.639843 0.749572 58.3152
0.919841 -0.170398 -0.353352 115.808
0.353803 0.749441 0.559608 431.944
0.16946 -0.639767 0.749654 58.216
0.920152 -0.170499 -0.352492 115.852
0.353615 0.748438 0.561068 431.827
0.168157 -0.640914 0.748968 57.9468
0.919722 -0.170065 -0.35382 115.829
0.353929 0.749143 0.559927 431.867
0.169838 -0.640205 0.749195 57.9162
0.919839 -0.169669 -0.353706 115.813
0.35362 0.748982 0.560338 431.72
0.169847 -0.640499 0.748941 58.1998
0.919781 -0.16986 -0.353767 115.78
0.353745 0.749165 0.560015 431.771
0.169906 -0.640234 0.749155 57.9876
0.92037 -0.170808 -0.351773 115.868
0.353163 0.749333 0.560157 431.675
0.167916 -0.639785 0.749986 57.8485
0.920444 -0.171666 -0.35116 115.982
0.353272 0.749829 0.559424 431.756
0.167276 -0.638974 0.75082 57.6752
0.9205 -0.171657 -0.351017 115.852
0.35313 0.750016 0.559263 431.77
0.167267 -0.638756 0.751007 57.8476
0.92048 -0.1711 -0.351341 115.92
0.353155 0.749153 0.560403 431.642
0.167323 -0.639918 0.750006 57.8096
0.920403 -0.170505 -0.351832 115.916
0.35299 0.749304 0.560305 431.597
0.168095 -0.6399 0.749848 57.9458
0.92092 -0.171075 -0.350198 116.012
0.352386 0.749368 0.5606 431.512
0.166523 -0.639673 0.750392 57.8488
0.920661 -0.170496 -0.351161 115.996
0.352417 0.749904 0.559863 431.553
0.167883 -0.639199 0.750493 57.6302
0.920325 -0.169628 -0.352459 116.216
0.352534 0.750108 0.559516 431.469
0.169473 -0.639191 0.750143 57.5964
0.920301 -0.168608 -0.353011 116.109
0.352463 0.748898 0.561179 431.459
0.16975 -0.640877 0.74864 57.5732
0.919987 -0.167233 -0.35448 116.165
0.352419 0.748755 0.561397 431.396
0.171534 -0.641404 0.747781 57.5826
0.920119 -0.166923 -0.354284 116.131
0.352261 0.748072 0.562405 431.351
0.171152 -0.64228 0.747116 57.6057
0.920422 -0.16675 -0.353579 116.049
0.351803 0.747711 0.563173 431.312
0.170465 -0.642746 0.746873 57.6273
0.920247 -0.165352 -0.354688 116.165
0.352023 0.7457 0.565696 431.285
0.170952 -0.645438 0.744436 57.2086
0.92029 -0.165127 -0.354681 116.114
0.351867 0.745673 0.565828 431.311
0.171043 -0.645527 0.744338 57.3612
0.919737 -0.165062 -0.356143 116.242
0.35247 0.746604 0.564223 431.31
0.172766 -0.644467 0.744859 57.606
0.920095 -0.165492 -0.355017 116.157
0.352305 0.745772 0.565425 431.262
0.171188 -0.645319 0.744485 57.4664
0.919958 -0.166884 -0.354721 116.151
0.352766 0.747073 0.563416 431.382
0.170977 -0.643452 0.746147 57.2938
0.919952 -0.167424 -0.354482 116.306
0.352407 0.74931 0.560664 431.258
0.171748 -0.640706 0.74833 57.321
0.92055 -0.169289 -0.352034 116.193
0.352215 0.749422 0.560635 431.255
0.168913 -0.640085 0.749507 57.2265
0.92105 -0.168018 -0.351335 116.204
0.35113 0.74848 0.562571 431.169
0.168445 -0.64152 0.748384 57.3033
0.920679 -0.167906 -0.352361 116.254
0.351737 0.748251 0.562496 431.236
0.169208 -0.641817 0.747957 57.1092
0.921057 -0.168117 -0.351271 116.255
0.351171 0.748446 0.56259 431.18
0.168327 -0.641534 0.748399 57.087
0.920883 -0.167989 -0.351788 116.239
0.351402 0.748419 0.562482 431.201
0.168793 -0.641599 0.748238 57.1966
0.921199 -0.168627 -0.350652 116.251
0.351079 0.748741 0.562254 431.119
0.167737 -0.641055 0.748941 57.1789
0.921275 -0.168806 -0.350367 116.217
0.350886 0.749304 0.561625 431.094
0.167726 -0.64035 0.749547 57.0205
0.921245 -0.170844 -0.349457 116.172
0.351223 0.751462 0.558523 431.184
0.167183 -0.637273 0.752285 57.2034
0.922102 -0.174139 -0.345549 115.964
0.350026 0.756069 0.55303 431.153
0.164955 -0.630901 0.758125 57.0349
0.922727 -0.177103 -0.342358 116.119
0.349575 0.758703 0.549698 431.165
0.162395 -0.626901 0.761986 57.2265
0.923201 -0.178332 -0.340439 116.13
0.348751 0.760922 0.547148 431.097
0.161473 -0.623855 0.764677 57.1188
0.9234 -0.180121 -0.338953 116.196
0.348545 0.763356 0.543879 431.015
0.160778 -0.620358 0.767663 57.2691
0.923727 -0.181161 -0.337504 116.084
0.348324 0.763844 0.543334 431.032
0.159369 -0.619454 0.768686 57.3032
0.924209 -0.183617 -0.334848 116.174
0.347795 0.766842 0.539436 430.903
0.157726 -0.61501 0.772584 57.3708
0.924288 -0.183232 -0.334841 116.054
0.347527 0.766767 0.539716 430.935
0.157852 -0.615219 0.772391 57.3052
0.924417 -0.1833 -0.334446 116.083
0.347299 0.766955 0.539596 430.945
0.157597 -0.614964 0.772646 57.1513
0.924228 -0.184209 -0.33447 116.011
0.347876 0.767359 0.538649 431.038
0.157434 -0.614188 0.773296 57.2164
0.924237 -0.183619 -0.33477 116.033
0.347423 0.768115 0.537863 430.96
0.15838 -0.613419 0.773714 57.3548
0.925006 -0.18313 -0.332908 116.205
0.34614 0.767487 0.539584 430.904
0.156688 -0.614351 0.773318 57.2167
0.925068 -0.183207 -0.332693 116.043
0.346023 0.767678 0.539388 431.005
0.156581 -0.61409 0.773548 57.1747
0.924474 -0.182761 -0.334585 115.976
0.346982 0.766964 0.539787 430.994
0.157963 -0.615113 0.772453 57.1797
0.924691 -0.181378 -0.334737 116.007
0.346121 0.766717 0.540689 430.933
0.15858 -0.61583 0.771755 57.2774
0.924716 -0.181422 -0.334644 116.04
0.346377 0.765632 0.542062 430.891
0.157873 -0.617166 0.770832 57.1083
0.924563 -0.181656 -0.334938 115.972
0.346574 0.766202 0.541128 430.997
0.158331 -0.616388 0.77136 57.1121
0.924627 -0.180942 -0.335149 116.105
0.346439 0.765174 0.542668 430.905
0.158256 -0.617874 0.770186 56.9517
0.92488 -0.180282 -0.334806 116.027
0.345889 0.764651 0.543755 430.883
0.157981 -0.618714 0.769568 57.3618
0.924551 -0.180862 -0.335403 115.998
0.346493 0.765319 0.54243 430.964
0.158585 -0.617718 0.770244 57.1977
0.92473 -0.179647 -0.335562 115.897
0.345764 0.765059 0.543261 430.984
0.159129 -0.618395 0.769588 57.1959
0.924848 -0.180251 -0.334911 115.781
0.346032 0.764241 0.544241 431.058
0.157853 -0.61923 0.769179 57.1272
