0.17301 -0.907246 -0.383369 125.359
-0.149601 -0.408929 0.90022 436.637
-0.973492 -0.0983947 -0.206474 63.0092
0.17301 -0.907246 -0.383369 125.359
-0.149601 -0.408929 0.90022 436.637
-0.973492 -0.0983947 -0.206474 63.0092
0.172888 -0.907216 -0.383495 125.437
-0.148607 -0.408928 0.900385 436.718
-0.973666 -0.0986758 -0.205518 62.9762
0.172888 -0.907216 -0.383495 125.437
-0.148607 -0.408928 0.900385 436.718
-0.973666 -0.0986758 -0.205518 62.9762
0.172809 -0.907374 -0.383157 125.457
-0.151018 -0.408819 0.900034 436.641
-0.973309 -0.0976706 -0.207677 62.7233
0.172809 -0.907374 -0.383157 125.457
-0.151018 -0.408819 0.900034 436.641
-0.973309 -0.0976706 -0.207677 62.7233
0.175834 -0.907065 -0.382512 125.418
-0.149969 -0.408712 0.900258 436.705
-0.972929 -0.100931 -0.207897 62.8034
0.175834 -0.907065 -0.382512 125.418
-0.149969 -0.408712 0.900258 436.705
-0.972929 -0.100931 -0.207897 62.8034
0.174163 -0.90774 -0.381674 125.473
-0.150829 -0.407616 0.900611 436.625
-0.973097 -0.0992855 -0.207905 62.8309
0.174163 -0.90774 -0.381674 125.473
-0.150829 -0.407616 0.900611 436.625
-0.973097 -0.0992855 -0.207905 62.8309
0.174702 -0.907607 -0.381745 125.486
-0.149794 -0.407693 0.900748 436.64
-0.97316 -0.10018 -0.207179 62.9984
0.174702 -0.907607 -0.381745 125.486
-0.149794 -0.407693 0.900748 436.64
-0.97316 -0.10018 -0.207179 62.9984
0.174847 -0.907557 -0.381797 125.464
-0.149856 -0.407782 0.900698 436.71
-0.973125 -0.10027 -0.207302 62.7645
0.174847 -0.907557 -0.381797 125.464
-0.149856 -0.407782 0.900698 436.71
-0.973125 -0.10027 -0.207302 62.7645
0.175982 -0.907821 -0.380645 125.432
-0.149808 -0.406874 0.901116 436.652
-0.972928 -0.101557 -0.207601 63.0995
0.175982 -0.907821 -0.380645 125.432
-0.149808 -0.406874 0.901116 436.652
-0.972928 -0.101557 -0.207601 63.0995
0.176943 -0.907555 -0.380835 125.357
-0.148442 -0.407122 0.901231 436.742
-0.972963 -0.102934 -0.206757 63.2243
0.176943 -0.907555 -0.380835 125.357
-0.148442 -0.407122 0.901231 436.742
-0.972963 -0.102934 -0.206757 63.2243
0.177313 -0.907612 -0.380527 125.251
-0.14951 -0.407008 0.901106 436.825
-0.972732 -0.102885 -0.207865 63.0805
0.177313 -0.907612 -0.380527 125.251
-0.14951 -0.407008 0.901106 436.825
-0.972732 -0.102885 -0.207865 63.0805
0.177915 -0.908249 -0.378721 125.37
-0.15219 -0.405627 0.90128 436.727
-0.972206 -0.102714 -0.210394 62.987
0.177915 -0.908249 -0.378721 125.37
-0.15219 -0.405627 0.90128 436.727
-0.972206 -0.102714 -0.210394 62.987
0.177937 -0.908575 -0.377928 125.3
-0.151337 -0.404755 0.901815 436.907
-0.972335 -0.103271 -0.209522 63.1066
0.177937 -0.908575 -0.377928 125.3
-0.151337 -0.404755 0.901815 436.907
-0.972335 -0.103271 -0.209522 63.1066
0.178208 -0.908987 -0.376809 125.305
-0.152552 -0.403831 0.902025 436.908
-0.972095 -0.103265 -0.210634 63.1801
0.178208 -0.908987 -0.376809 125.305
-0.152552 -0.403831 0.902025 436.908
-0.972095 -0.103265 -0.210634 63.1801
0.178786 -0.909069 -0.376337 125.223
-0.154678 -0.403713 0.901715 436.951
-0.971653 -0.103004 -0.212791 62.8943
0.178786 -0.909069 -0.376337 125.223
-0.154678 -0.403713 0.901715 436.951
-0.971653 -0.103004 -0.212791 62.8943
0.179779 -0.909346 -0.375192 125.213
-0.154491 -0.402773 0.902167 437.062
-0.9715 -0.104227 -0.212896 63.1055
0.179779 -0.909346 -0.375192 125.213
-0.154491 -0.402773 0.902167 437.062
-0.9715 -0.104227 -0.212896 63.1055
0.180706 -0.909364 -0.374703 125.228
-0.156004 -0.402653 0.901961 436.958
-0.971086 -0.104534 -0.214626 63.2523
0.180706 -0.909364 -0.374703 125.228
-0.156004 -0.402653 0.901961 436.958
-0.971086 -0.104534 -0.214626 63.2523
0.181542 -0.909307 -0.374438 125.236
-0.15543 -0.402512 0.902123 437.058
-0.971022 -0.105574 -0.214406 63.2502
0.181542 -0.909307 -0.374438 125.236
-0.15543 -0.402512 0.902123 437.058
-0.971022 -0.105574 -0.214406 63.2502
0.183344 -0.909256 -0.373683 125.203
-0.154495 -0.402054 0.902487 437.19
-0.970833 -0.107734 -0.21419 63.4285
0.183344 -0.909256 -0.373683 125.203
-0.154495 -0.402054 0.902487 437.19
-0.970833 -0.107734 -0.21419 63.4285
0.183344 -0.909256 -0.373683 125.203
-0.154495 -0.402054 0.902487 437.19
-0.970833 -0.107734 -0.21419 63.4285
0.183056 -0.909161 -0.374055 125.219
-0.154434 -0.402353 0.902365 437.239
-0.970897 -0.107416 -0.214058 63.33
0.183056 -0.909161 -0.374055 125.219
-0.154434 -0.402353 0.902365 437.239
-0.970897 -0.107416 -0.214058 63.33
0.183567 -0.909043 -0.37409 125.166
-0.154285 -0.402483 0.902332 437.259
-0.970824 -0.107922 -0.214134 63.4994
0.183567 -0.909043 -0.37409 125.166
-0.154285 -0.402483 0.902332 437.259
-0.970824 -0.107922 -0.214134 63.4994
0.18389 -0.908898 -0.374285 125.002
-0.154174 -0.402736 0.902238 437.443
-0.97078 -0.108208 -0.214188 63.3215
0.18389 -0.908898 -0.374285 125.002
-0.154174 -0.402736 0.902238 437.443
-0.97078 -0.108208 -0.214188 63.3215
0.18472 -0.909084 -0.373424 125.133
-0.15458 -0.402108 0.902449 437.396
-0.970558 -0.108977 -0.214804 63.5719
0.18472 -0.909084 -0.373424 125.133
-0.15458 -0.402108 0.902449 437.396
-0.970558 -0.108977 -0.214804 63.5719
0.184695 -0.908933 -0.373802 125.048
-0.15577 -0.402612 0.90202 437.392
-0.970373 -0.108371 -0.215945 63.3797
0.184695 -0.908933 -0.373802 125.048
-0.15577 -0.402612 0.90202 437.392
-0.970373 -0.108371 -0.215945 63.3797
0.187042 -0.908881 -0.372761 125.044
-0.155317 -0.402045 0.90235 437.429
-0.969996 -0.110881 -0.216364 63.6337
0.187042 -0.908881 -0.372761 125.044
-0.155317 -0.402045 0.90235 437.429
-0.969996 -0.110881 -0.216364 63.6337
0.185646 -0.909106 -0.372909 125.05
-0.155071 -0.401857 0.902477 437.474
-0.970303 -0.109714 -0.215579 63.7147
0.185646 -0.909106 -0.372909 125.05
-0.155071 -0.401857 0.902477 437.474
-0.970303 -0.109714 -0.215579 63.7147
0.185928 -0.909102 -0.372779 124.988
-0.155068 -0.401789 0.902507 437.491
-0.97025 -0.109995 -0.215677 63.7927
0.185928 -0.909102 -0.372779 124.988
-0.155068 -0.401789 0.902507 437.491
-0.97025 -0.109995 -0.215677 63.7927
0.185901 -0.90944 -0.371967 125.046
-0.158359 -0.401349 0.902132 437.468
-0.969723 -0.108803 -0.218629 63.3402
0.185901 -0.90944 -0.371967 125.046
-0.158359 -0.401349 0.902132 437.468
-0.969723 -0.108803 -0.218629 63.3402
0.18668 -0.909233 -0.372084 125.042
-0.158079 -0.401607 0.902066 437.474
-0.969619 -0.109579 -0.218703 63.4447
0.18668 -0.909233 -0.372084 125.042
-0.158079 -0.401607 0.902066 437.474
-0.969619 -0.109579 -0.218703 63.4447
0.186437 -0.90931 -0.372016 125.03
-0.157564 -0.401427 0.902236 437.546
-0.96975 -0.109593 -0.218115 63.5532
0.186437 -0.90931 -0.372016 125.03
-0.157564 -0.401427 0.902236 437.546
-0.96975 -0.109593 -0.218115 63.5532
0.18704 -0.909204 -0.371974 124.861
-0.15747 -0.40151 0.902216 437.681
-0.969649 -0.110176 -0.218271 63.6227
0.18704 -0.909204 -0.371974 124.861
-0.15747 -0.40151 0.902216 437.681
-0.969649 -0.110176 -0.218271 63.6227
0.18704 -0.909204 -0.371974 124.861
-0.15747 -0.40151 0.902216 437.681
-0.969649 -0.110176 -0.218271 63.6227
0.18704 -0.909204 -0.371974 124.861
-0.15747 -0.40151 0.902216 437.681
-0.969649 -0.110176 -0.218271 63.6227
0.186701 -0.909146 -0.372285 124.929
-0.156907 -0.401679 0.902238 437.733
-0.969806 -0.110034 -0.217645 63.678
0.186701 -0.909146 -0.372285 124.929
-0.156907 -0.401679 0.902238 437.733
-0.969806 -0.110034 -0.217645 63.678
0.187449 -0.909253 -0.371648 124.821
-0.157223 -0.401249 0.902375 437.69
-0.96961 -0.110717 -0.218169 63.904
0.187449 -0.909253 -0.371648 124.821
-0.157223 -0.401249 0.902375 437.69
-0.96961 -0.110717 -0.218169 63.904
0.186463 -0.909583 -0.371335 124.858
-0.158843 -0.400902 0.902245 437.61
-0.969536 -0.109252 -0.219234 63.8227
0.186463 -0.909583 -0.371335 124.858
-0.158843 -0.400902 0.902245 437.61
-0.969536 -0.109252 -0.219234 63.8227
0.189222 -0.90926 -0.370731 124.787
-0.158255 -0.400855 0.902369 437.827
-0.969098 -0.112078 -0.219745 63.9328
0.189222 -0.90926 -0.370731 124.787
-0.158255 -0.400855 0.902369 437.827
-0.969098 -0.112078 -0.219745 63.9328
0.188301 -0.90893 -0.372006 124.676
-0.158159 -0.401903 0.90192 437.813
-0.969293 -0.110996 -0.219434 63.9035
0.188301 -0.90893 -0.372006 124.676
-0.158159 -0.401903 0.90192 437.813
-0.969293 -0.110996 -0.219434 63.9035
0.18952 -0.908845 -0.371595 124.805
-0.158635 -0.401824 0.901872 437.728
-0.968977 -0.111975 -0.220328 63.8514
0.18952 -0.908845 -0.371595 124.805
-0.158635 -0.401824 0.901872 437.728
-0.968977 -0.111975 -0.220328 63.8514
0.1895 -0.908694 -0.371975 124.793
-0.157859 -0.402106 0.901882 437.749
-0.969108 -0.112188 -0.219644 63.9847
0.1895 -0.908694 -0.371975 124.793
-0.157859 -0.402106 0.901882 437.749
-0.969108 -0.112188 -0.219644 63.9847
0.187874 -0.909205 -0.371551 124.686
-0.158138 -0.401353 0.902169 437.784
-0.969379 -0.110738 -0.219184 63.978
0.187874 -0.909205 -0.371551 124.686
-0.158138 -0.401353 0.902169 437.784
-0.969379 -0.110738 -0.219184 63.978
0.188173 -0.908957 -0.372005 124.676
-0.158501 -0.401912 0.901856 437.8
-0.969262 -0.110742 -0.219699 64.0129
0.188173 -0.908957 -0.372005 124.676
-0.158501 -0.401912 0.901856 437.8
-0.969262 -0.110742 -0.219699 64.0129
0.1881 -0.908903 -0.372173 124.6
-0.157826 -0.401985 0.901942 437.902
-0.969386 -0.110916 -0.219062 64.0389
0.1881 -0.908903 -0.372173 124.6
-0.157826 -0.401985 0.901942 437.902
-0.969386 -0.110916 -0.219062 64.0389
0.188337 -0.909237 -0.371238 124.678
-0.159171 -0.401264 0.902026 437.917
-0.96912 -0.110794 -0.220297 63.9546
0.188337 -0.909237 -0.371238 124.678
-0.159171 -0.401264 0.902026 437.917
-0.96912 -0.110794 -0.220297 63.9546
0.189952 -0.909026 -0.370932 124.645
-0.15882 -0.401284 0.902079 437.92
-0.968862 -0.11244 -0.220596 64.1327
0.189952 -0.909026 -0.370932 124.645
-0.15882 -0.401284 0.902079 437.92
-0.968862 -0.11244 -0.220596 64.1327
0.188602 -0.90928 -0.370997 124.602
-0.159692 -0.401144 0.901988 438.022
-0.968983 -0.110872 -0.220861 63.9782
0.188602 -0.90928 -0.370997 124.602
-0.159692 -0.401144 0.901988 438.022
-0.968983 -0.110872 -0.220861 63.9782
0.189151 -0.909518 -0.370133 124.578
-0.159417 -0.40038 0.902376 437.978
-0.968921 -0.11168 -0.220725 64.2266
0.189151 -0.909518 -0.370133 124.578
-0.159417 -0.40038 0.902376 437.978
-0.968921 -0.11168 -0.220725 64.2266
0.188273 -0.910072 -0.369217 124.578
-0.16246 -0.39962 0.90217 438.118
-0.968587 -0.109872 -0.223088 64.0076
0.188273 -0.910072 -0.369217 124.578
-0.16246 -0.39962 0.90217 438.118
-0.968587 -0.109872 -0.223088 64.0076
0.188148 -0.910106 -0.369198 124.659
-0.162971 -0.39963 0.902073 438.128
-0.968525 -0.109554 -0.223511 63.852
0.188148 -0.910106 -0.369198 124.659
-0.162971 -0.39963 0.902073 438.128
-0.968525 -0.109554 -0.223511 63.852
0.188003 -0.910266 -0.368877 124.623
-0.163379 -0.399325 0.902135 438.127
-0.968484 -0.109337 -0.223793 63.9922
0.188003 -0.910266 -0.368877 124.623
-0.163379 -0.399325 0.902135 438.127
-0.968484 -0.109337 -0.223793 63.9922
0.189216 -0.910166 -0.368505 124.684
-0.164156 -0.399323 0.901994 438.193
-0.968117 -0.110179 -0.224967 64.0641
0.189216 -0.910166 -0.368505 124.684
-0.164156 -0.399323 0.901994 438.193
-0.968117 -0.110179 -0.224967 64.0641
0.188596 -0.910691 -0.367524 124.597
-0.163936 -0.398183 0.902538 438.17
-0.968275 -0.109964 -0.224391 64.3875
0.188596 -0.910691 -0.367524 124.597
-0.163936 -0.398183 0.902538 438.17
-0.968275 -0.109964 -0.224391 64.3875
0.187554 -0.911003 -0.367282 124.708
-0.165102 -0.397836 0.902479 438.221
-0.968279 -0.108625 -0.225025 64.1199
0.187554 -0.911003 -0.367282 124.708
-0.165102 -0.397836 0.902479 438.221
-0.968279 -0.108625 -0.225025 64.1199
0.188 -0.911033 -0.366981 124.649
-0.164448 -0.397567 0.902717 438.238
-0.968304 -0.109361 -0.22456 64.3603
0.188 -0.911033 -0.366981 124.649
-0.164448 -0.397567 0.902717 438.238
-0.968304 -0.109361 -0.22456 64.3603
0.187363 -0.910827 -0.367817 124.704
-0.164979 -0.398308 0.902293 438.263
-0.968337 -0.108374 -0.224896 64.1164
0.187363 -0.910827 -0.367817 124.704
-0.164979 -0.398308 0.902293 438.263
-0.968337 -0.108374 -0.224896 64.1164
0.187232 -0.910848 -0.367833 124.689
-0.163312 -0.398107 0.902685 438.276
-0.968645 -0.10894 -0.223291 64.4931
0.187232 -0.910848 -0.367833 124.689
-0.163312 -0.398107 0.902685 438.276
-0.968645 -0.10894 -0.223291 64.4931
0.187246 -0.910974 -0.367512 124.608
-0.163246 -0.397784 0.902839 438.424
-0.968654 -0.109058 -0.223196 64.5707
0.187246 -0.910974 -0.367512 124.608
-0.163246 -0.397784 0.902839 438.424
-0.968654 -0.109058 -0.223196 64.5707
0.18696 -0.911052 -0.367466 124.687
-0.163141 -0.397662 0.902912 438.482
-0.968727 -0.108859 -0.222976 64.542
0.18696 -0.911052 -0.367466 124.687
-0.163141 -0.397662 0.902912 438.482
-0.968727 -0.108859 -0.222976 64.542
0.187641 -0.910883 -0.367537 124.773
-0.163126 -0.397886 0.902816 438.548
-0.968597 -0.109451 -0.223249 64.4681
0.187641 -0.910883 -0.367537 124.773
-0.163126 -0.397886 0.902816 438.548
-0.968597 -0.109451 -0.223249 64.4681
0.187758 -0.911109 -0.366915 124.722
-0.163933 -0.397387 0.902889 438.575
-0.968438 -0.109375 -0.223974 64.5747
0.187758 -0.911109 -0.366915 124.722
-0.163933 -0.397387 0.902889 438.575
-0.968438 -0.109375 -0.223974 64.5747
0.188896 -0.910956 -0.366711 124.581
-0.163363 -0.397382 0.902995 438.762
-0.968313 -0.110665 -0.223881 64.7675
0.188896 -0.910956 -0.366711 124.581
-0.163363 -0.397382 0.902995 438.762
-0.968313 -0.110665 -0.223881 64.7675
0.187949 -0.911443 -0.365987 124.683
-0.165058 -0.396639 0.903013 438.675
-0.96821 -0.109311 -0.224989 64.8541
0.187949 -0.911443 -0.365987 124.683
-0.165058 -0.396639 0.903013 438.675
-0.96821 -0.109311 -0.224989 64.8541
0.186801 -0.911597 -0.366192 124.704
-0.165495 -0.396626 0.902939 438.727
-0.968358 -0.108067 -0.224955 64.6523
0.186801 -0.911597 -0.366192 124.704
-0.165495 -0.396626 0.902939 438.727
-0.968358 -0.108067 -0.224955 64.6523
0.187881 -0.911215 -0.36659 124.755
-0.164515 -0.397159 0.902884 438.714
-0.968316 -0.109325 -0.224527 64.7202
0.187881 -0.911215 -0.36659 124.755
-0.164515 -0.397159 0.902884 438.714
-0.968316 -0.109325 -0.224527 64.7202
0.187012 -0.911606 -0.366061 124.604
-0.16636 -0.396642 0.902773 438.696
-0.968169 -0.107932 -0.225832 64.7297
0.187012 -0.911606 -0.366061 124.604
-0.16636 -0.396642 0.902773 438.696
-0.968169 -0.107932 -0.225832 64.7297
0.186068 -0.911529 -0.366734 124.589
-0.165813 -0.39703 0.902703 438.829
-0.968444 -0.107155 -0.225019 64.6995
0.186068 -0.911529 -0.366734 124.589
-0.165813 -0.39703 0.902703 438.829
-0.968444 -0.107155 -0.225019 64.6995
0.186718 -0.911485 -0.366513 124.682
-0.163467 -0.396699 0.903277 438.88
-0.968718 -0.108746 -0.223068 65.1931
0.186718 -0.911485 -0.366513 124.682
-0.163467 -0.396699 0.903277 438.88
-0.968718 -0.108746 -0.223068 65.1931
0.185802 -0.91149 -0.366965 124.585
-0.164483 -0.397051 0.902938 439.06
-0.968722 -0.107408 -0.223697 64.9412
0.185802 -0.91149 -0.366965 124.585
-0.164483 -0.397051 0.902938 439.06
-0.968722 -0.107408 -0.223697 64.9412
0.18526 -0.912006 -0.365956 124.579
-0.166631 -0.396164 0.902933 439.026
-0.968459 -0.106298 -0.225362 65.1304
0.18526 -0.912006 -0.365956 124.579
-0.166631 -0.396164 0.902933 439.026
-0.968459 -0.106298 -0.225362 65.1304
0.185995 -0.911868 -0.365926 124.624
-0.168503 -0.39651 0.902434 439.142
-0.967994 -0.106188 -0.227402 64.9577
0.185995 -0.911868 -0.365926 124.624
-0.168503 -0.39651 0.902434 439.142
-0.967994 -0.106188 -0.227402 64.9577
0.184733 -0.912253 -0.365606 124.648
-0.169665 -0.396026 0.902429 439.316
-0.968033 -0.104678 -0.227936 65.1917
0.184733 -0.912253 -0.365606 124.648
-0.169665 -0.396026 0.902429 439.316
-0.968033 -0.104678 -0.227936 65.1917
0.184733 -0.912253 -0.365606 124.648
-0.169665 -0.396026 0.902429 439.316
-0.968033 -0.104678 -0.227936 65.1917
0.186024 -0.912178 -0.365139 124.615
-0.170747 -0.395983 0.902243 439.361
-0.967595 -0.105493 -0.229414 65.2236
0.186024 -0.912178 -0.365139 124.615
-0.170747 -0.395983 0.902243 439.361
-0.967595 -0.105493 -0.229414 65.2236
0.185625 -0.912238 -0.365192 124.594
-0.168744 -0.395724 0.902734 439.522
-0.968023 -0.105946 -0.227391 65.4959
0.185625 -0.912238 -0.365192 124.594
-0.168744 -0.395724 0.902734 439.522
-0.968023 -0.105946 -0.227391 65.4959
0.186085 -0.912037 -0.365459 124.783
-0.168684 -0.396088 0.902585 439.542
-0.967945 -0.106311 -0.227552 65.5391
0.186085 -0.912037 -0.365459 124.783
-0.168684 -0.396088 0.902585 439.542
-0.967945 -0.106311 -0.227552 65.5391
0.186696 -0.911818 -0.365694 124.718
-0.167321 -0.396312 0.90274 439.797
-0.968064 -0.107349 -0.226557 65.6196
0.186696 -0.911818 -0.365694 124.718
-0.167321 -0.396312 0.90274 439.797
-0.968064 -0.107349 -0.226557 65.6196
0.186849 -0.912031 -0.365085 124.762
-0.168069 -0.395827 0.902814 439.887
-0.967905 -0.10733 -0.227244 65.6128
0.186849 -0.912031 -0.365085 124.762
-0.168069 -0.395827 0.902814 439.887
-0.967905 -0.10733 -0.227244 65.6128
0.186163 -0.912408 -0.364493 124.616
-0.169842 -0.395278 0.902723 439.906
-0.967728 -0.106147 -0.228551 65.7847
0.186163 -0.912408 -0.364493 124.616
-0.169842 -0.395278 0.902723 439.906
-0.967728 -0.106147 -0.228551 65.7847
0.18816 -0.912241 -0.363884 124.658
-0.16948 -0.395102 0.902868 439.877
-0.967405 -0.108213 -0.22895 65.9006
0.18816 -0.912241 -0.363884 124.658
-0.16948 -0.395102 0.902868 439.877
-0.967405 -0.108213 -0.22895 65.9006
0.184995 -0.912647 -0.364489 124.619
-0.16895 -0.394904 0.903054 439.912
-0.968108 -0.10548 -0.227247 66.1276
0.184995 -0.912647 -0.364489 124.619
-0.16895 -0.394904 0.903054 439.912
-0.968108 -0.10548 -0.227247 66.1276
0.186211 -0.912911 -0.363207 124.586
-0.170634 -0.394103 0.903087 440.079
-0.967579 -0.106189 -0.22916 66.0353
0.186211 -0.912911 -0.363207 124.586
-0.170634 -0.394103 0.903087 440.079
-0.967579 -0.106189 -0.22916 66.0353
0.186101 -0.913393 -0.362051 124.563
-0.171823 -0.393064 0.903315 440.17
-0.96739 -0.105899 -0.230092 66.1096
0.186101 -0.913393 -0.362051 124.563
-0.171823 -0.393064 0.903315 440.17
-0.96739 -0.105899 -0.230092 66.1096
0.185646 -0.913931 -0.360925 124.579
-0.174166 -0.392099 0.903285 440.187
-0.967058 -0.10483 -0.231967 66.1658
0.185646 -0.913931 -0.360925 124.579
-0.174166 -0.392099 0.903285 440.187
-0.967058 -0.10483 -0.231967 66.1658
0.184457 -0.914144 -0.360994 124.49
-0.172944 -0.391754 0.90367 440.356
-0.967505 -0.104257 -0.230358 66.3961
0.184457 -0.914144 -0.360994 124.49
-0.172944 -0.391754 0.90367 440.356
-0.967505 -0.104257 -0.230358 66.3961
0.184457 -0.914144 -0.360994 124.49
-0.172944 -0.391754 0.90367 440.356
-0.967505 -0.104257 -0.230358 66.3961
0.183871 -0.914046 -0.361541 124.513
-0.172949 -0.392158 0.903494 440.452
-0.967616 -0.103598 -0.230189 66.2863
0.183871 -0.914046 -0.361541 124.513
-0.172949 -0.392158 0.903494 440.452
-0.967616 -0.103598 -0.230189 66.2863
0.185663 -0.913977 -0.360799 124.459
-0.17316 -0.391869 0.903579 440.465
-0.967236 -0.105285 -0.231019 66.3497
0.185663 -0.913977 -0.360799 124.459
-0.17316 -0.391869 0.903579 440.465
-0.967236 -0.105285 -0.231019 66.3497
0.185698 -0.914075 -0.360532 124.523
-0.172274 -0.391518 0.9039 440.52
-0.967387 -0.105742 -0.230176 66.528
0.185698 -0.914075 -0.360532 124.523
-0.172274 -0.391518 0.9039 440.52
-0.967387 -0.105742 -0.230176 66.528
0.186253 -0.91411 -0.360155 124.504
-0.170833 -0.391116 0.904347 440.602
-0.967536 -0.106911 -0.229006 66.8771
0.186253 -0.91411 -0.360155 124.504
-0.170833 -0.391116 0.904347 440.602
-0.967536 -0.106911 -0.229006 66.8771
0.18669 -0.914003 -0.360201 124.508
-0.171242 -0.391309 0.904186 440.764
-0.967379 -0.107121 -0.22957 66.5302
0.18669 -0.914003 -0.360201 124.508
-0.171242 -0.391309 0.904186 440.764
-0.967379 -0.107121 -0.22957 66.5302
0.187554 -0.913803 -0.360261 124.534
-0.171259 -0.391573 0.904069 440.733
-0.967209 -0.107864 -0.229938 66.8388
0.187554 -0.913803 -0.360261 124.534
-0.171259 -0.391573 0.904069 440.733
-0.967209 -0.107864 -0.229938 66.8388
0.185546 -0.914396 -0.359796 124.437
-0.170749 -0.390586 0.904592 440.878
-0.967687 -0.106409 -0.228604 67.0297
0.185546 -0.914396 -0.359796 124.437
-0.170749 -0.390586 0.904592 440.878
-0.967687 -0.106409 -0.228604 67.0297
0.186703 -0.914872 -0.357982 124.488
-0.173357 -0.389352 0.904628 440.8
-0.967 -0.106838 -0.231293 67.1209
0.186703 -0.914872 -0.357982 124.488
-0.173357 -0.389352 0.904628 440.8
-0.967 -0.106838 -0.231293 67.1209
0.187745 -0.915066 -0.35694 124.434
-0.173732 -0.38861 0.904876 440.999
-0.966731 -0.107874 -0.231935 66.9921
0.187745 -0.915066 -0.35694 124.434
-0.173732 -0.38861 0.904876 440.999
-0.966731 -0.107874 -0.231935 66.9921
0.186922 -0.915134 -0.357197 124.379
-0.17449 -0.388753 0.904668 441.017
-0.966754 -0.106776 -0.232348 67.0358
0.186922 -0.915134 -0.357197 124.379
-0.17449 -0.388753 0.904668 441.017
-0.966754 -0.106776 -0.232348 67.0358
0.186858 -0.915242 -0.356954 124.367
-0.172949 -0.388326 0.905147 441.122
-0.967043 -0.107399 -0.230852 67.3133
0.186858 -0.915242 -0.356954 124.367
-0.172949 -0.388326 0.905147 441.122
-0.967043 -0.107399 -0.230852 67.3133
0.187374 -0.914972 -0.357375 124.259
-0.171994 -0.388758 0.905144 441.281
-0.967114 -0.108134 -0.230213 67.312
0.187374 -0.914972 -0.357375 124.259
-0.171994 -0.388758 0.905144 441.281
-0.967114 -0.108134 -0.230213 67.312
0.188263 -0.91498 -0.356886 124.253
-0.171616 -0.388441 0.905351 441.346
-0.967008 -0.109197 -0.230155 67.4358
0.188213 -0.914908 -0.357098 124.27
-0.171854 -0.388666 0.90521 441.432
-0.966976 -0.109004 -0.230383 67.4217
0.188213 -0.914908 -0.357098 124.27
-0.171854 -0.388666 0.90521 441.432
-0.966976 -0.109004 -0.230383 67.4217
0.188213 -0.914908 -0.357098 124.27
-0.171854 -0.388666 0.90521 441.432
-0.966976 -0.109004 -0.230383 67.4217
0.189483 -0.915158 -0.355784 124.16
-0.17353 -0.387857 0.905237 441.501
-0.966428 -0.109788 -0.232299 67.2824
0.189483 -0.915158 -0.355784 124.16
-0.17353 -0.387857 0.905237 441.501
-0.966428 -0.109788 -0.232299 67.2824
0.189112 -0.915362 -0.355457 124.149
-0.173865 -0.387483 0.905333 441.55
-0.966441 -0.109408 -0.232428 67.5062
0.189112 -0.915362 -0.355457 124.149
-0.173865 -0.387483 0.905333 441.55
-0.966441 -0.109408 -0.232428 67.5062
0.18954 -0.915152 -0.35577 124.133
-0.172791 -0.387772 0.905415 441.524
-0.966549 -0.110139 -0.231628 67.7845
0.18954 -0.915152 -0.35577 124.133
-0.172791 -0.387772 0.905415 441.524
-0.966549 -0.110139 -0.231628 67.7845
0.188899 -0.914957 -0.356611 124.133
-0.173466 -0.388529 0.904961 441.566
-0.966554 -0.109087 -0.232106 67.4051
0.188899 -0.914957 -0.356611 124.133
-0.173466 -0.388529 0.904961 441.566
-0.966554 -0.109087 -0.232106 67.4051
0.190598 -0.914687 -0.356399 124.18
-0.17117 -0.388459 0.905428 441.554
-0.96663 -0.111568 -0.230607 67.8027
0.190598 -0.914687 -0.356399 124.18
-0.17117 -0.388459 0.905428 441.554
-0.96663 -0.111568 -0.230607 67.8027
0.189421 -0.914795 -0.356749 124.069
-0.172308 -0.388658 0.905127 441.554
-0.966659 -0.10998 -0.231247 67.7348
0.189421 -0.914795 -0.356749 124.069
-0.172308 -0.388658 0.905127 441.554
-0.966659 -0.10998 -0.231247 67.7348
0.191136 -0.91479 -0.355845 124.107
-0.172661 -0.388211 0.905252 441.659
-0.966258 -0.111586 -0.232149 67.6605
0.191136 -0.91479 -0.355845 124.107
-0.172661 -0.388211 0.905252 441.659
-0.966258 -0.111586 -0.232149 67.6605
0.191965 -0.914634 -0.355799 124.006
-0.171803 -0.388263 0.905393 441.771
-0.966247 -0.112677 -0.23167 67.7794
0.191965 -0.914634 -0.355799 124.006
-0.171803 -0.388263 0.905393 441.771
-0.966247 -0.112677 -0.23167 67.7794
0.1919 -0.914692 -0.355686 124.013
-0.171659 -0.388118 0.905482 441.88
-0.966285 -0.112706 -0.231495 67.8288
0.1919 -0.914692 -0.355686 124.013
-0.171659 -0.388118 0.905482 441.88
-0.966285 -0.112706 -0.231495 67.8288
0.191802 -0.914923 -0.355145 123.982
-0.172175 -0.387619 0.905598 441.794
-0.966213 -0.112548 -0.231873 68.0277
0.191802 -0.914923 -0.355145 123.982
-0.172175 -0.387619 0.905598 441.794
-0.966213 -0.112548 -0.231873 68.0277
0.191878 -0.914902 -0.355157 124.049
-0.172082 -0.387639 0.905607 441.887
-0.966215 -0.11265 -0.231817 67.9499
0.191878 -0.914902 -0.355157 124.049
-0.172082 -0.387639 0.905607 441.887
-0.966215 -0.11265 -0.231817 67.9499
0.190974 -0.915073 -0.355205 124
-0.17162 -0.387418 0.905789 441.958
-0.966476 -0.112022 -0.231032 67.9804
0.190974 -0.915073 -0.355205 124
-0.17162 -0.387418 0.905789 441.958
-0.966476 -0.112022 -0.231032 67.9804
0.192308 -0.91491 -0.354904 124.003
-0.171496 -0.387421 0.905811 441.971
-0.966233 -0.11333 -0.231408 68.0843
0.192308 -0.91491 -0.354904 124.003
-0.171496 -0.387421 0.905811 441.971
-0.966233 -0.11333 -0.231408 68.0843
0.191522 -0.914972 -0.355169 123.958
-0.168879 -0.387191 0.906401 442.135
-0.96685 -0.113615 -0.228675 68.5452
0.191522 -0.914972 -0.355169 123.958
-0.168879 -0.387191 0.906401 442.135
-0.96685 -0.113615 -0.228675 68.5452
0.193192 -0.914717 -0.354923 123.905
-0.171093 -0.387602 0.90581 442.182
-0.966128 -0.11427 -0.231384 68.2641
0.193192 -0.914717 -0.354923 123.905
-0.171093 -0.387602 0.90581 442.182
-0.966128 -0.11427 -0.231384 68.2641
0.194234 -0.914632 -0.354572 123.836
-0.170652 -0.38745 0.905958 442.25
-0.965997 -0.11546 -0.23134 68.3055
0.194234 -0.914632 -0.354572 123.836
-0.170652 -0.38745 0.905958 442.25
-0.965997 -0.11546 -0.23134 68.3055
0.195078 -0.914365 -0.354797 123.732
-0.169943 -0.387788 0.905947 442.418
-0.965952 -0.116435 -0.231039 68.3887
0.195078 -0.914365 -0.354797 123.732
-0.169943 -0.387788 0.905947 442.418
-0.965952 -0.116435 -0.231039 68.3887
0.193127 -0.914852 -0.354609 123.7
-0.169906 -0.387136 0.906233 442.378
-0.966351 -0.114768 -0.230205 68.6414
0.193127 -0.914852 -0.354609 123.7
-0.169906 -0.387136 0.906233 442.378
-0.966351 -0.114768 -0.230205 68.6414
0.194451 -0.914229 -0.355491 123.621
-0.168187 -0.388115 0.906134 442.481
-0.966386 -0.11641 -0.229231 68.8031
0.194451 -0.914229 -0.355491 123.621
-0.168187 -0.388115 0.906134 442.481
-0.966386 -0.11641 -0.229231 68.8031
0.192812 -0.914568 -0.355513 123.654
-0.169633 -0.387924 0.905947 442.387
-0.966462 -0.11437 -0.229937 68.756
0.192812 -0.914568 -0.355513 123.654
-0.169633 -0.387924 0.905947 442.387
-0.966462 -0.11437 -0.229937 68.756
0.191819 -0.915053 -0.354801 123.625
-0.170214 -0.387054 0.90621 442.624
-0.966557 -0.113436 -0.229999 68.5351
0.191819 -0.915053 -0.354801 123.625
-0.170214 -0.387054 0.90621 442.624
-0.966557 -0.113436 -0.229999 68.5351
0.191425 -0.915317 -0.354332 123.739
-0.170101 -0.386483 0.906475 442.575
-0.966655 -0.113249 -0.229679 68.6789
0.191425 -0.915317 -0.354332 123.739
-0.170101 -0.386483 0.906475 442.575
-0.966655 -0.113249 -0.229679 68.6789
0.190818 -0.915506 -0.354171 123.688
-0.170323 -0.386207 0.906551 442.669
-0.966736 -0.112662 -0.229627 68.837
0.190818 -0.915506 -0.354171 123.688
-0.170323 -0.386207 0.906551 442.669
-0.966736 -0.112662 -0.229627 68.837
0.190488 -0.91544 -0.35452 123.645
-0.168991 -0.38632 0.906752 442.731
-0.967035 -0.112814 -0.22829 69.1762
0.190488 -0.91544 -0.35452 123.645
-0.168991 -0.38632 0.906752 442.731
-0.967035 -0.112814 -0.22829 69.1762
0.190776 -0.915537 -0.354113 123.541
-0.170039 -0.386106 0.906647 442.82
-0.966794 -0.112753 -0.229337 69.0945
0.190776 -0.915537 -0.354113 123.541
-0.170039 -0.386106 0.906647 442.82
-0.966794 -0.112753 -0.229337 69.0945
0.190294 -0.915958 -0.353282 123.605
-0.171477 -0.385338 0.906703 442.864
-0.966635 -0.111961 -0.230393 69.0123
0.190294 -0.915958 -0.353282 123.605
-0.171477 -0.385338 0.906703 442.864
-0.966635 -0.111961 -0.230393 69.0123
0.189832 -0.916093 -0.353182 123.501
-0.171777 -0.385164 0.90672 442.986
-0.966673 -0.111456 -0.23048 69.1944
0.189832 -0.916093 -0.353182 123.501
-0.171777 -0.385164 0.90672 442.986
-0.966673 -0.111456 -0.23048 69.1944
0.188625 -0.916421 -0.352978 123.519
-0.173343 -0.384856 0.906553 443.083
-0.96663 -0.109812 -0.231448 69.0424
0.188625 -0.916421 -0.352978 123.519
-0.173343 -0.384856 0.906553 443.083
-0.96663 -0.109812 -0.231448 69.0424
0.190428 -0.916315 -0.352283 123.447
-0.171362 -0.384367 0.907137 443.168
-0.966629 -0.112376 -0.230215 69.5775
0.190428 -0.916315 -0.352283 123.447
-0.171362 -0.384367 0.907137 443.168
-0.966629 -0.112376 -0.230215 69.5775
0.189275 -0.916645 -0.352046 123.408
-0.17135 -0.383859 0.907354 443.288
-0.966858 -0.111416 -0.229722 69.6187
0.189275 -0.916645 -0.352046 123.408
-0.17135 -0.383859 0.907354 443.288
-0.966858 -0.111416 -0.229722 69.6187
0.190248 -0.916618 -0.351592 123.489
-0.171578 -0.383665 0.907393 443.34
-0.966626 -0.112304 -0.230263 69.6143
0.190248 -0.916618 -0.351592 123.489
-0.171578 -0.383665 0.907393 443.34
-0.966626 -0.112304 -0.230263 69.6143
0.189015 -0.916579 -0.352359 123.34
-0.170038 -0.383957 0.90756 443.483
-0.96714 -0.111628 -0.228426 69.8336
0.189015 -0.916579 -0.352359 123.34
-0.170038 -0.383957 0.90756 443.483
-0.96714 -0.111628 -0.228426 69.8336
0.189679 -0.916707 -0.351667 123.471
-0.170536 -0.383485 0.907665 443.434
-0.966923 -0.112193 -0.229071 69.8423
0.189679 -0.916707 -0.351667 123.471
-0.170536 -0.383485 0.907665 443.434
-0.966923 -0.112193 -0.229071 69.8423
0.189298 -0.916703 -0.351883 123.299
-0.170039 -0.383552 0.90773 443.588
-0.967085 -0.111997 -0.228481 70.0753
0.189298 -0.916703 -0.351883 123.299
-0.170039 -0.383552 0.90773 443.588
-0.967085 -0.111997 -0.228481 70.0753
0.191113 -0.916521 -0.351375 123.253
-0.168731 -0.38332 0.908072 443.659
-0.966957 -0.114257 -0.227903 70.3679
0.191113 -0.916521 -0.351375 123.253
-0.168731 -0.38332 0.908072 443.659
-0.966957 -0.114257 -0.227903 70.3679
0.19056 -0.916719 -0.351161 123.285
-0.170982 -0.383242 0.907684 443.733
-0.966671 -0.112926 -0.229773 69.9181
0.19056 -0.916719 -0.351161 123.285
-0.170982 -0.383242 0.907684 443.733
-0.966671 -0.112926 -0.229773 69.9181
0.189471 -0.917015 -0.350976 123.399
-0.170377 -0.382734 0.908013 443.849
-0.966991 -0.112244 -0.228755 70.2283
0.189471 -0.917015 -0.350976 123.399
-0.170377 -0.382734 0.908013 443.849
-0.966991 -0.112244 -0.228755 70.2283
0.189471 -0.917015 -0.350976 123.399
-0.170377 -0.382734 0.908013 443.849
-0.966991 -0.112244 -0.228755 70.2283
0.18854 -0.917381 -0.35052 123.412
-0.169255 -0.381934 0.908559 443.888
-0.96737 -0.111972 -0.227281 70.5504
0.18854 -0.917381 -0.35052 123.412
-0.169255 -0.381934 0.908559 443.888
-0.96737 -0.111972 -0.227281 70.5504
0.189433 -0.917371 -0.350065 123.257
-0.170211 -0.381803 0.908435 444.001
-0.967028 -0.112502 -0.228473 70.4491
0.189433 -0.917371 -0.350065 123.257
-0.170211 -0.381803 0.908435 444.001
-0.967028 -0.112502 -0.228473 70.4491
0.188258 -0.917685 -0.349876 123.257
-0.168671 -0.381163 0.908991 444.292
-0.967527 -0.112111 -0.226544 70.8213
0.188258 -0.917685 -0.349876 123.257
-0.168671 -0.381163 0.908991 444.292
-0.967527 -0.112111 -0.226544 70.8213
0.187608 -0.917737 -0.350089 123.16
-0.168699 -0.381227 0.908959 444.401
-0.967649 -0.111468 -0.226342 70.8177
0.187608 -0.917737 -0.350089 123.16
-0.168699 -0.381227 0.908959 444.401
-0.967649 -0.111468 -0.226342 70.8177
0.188097 -0.917985 -0.349175 123.244
-0.169542 -0.380532 0.909093 444.411
-0.967406 -0.111798 -0.227214 70.7235
0.188097 -0.917985 -0.349175 123.244
-0.169542 -0.380532 0.909093 444.411
-0.967406 -0.111798 -0.227214 70.7235
0.188821 -0.91779 -0.349297 123.258
-0.168255 -0.380671 0.909274 444.446
-0.96749 -0.11292 -0.226301 71.0397
0.188821 -0.91779 -0.349297 123.258
-0.168255 -0.380671 0.909274 444.446
-0.96749 -0.11292 -0.226301 71.0397
0.188743 -0.917931 -0.348969 123.382
-0.1673 -0.380218 0.90964 444.553
-0.967671 -0.113305 -0.225333 71.1475
0.188743 -0.917931 -0.348969 123.382
-0.1673 -0.380218 0.90964 444.553
-0.967671 -0.113305 -0.225333 71.1475
0.189765 -0.917644 -0.349169 123.272
-0.167262 -0.380647 0.909468 444.639
-0.967477 -0.114183 -0.22572 71.2624
0.189765 -0.917644 -0.349169 123.272
-0.167262 -0.380647 0.909468 444.639
-0.967477 -0.114183 -0.22572 71.2624
0.188594 -0.917858 -0.349241 123.417
-0.166462 -0.380355 0.909737 444.709
-0.967844 -0.113436 -0.224521 71.3489
0.188594 -0.917858 -0.349241 123.417
-0.166462 -0.380355 0.909737 444.709
-0.967844 -0.113436 -0.224521 71.3489
0.188986 -0.917607 -0.349687 123.17
-0.166279 -0.380865 0.909557 444.781
-0.967799 -0.113748 -0.224558 71.3637
0.188986 -0.917607 -0.349687 123.17
-0.166279 -0.380865 0.909557 444.781
-0.967799 -0.113748 -0.224558 71.3637
0.189616 -0.917515 -0.349587 123.222
-0.164962 -0.380755 0.909842 444.845
-0.967901 -0.114853 -0.223552 71.445
0.189616 -0.917515 -0.349587 123.222
-0.164962 -0.380755 0.909842 444.845
-0.967901 -0.114853 -0.223552 71.445
0.190309 -0.917957 -0.348049 123.13
-0.166147 -0.37953 0.910139 444.795
-0.967563 -0.115381 -0.224744 71.5949
0.190309 -0.917957 -0.348049 123.13
-0.166147 -0.37953 0.910139 444.795
-0.967563 -0.115381 -0.224744 71.5949
0.190309 -0.917957 -0.348049 123.13
-0.166147 -0.37953 0.910139 444.795
-0.967563 -0.115381 -0.224744 71.5949
0.190309 -0.917957 -0.348049 123.13
-0.166147 -0.37953 0.910139 444.795
-0.967563 -0.115381 -0.224744 71.5949
0.190184 -0.918135 -0.347647 123.235
-0.167524 -0.379267 0.909996 444.705
-0.96735 -0.114828 -0.22594 71.4745
0.190184 -0.918135 -0.347647 123.235
-0.167524 -0.379267 0.909996 444.705
-0.96735 -0.114828 -0.22594 71.4745
0.190295 -0.918225 -0.347346 123.159
-0.167156 -0.378951 0.910195 444.775
-0.967392 -0.115145 -0.2256 71.5639
0.190295 -0.918225 -0.347346 123.159
-0.167156 -0.378951 0.910195 444.775
-0.967392 -0.115145 -0.2256 71.5639
0.18941 -0.918752 -0.346438 123.275
-0.168677 -0.378025 0.910299 444.808
-0.967301 -0.113983 -0.226574 71.1631
0.18941 -0.918752 -0.346438 123.275
-0.168677 -0.378025 0.910299 444.808
-0.967301 -0.113983 -0.226574 71.1631
0.189154 -0.918907 -0.346167 123.095
-0.167236 -0.377527 0.910772 444.979
-0.967602 -0.114384 -0.225085 71.5251
0.189154 -0.918907 -0.346167 123.095
-0.167236 -0.377527 0.910772 444.979
-0.967602 -0.114384 -0.225085 71.5251
0.190057 -0.918953 -0.345547 123.121
-0.166946 -0.377087 0.911007 444.998
-0.967475 -0.115456 -0.225083 71.7128
0.190057 -0.918953 -0.345547 123.121
-0.166946 -0.377087 0.911007 444.998
-0.967475 -0.115456 -0.225083 71.7128
0.190669 -0.918831 -0.345534 123.022
-0.167771 -0.377314 0.910762 445.088
-0.967212 -0.115684 -0.226095 71.5494
0.190669 -0.918831 -0.345534 123.022
-0.167771 -0.377314 0.910762 445.088
-0.967212 -0.115684 -0.226095 71.5494
0.191568 -0.918834 -0.34503 122.931
-0.166274 -0.376842 0.911231 445.192
-0.967292 -0.117193 -0.224969 71.8541
0.191568 -0.918834 -0.34503 122.931
-0.166274 -0.376842 0.911231 445.192
-0.967292 -0.117193 -0.224969 71.8541
0.190442 -0.919148 -0.344816 123.082
-0.166525 -0.3764 0.911368 445.184
-0.967472 -0.116143 -0.224744 71.8265
0.190442 -0.919148 -0.344816 123.082
-0.166525 -0.3764 0.911368 445.184
-0.967472 -0.116143 -0.224744 71.8265
0.19002 -0.919337 -0.344547 122.995
-0.167126 -0.376108 0.911379 445.273
-0.967451 -0.115598 -0.225113 71.6304
0.19002 -0.919337 -0.344547 122.995
-0.167126 -0.376108 0.911379 445.273
-0.967451 -0.115598 -0.225113 71.6304
0.190993 -0.919465 -0.343666 122.955
-0.166491 -0.375383 0.911794 445.374
-0.967369 -0.116929 -0.224778 71.9746
0.190993 -0.919465 -0.343666 122.955
-0.166491 -0.375383 0.911794 445.374
-0.967369 -0.116929 -0.224778 71.9746
0.190261 -0.9193 -0.344511 122.824
-0.164747 -0.375842 0.911922 445.491
-0.967812 -0.116746 -0.22296 72.3999
0.190261 -0.9193 -0.344511 122.824
-0.164747 -0.375842 0.911922 445.491
-0.967812 -0.116746 -0.22296 72.3999
0.190689 -0.919058 -0.344919 122.839
-0.164312 -0.376293 0.911814 445.542
-0.967801 -0.117198 -0.222767 72.2515
0.190689 -0.919058 -0.344919 122.839
-0.164312 -0.376293 0.911814 445.542
-0.967801 -0.117198 -0.222767 72.2515
0.19034 -0.919229 -0.344658 122.852
-0.164734 -0.376005 0.911857 445.441
-0.967798 -0.116786 -0.222997 72.3905
0.19034 -0.919229 -0.344658 122.852
-0.164734 -0.376005 0.911857 445.441
-0.967798 -0.116786 -0.222997 72.3905
0.190563 -0.919261 -0.344448 122.953
-0.165952 -0.375995 0.91164 445.424
-0.967546 -0.116563 -0.224204 72.0891
0.190563 -0.919261 -0.344448 122.953
-0.165952 -0.375995 0.91164 445.424
-0.967546 -0.116563 -0.224204 72.0891
0.189367 -0.919334 -0.344913 122.915
-0.164895 -0.376055 0.911807 445.448
-0.967962 -0.115791 -0.222806 72.229
0.189367 -0.919334 -0.344913 122.915
-0.164895 -0.376055 0.911807 445.448
-0.967962 -0.115791 -0.222806 72.229
0.188394 -0.919603 -0.344728 122.708
-0.164421 -0.375593 0.912083 445.601
-0.968232 -0.115151 -0.221961 72.3297
0.188394 -0.919603 -0.344728 122.708
-0.164421 -0.375593 0.912083 445.601
-0.968232 -0.115151 -0.221961 72.3297
0.190613 -0.919379 -0.344106 122.711
-0.163341 -0.375351 0.912377 445.603
-0.967981 -0.117705 -0.221719 72.6136
0.190613 -0.919379 -0.344106 122.711
-0.163341 -0.375351 0.912377 445.603
-0.967981 -0.117705 -0.221719 72.6136
0.19044 -0.919753 -0.343201 122.888
-0.163009 -0.374373 0.912838 445.692
-0.968071 -0.117896 -0.221223 72.6688
0.19044 -0.919753 -0.343201 122.888
-0.163009 -0.374373 0.912838 445.692
-0.968071 -0.117896 -0.221223 72.6688
0.188324 -0.919761 -0.344346 122.571
-0.161462 -0.374844 0.912919 445.842
-0.968743 -0.116326 -0.219099 72.8972
0.188324 -0.919761 -0.344346 122.571
-0.161462 -0.374844 0.912919 445.842
-0.968743 -0.116326 -0.219099 72.8972
0.188888 -0.919957 -0.343511 122.591
-0.162103 -0.374219 0.913062 445.805
-0.968527 -0.116782 -0.219814 72.9587
0.188888 -0.919957 -0.343511 122.591
-0.162103 -0.374219 0.913062 445.805
-0.968527 -0.116782 -0.219814 72.9587
0.18817 -0.920234 -0.343164 122.563
-0.1632 -0.373845 0.91302 445.884
-0.968482 -0.115798 -0.220529 72.972
0.18817 -0.920234 -0.343164 122.563
-0.1632 -0.373845 0.91302 445.884
-0.968482 -0.115798 -0.220529 72.972
0.18869 -0.920327 -0.342629 122.588
-0.161881 -0.373273 0.913489 445.956
-0.968602 -0.116901 -0.219416 73.294
0.18869 -0.920327 -0.342629 122.588
-0.161881 -0.373273 0.913489 445.956
-0.968602 -0.116901 -0.219416 73.294
0.188485 -0.920493 -0.342296 122.489
-0.162514 -0.372972 0.913499 446.025
-0.968536 -0.116553 -0.219892 73.1416
0.188485 -0.920493 -0.342296 122.489
-0.162514 -0.372972 0.913499 446.025
-0.968536 -0.116553 -0.219892 73.1416
0.187202 -0.921573 -0.340085 122.571
-0.164699 -0.37075 0.914012 446.117
-0.968416 -0.115093 -0.221188 73.0154
0.187202 -0.921573 -0.340085 122.571
-0.164699 -0.37075 0.914012 446.117
-0.968416 -0.115093 -0.221188 73.0154
0.188053 -0.921966 -0.338549 122.559
-0.165997 -0.369575 0.914253 446.119
-0.96803 -0.11573 -0.222543 73.198
0.188053 -0.921966 -0.338549 122.559
-0.165997 -0.369575 0.914253 446.119
-0.96803 -0.11573 -0.222543 73.198
0.185971 -0.922114 -0.339294 122.474
-0.166375 -0.369885 0.91406 446.113
-0.968367 -0.113538 -0.222204 73.188
0.185971 -0.922114 -0.339294 122.474
-0.166375 -0.369885 0.91406 446.113
-0.968367 -0.113538 -0.222204 73.188
0.187836 -0.921837 -0.339019 122.42
-0.167398 -0.370159 0.913762 446.179
-0.96783 -0.114887 -0.223843 72.9907
0.187836 -0.921837 -0.339019 122.42
-0.167398 -0.370159 0.913762 446.179
-0.96783 -0.114887 -0.223843 72.9907
0.188645 -0.922027 -0.338052 122.489
-0.16771 -0.369423 0.914002 446.055
-0.967619 -0.115727 -0.224323 73.2044
0.188645 -0.922027 -0.338052 122.489
-0.16771 -0.369423 0.914002 446.055
-0.967619 -0.115727 -0.224323 73.2044
0.188246 -0.922585 -0.336749 122.476
-0.16923 -0.368221 0.914207 446.182
-0.967432 -0.115108 -0.225446 72.9892
0.188246 -0.922585 -0.336749 122.476
-0.16923 -0.368221 0.914207 446.182
-0.967432 -0.115108 -0.225446 72.9892
0.189647 -0.922867 -0.335186 122.435
-0.169546 -0.367034 0.914626 446.264
-0.967103 -0.116627 -0.226075 73.2215
0.189647 -0.922867 -0.335186 122.435
-0.169546 -0.367034 0.914626 446.264
-0.967103 -0.116627 -0.226075 73.2215
0.188808 -0.923422 -0.334131 122.377
-0.172166 -0.366108 0.914508 446.236
-0.966804 -0.115141 -0.228106 73.1273
0.188808 -0.923422 -0.334131 122.377
-0.172166 -0.366108 0.914508 446.236
-0.966804 -0.115141 -0.228106 73.1273
0.188518 -0.923563 -0.333905 122.19
-0.172096 -0.365808 0.914641 446.328
-0.966873 -0.114963 -0.227903 73.3897
0.188518 -0.923563 -0.333905 122.19
-0.172096 -0.365808 0.914641 446.328
-0.966873 -0.114963 -0.227903 73.3897
0.188547 -0.923703 -0.3335 122.285
-0.171333 -0.365322 0.914978 446.363
-0.967003 -0.115377 -0.227141 73.485
0.188547 -0.923703 -0.3335 122.285
-0.171333 -0.365322 0.914978 446.363
-0.967003 -0.115377 -0.227141 73.485
0.188212 -0.923526 -0.334181 122.252
-0.170466 -0.365816 0.914943 446.454
-0.967222 -0.115237 -0.22628 73.4257
