0.907246 -0.383369 -0.17301 107.94
0.408929 0.90022 0.149601 428.786
0.0983947 -0.206474 0.973492 61.12
0.907246 -0.383369 -0.17301 107.94
0.408929 0.90022 0.149601 428.786
0.0983947 -0.206474 0.973492 61.12
0.907246 -0.383369 -0.17301 107.94
0.408929 0.90022 0.149601 428.786
0.0983947 -0.206474 0.973492 61.12
0.907243 -0.383437 -0.172874 108.022
0.408909 0.900325 0.149026 428.854
0.098501 -0.205893 0.973604 61.041
0.907269 -0.382935 -0.17385 108.024
0.408783 0.900111 0.150657 428.814
0.0987928 -0.207753 0.97318 60.854
0.907486 -0.38199 -0.174794 108.029
0.40803 0.900478 0.150505 428.821
0.0999068 -0.207902 0.973034 60.9023
0.907607 -0.381745 -0.174702 108.06
0.407693 0.900748 0.149794 428.812
0.10018 -0.207179 0.97316 61.075
0.907605 -0.38159 -0.175051 108.032
0.407619 0.900773 0.149847 428.874
0.100501 -0.207356 0.973089 60.8951
0.907666 -0.380756 -0.176542 107.961
0.407019 0.901183 0.149012 428.89
0.10236 -0.207109 0.972948 61.207
0.907612 -0.380527 -0.177313 107.825
0.407008 0.901106 0.14951 429.01
0.102885 -0.207865 0.972732 61.1051
0.908314 -0.378562 -0.17792 107.917
0.405452 0.901387 0.15202 428.978
0.102826 -0.21022 0.972232 61.0366
0.908828 -0.377241 -0.178104 107.854
0.404188 0.901944 0.152083 429.147
0.103267 -0.210205 0.972188 61.169
0.909065 -0.376361 -0.178757 107.773
0.403719 0.901731 0.15457 429.197
0.103017 -0.212682 0.971676 60.9309
0.909346 -0.375192 -0.179779 107.754
0.402773 0.902167 0.154491 429.329
0.104227 -0.212896 0.9715 61.1044
0.90935 -0.374637 -0.180914 107.77
0.402618 0.902001 0.155861 429.253
0.104793 -0.214571 0.97107 61.2398
0.909281 -0.374049 -0.182472 107.76
0.402276 0.902311 0.154947 429.402
0.106689 -0.214295 0.970925 61.2938
0.909205 -0.373883 -0.183189 107.755
0.402215 0.902422 0.154462 429.494
0.107563 -0.214119 0.970867 61.3104
0.909047 -0.374089 -0.183551 107.714
0.402479 0.902333 0.15429 429.531
0.107906 -0.214132 0.970826 61.4223
0.908898 -0.374285 -0.18389 107.551
0.402736 0.902238 0.154174 429.711
0.108208 -0.214188 0.97078 61.2439
0.90901 -0.373608 -0.184708 107.638
0.402353 0.90224 0.155159 429.668
0.108682 -0.215359 0.970468 61.3916
0.908891 -0.372953 -0.186608 107.594
0.40215 0.902289 0.1554 429.701
0.110417 -0.216286 0.970066 61.4667
0.909106 -0.372909 -0.185646 107.595
0.401857 0.902477 0.155071 429.758
0.109714 -0.215579 0.970303 61.6082
0.909143 -0.37268 -0.185925 107.54
0.401736 0.902462 0.15547 429.775
0.10985 -0.216037 0.970186 61.6284
0.909354 -0.372016 -0.186225 107.585
0.401456 0.902104 0.158242 429.763
0.109126 -0.21866 0.96968 61.2885
0.909288 -0.372036 -0.186507 107.575
0.401479 0.902187 0.157713 429.817
0.109589 -0.218286 0.969712 61.4176
0.909218 -0.37198 -0.18696 107.427
0.401499 0.902218 0.157483 429.954
0.110099 -0.21825 0.969662 61.4996
0.909183 -0.372087 -0.186917 107.43
0.401571 0.902224 0.157266 429.989
0.110124 -0.218044 0.969706 61.5283
0.909232 -0.371771 -0.187304 107.384
0.401332 0.902348 0.157162 429.993
0.110585 -0.218068 0.969648 61.737
0.909583 -0.371335 -0.186463 107.394
0.400902 0.902245 0.158843 429.913
0.109252 -0.219234 0.969536 61.7251
0.909138 -0.371202 -0.188882 107.291
0.401242 0.902204 0.158219 430.118
0.111679 -0.219631 0.96917 61.7777
0.908869 -0.371708 -0.189185 107.32
0.401845 0.901885 0.158504 430.036
0.111706 -0.220082 0.969064 61.721
0.908694 -0.371975 -0.1895 107.346
0.402106 0.901882 0.157859 430.029
0.112188 -0.219644 0.969108 61.8307
0.909183 -0.37159 -0.1879 107.229
0.401401 0.902142 0.158169 430.078
0.110738 -0.219228 0.969369 61.8548
0.908939 -0.372061 -0.188149 107.199
0.401936 0.901885 0.158275 430.117
0.1108 -0.219486 0.969303 61.8943
0.909111 -0.37159 -0.188248 107.194
0.401536 0.901995 0.158665 430.202
0.11084 -0.219832 0.96922 61.8582
0.909052 -0.370969 -0.189757 107.195
0.401282 0.902073 0.158862 430.215
0.112241 -0.22056 0.968894 61.9562
0.909348 -0.370752 -0.188758 107.136
0.400928 0.902098 0.159614 430.312
0.111101 -0.220823 0.968965 61.9154
0.909911 -0.369484 -0.18853 107.108
0.399843 0.902231 0.161572 430.4
0.1104 -0.222398 0.968685 61.9519
0.910106 -0.369198 -0.188148 107.185
0.39963 0.902073 0.162971 430.455
0.109554 -0.223511 0.968525 61.7485
0.910258 -0.368844 -0.188109 107.151
0.399325 0.902122 0.163448 430.466
0.109411 -0.223896 0.968452 61.8978
0.910386 -0.368094 -0.188956 107.168
0.398845 0.902223 0.164064 430.526
0.110089 -0.224726 0.968183 62.086
0.910922 -0.367345 -0.187825 107.189
0.397926 0.902494 0.164799 430.567
0.108973 -0.22486 0.968278 62.0972
0.911033 -0.366981 -0.188 107.157
0.397567 0.902717 0.164448 430.604
0.109361 -0.22456 0.968304 62.2606
0.91083 -0.36782 -0.187341 107.213
0.398275 0.902357 0.164705 430.619
0.108467 -0.224632 0.968388 62.0957
0.910899 -0.367701 -0.187238 107.166
0.397974 0.902748 0.163285 430.696
0.108989 -0.223252 0.968649 62.4324
0.911033 -0.367477 -0.187027 107.177
0.39769 0.902895 0.163165 430.833
0.108906 -0.223028 0.968709 62.4578
0.910906 -0.367472 -0.187654 107.278
0.397834 0.902823 0.16321 430.913
0.109443 -0.223324 0.968581 62.3779
0.91105 -0.366836 -0.188199 107.175
0.397385 0.90293 0.163713 431.018
0.109875 -0.223938 0.96839 62.5397
0.911443 -0.365987 -0.187949 107.184
0.396639 0.903013 0.165058 431.06
0.109311 -0.224989 0.96821 62.7553
0.911597 -0.366192 -0.186801 107.201
0.396626 0.902939 0.165495 431.112
0.108067 -0.224955 0.968358 62.5774
0.911256 -0.366535 -0.187791 107.243
0.397106 0.902873 0.164707 431.088
0.10918 -0.224663 0.968301 62.6249
0.911549 -0.366558 -0.186315 107.091
0.396929 0.902721 0.165956 431.173
0.107358 -0.225231 0.968372 62.6461
0.911487 -0.366523 -0.186689 107.177
0.396713 0.903251 0.163571 431.26
0.108675 -0.223155 0.968706 63.0846
0.91149 -0.366965 -0.185802 107.084
0.397051 0.902938 0.164483 431.437
0.107408 -0.223697 0.968722 62.8789
0.911951 -0.365945 -0.185553 107.087
0.396302 0.902734 0.167378 431.463
0.106254 -0.226175 0.968274 63.0215
0.912095 -0.365738 -0.185253 107.126
0.396226 0.902431 0.169186 431.637
0.1053 -0.227716 0.968017 63.0736
0.912178 -0.365139 -0.186023 107.101
0.395983 0.902244 0.170745 431.758
0.105492 -0.229412 0.967596 63.1981
0.912238 -0.365192 -0.185625 107.079
0.395724 0.902734 0.168744 431.924
0.105946 -0.227391 0.968023 63.4617
0.912037 -0.365459 -0.186085 107.272
0.396088 0.902585 0.168684 431.937
0.106311 -0.227552 0.967945 63.4979
0.911916 -0.365415 -0.186766 107.23
0.396091 0.902774 0.167663 432.233
0.107341 -0.226871 0.967991 63.5556
0.912281 -0.364692 -0.186393 107.149
0.395463 0.902754 0.169247 432.307
0.106544 -0.228112 0.967788 63.6814
0.912257 -0.363907 -0.18804 107.142
0.395095 0.902875 0.16946 432.292
0.108109 -0.228885 0.967432 63.8336
0.912707 -0.364198 -0.185272 107.088
0.394722 0.903062 0.169334 432.371
0.105641 -0.227683 0.967988 64.0783
0.913076 -0.36281 -0.186173 107.047
0.393747 0.903166 0.171042 432.55
0.106089 -0.22948 0.967514 64.0239
0.913849 -0.361097 -0.185715 107.031
0.392246 0.90329 0.173809 432.653
0.104993 -0.231681 0.967109 64.1414
0.914139 -0.360992 -0.184484 106.94
0.391762 0.903661 0.172971 432.83
0.10427 -0.230393 0.967495 64.389
0.914046 -0.361541 -0.183871 106.963
0.392158 0.903494 0.172949 432.923
0.103598 -0.230189 0.967616 64.2973
0.913993 -0.360756 -0.185668 106.92
0.391812 0.903631 0.173017 432.951
0.105359 -0.230884 0.96726 64.3555
0.914097 -0.360301 -0.186038 106.961
0.391272 0.904175 0.17139 433.058
0.106459 -0.229459 0.967479 64.6981
0.914003 -0.360201 -0.18669 106.959
0.391309 0.904186 0.171242 433.251
0.107121 -0.22957 0.967379 64.4735
0.913803 -0.360261 -0.187554 106.989
0.391573 0.904069 0.171259 433.214
0.107864 -0.229938 0.967209 64.7678
0.914514 -0.359345 -0.185835 106.891
0.390279 0.904602 0.171398 433.365
0.106515 -0.229274 0.967516 65.0073
0.914982 -0.357394 -0.187291 106.89
0.388933 0.904768 0.173569 433.445
0.107423 -0.231656 0.966848 64.9857
0.91513 -0.357181 -0.186973 106.812
0.388744 0.904681 0.174443 433.552
0.106843 -0.232323 0.966753 64.9817
0.915171 -0.357065 -0.186995 106.767
0.388441 0.905146 0.172696 433.706
0.107594 -0.230683 0.967062 65.2471
0.914977 -0.357116 -0.187845 106.688
0.388591 0.905254 0.171794 433.854
0.108697 -0.230182 0.967058 65.2905
0.914908 -0.357098 -0.188213 106.704
0.388666 0.90521 0.171854 433.969
0.109004 -0.230383 0.966976 65.3288
0.91518 -0.355748 -0.189442 106.587
0.387815 0.905248 0.173567 434.06
0.109746 -0.232313 0.96643 65.2
0.915249 -0.355625 -0.189342 106.568
0.387638 0.905377 0.173289 434.093
0.1098 -0.231998 0.966499 65.5474
0.914991 -0.356461 -0.189014 106.565
0.388394 0.905042 0.173345 434.102
0.109275 -0.232021 0.966553 65.3747
0.914687 -0.356399 -0.190598 106.618
0.388459 0.905428 0.17117 434.096
0.111568 -0.230607 0.96663 65.6606
0.914795 -0.356735 -0.189449 106.506
0.388651 0.905129 0.172314 434.094
0.110005 -0.231261 0.966653 65.6215
0.914706 -0.35582 -0.191587 106.489
0.388239 0.905328 0.172195 434.266
0.112179 -0.231889 0.966252 65.5713
0.914688 -0.355695 -0.191906 106.45
0.38813 0.905475 0.171671 434.419
0.112703 -0.231509 0.966282 65.6608
0.91492 -0.355147 -0.191814 106.426
0.387622 0.905599 0.17216 434.366
0.112564 -0.231864 0.966213 65.8541
0.915023 -0.355191 -0.19124 106.446
0.387483 0.905735 0.171756 434.497
0.112207 -0.231263 0.966399 65.817
0.91491 -0.354904 -0.192308 106.436
0.387421 0.905811 0.171496 434.533
0.11333 -0.231408 0.966233 65.9084
0.914964 -0.355161 -0.191578 106.389
0.387205 0.906382 0.168952 434.702
0.113637 -0.228765 0.966826 66.354
0.914679 -0.354765 -0.193659 106.312
0.387534 0.905876 0.170896 434.772
0.114804 -0.231364 0.96607 66.0784
0.914463 -0.354715 -0.19477 106.212
0.387664 0.905951 0.170202 434.914
0.116078 -0.231149 0.965969 66.1295
0.914852 -0.354609 -0.193127 106.135
0.387136 0.906233 0.169906 434.945
0.114768 -0.230205 0.966351 66.4378
0.914229 -0.355491 -0.194451 106.068
0.388115 0.906134 0.168187 435.03
0.11641 -0.229231 0.966386 66.5681
0.914694 -0.355329 -0.192554 106.084
0.387699 0.906015 0.169783 435.005
0.114128 -0.229953 0.966487 66.5075
0.915298 -0.354367 -0.191454 106.157
0.386525 0.906455 0.17011 435.158
0.113263 -0.229703 0.966648 66.4937
0.915505 -0.354173 -0.190822 106.11
0.386209 0.90655 0.170321 435.253
0.112667 -0.229627 0.966735 66.6726
0.915493 -0.354298 -0.190645 106.01
0.386204 0.906695 0.169562 435.364
0.112781 -0.22886 0.966904 66.9663
0.915958 -0.353282 -0.190294 106.018
0.385338 0.906703 0.171477 435.466
0.111961 -0.230393 0.966635 66.8626
0.916093 -0.353182 -0.189832 105.912
0.385164 0.90672 0.171777 435.591
0.111456 -0.23048 0.966673 67.0545
0.916411 -0.352914 -0.188791 105.917
0.384811 0.906607 0.17316 435.703
0.110049 -0.231335 0.96663 66.9788
0.916424 -0.352206 -0.190049 105.839
0.3842 0.907208 0.171358 435.831
0.112061 -0.230053 0.966705 67.4395
0.916618 -0.351592 -0.190248 105.89
0.383665 0.907393 0.171578 435.973
0.112304 -0.230263 0.966626 67.4581
0.916596 -0.352266 -0.189105 105.759
0.383893 0.907574 0.170105 436.106
0.111704 -0.228513 0.967111 67.6901
0.916706 -0.351735 -0.189561 105.817
0.383506 0.907686 0.170381 436.119
0.112132 -0.228887 0.966973 67.7619
0.916594 -0.351577 -0.190394 105.673
0.383412 0.907937 0.16925 436.269
0.113361 -0.228132 0.967008 68.0754
0.916692 -0.351189 -0.190634 105.68
0.383253 0.907737 0.170678 436.364
0.113105 -0.229521 0.96671 67.8072
0.917005 -0.350983 -0.189509 105.789
0.382751 0.908001 0.170397 436.496
0.112268 -0.22879 0.96698 68.0622
0.91738 -0.350451 -0.188675 105.774
0.381914 0.90854 0.1694 436.572
0.112053 -0.227462 0.967319 68.3836
0.917437 -0.350026 -0.189188 105.642
0.38167 0.908551 0.16989 436.734
0.112421 -0.22807 0.967133 68.3682
0.917734 -0.350079 -0.187639 105.544
0.381224 0.908961 0.168698 437.076
0.111499 -0.226352 0.967643 68.6771
0.917985 -0.349175 -0.188097 105.618
0.380532 0.909093 0.169542 437.105
0.111798 -0.227214 0.967406 68.577
0.917824 -0.349218 -0.188802 105.666
0.380563 0.909362 0.168026 437.165
0.113012 -0.226069 0.967533 68.8957
0.9178 -0.34906 -0.189207 105.711
0.380413 0.909562 0.167283 437.288
0.113704 -0.225509 0.967583 69.0166
0.917798 -0.349221 -0.188919 105.755
0.380436 0.909662 0.166684 437.385
0.113643 -0.224854 0.967743 69.143
0.917628 -0.349651 -0.188955 105.572
0.380824 0.909571 0.166294 437.463
0.113723 -0.224555 0.967803 69.179
0.917565 -0.349413 -0.189695 105.595
0.380616 0.909876 0.165096 437.532
0.114912 -0.223687 0.967863 69.2557
0.917957 -0.348049 -0.190309 105.506
0.37953 0.910139 0.166147 437.508
0.115381 -0.224744 0.967563 69.3796
0.918135 -0.347647 -0.190184 105.607
0.379267 0.909996 0.167524 437.423
0.114828 -0.22594 0.96735 69.2698
0.918399 -0.347047 -0.190004 105.564
0.378646 0.91023 0.167657 437.516
0.114762 -0.225921 0.967362 69.2284
0.918864 -0.346242 -0.189225 105.503
0.377666 0.910641 0.167637 437.68
0.114273 -0.225499 0.967518 69.2304
0.918953 -0.345547 -0.190057 105.477
0.377087 0.911007 0.166946 437.758
0.115456 -0.225083 0.967475 69.496
0.918831 -0.345534 -0.190669 105.38
0.377314 0.910762 0.167771 437.843
0.115684 -0.226095 0.967212 69.3282
0.918934 -0.344962 -0.191209 105.336
0.376701 0.911275 0.166354 437.956
0.116858 -0.224897 0.96735 69.6016
0.919266 -0.344647 -0.190178 105.378
0.376217 0.911375 0.166901 438.017
0.115801 -0.224975 0.967459 69.4803
0.919437 -0.343855 -0.190785 105.31
0.375539 0.911705 0.166627 438.142
0.116644 -0.22485 0.967386 69.6613
0.919285 -0.344537 -0.190289 105.174
0.375871 0.911915 0.164719 438.277
0.116775 -0.222948 0.967811 70.1482
0.919229 -0.344658 -0.19034 105.202
0.376005 0.911857 0.164734 438.221
0.116786 -0.222997 0.967798 70.1482
0.919261 -0.344448 -0.190563 105.303
0.375995 0.91164 0.165952 438.205
0.116563 -0.224204 0.967546 69.8511
0.919369 -0.344889 -0.189239 105.236
0.375994 0.911843 0.164833 438.249
0.115707 -0.222695 0.967997 70.0207
0.919474 -0.344369 -0.189678 105.056
0.375453 0.912253 0.163796 438.393
0.116628 -0.221821 0.968087 70.2547
0.91968 -0.343378 -0.190474 105.195
0.374564 0.912748 0.163074 438.483
0.117859 -0.22132 0.968053 70.3951
0.919761 -0.344346 -0.188324 104.911
0.374844 0.912919 0.161462 438.645
0.116326 -0.219099 0.968743 70.6637
0.91998 -0.343482 -0.188829 104.925
0.374189 0.913059 0.162194 438.627
0.116701 -0.219873 0.968523 70.7191
0.920297 -0.342803 -0.188521 104.91
0.373459 0.913337 0.16231 438.762
0.116543 -0.219778 0.968564 70.9518
0.920487 -0.342307 -0.188492 104.819
0.372982 0.913499 0.162492 438.862
0.116565 -0.219876 0.968539 70.9088
0.921635 -0.339847 -0.187334 104.874
0.370568 0.91405 0.164901 439.002
0.115192 -0.221398 0.968356 70.8321
0.922085 -0.339149 -0.186378 104.786
0.369824 0.914097 0.166301 439.014
0.113967 -0.22227 0.968301 71.0018
0.921837 -0.339019 -0.187836 104.721
0.370159 0.913762 0.167398 439.072
0.114887 -0.223843 0.96783 70.7849
0.922027 -0.338052 -0.188645 104.786
0.369423 0.914002 0.16771 438.962
0.115727 -0.224323 0.967619 70.9824
0.922677 -0.336243 -0.1887 104.747
0.367836 0.914343 0.169333 439.146
0.1156 -0.22565 0.967326 70.8449
0.923192 -0.334569 -0.189157 104.676
0.366493 0.914557 0.171079 439.211
0.115757 -0.227263 0.966929 70.9439
0.923545 -0.333933 -0.188555 104.482
0.365845 0.914624 0.172105 439.293
0.114985 -0.227929 0.966864 71.1488
0.923702 -0.333504 -0.188545 104.549
0.365325 0.914978 0.171328 439.349
0.115376 -0.227136 0.967004 71.2695
0.923552 -0.333846 -0.188677 104.433
0.365588 0.91504 0.170431 439.474
0.115749 -0.226379 0.967137 71.2873
0.923986 -0.333128 -0.187817 104.287
0.364633 0.91549 0.170064 439.604
0.115292 -0.225621 0.967369 71.6048
0.924764 -0.330953 -0.187835 104.279
0.362674 0.915969 0.171665 439.603
0.115238 -0.226873 0.967083 71.769
0.925646 -0.329174 -0.18661 104.264
0.360812 0.91641 0.173225 439.731
0.11399 -0.227676 0.967042 71.6149
0.925606 -0.329244 -0.186686 104.259
0.360902 0.91637 0.173249 439.713
0.114032 -0.227735 0.967023 71.7998
0.926168 -0.328234 -0.185677 104.199
0.359903 0.916378 0.175276 439.804
0.112619 -0.229161 0.966852 71.7391
0.927436 -0.324958 -0.185106 104.212
0.356835 0.917069 0.177915 439.883
0.11194 -0.231057 0.966479 72.001
0.928105 -0.323511 -0.184287 104.19
0.355408 0.917288 0.179631 439.962
0.110932 -0.232213 0.966318 71.9226
0.928406 -0.322295 -0.184904 104.066
0.354586 0.917209 0.181649 440.044
0.111051 -0.234208 0.965823 71.7269
0.928707 -0.322036 -0.183839 104.013
0.354029 0.917505 0.181241 440.103
0.110307 -0.233404 0.966103 72.0541
0.92887 -0.322118 -0.182867 103.957
0.353736 0.917863 0.179994 440.326
0.109867 -0.231877 0.966521 72.1546
0.928953 -0.32195 -0.182742 103.855
0.353483 0.91806 0.179488 440.396
0.109982 -0.231332 0.966638 72.543
0.928954 -0.32152 -0.183493 103.814
0.353272 0.918079 0.179802 440.523
0.110651 -0.231851 0.966438 72.5311
0.928997 -0.321516 -0.183282 103.684
0.353229 0.918076 0.179905 440.606
0.110425 -0.231871 0.966459 72.611
0.929042 -0.321923 -0.182338 103.62
0.353365 0.918099 0.179522 440.666
0.109612 -0.231215 0.966708 72.7403
0.928607 -0.322413 -0.183683 103.768
0.354082 0.917967 0.178781 440.683
0.110973 -0.231056 0.966591 72.7525
0.928903 -0.322312 -0.182357 103.553
0.353844 0.917758 0.180317 440.797
0.109241 -0.232023 0.966557 72.5306
0.928905 -0.322051 -0.182808 103.484
0.353499 0.918225 0.17861 440.865
0.110337 -0.230534 0.966788 72.9261
0.928301 -0.323235 -0.183784 103.44
0.354761 0.917972 0.177404 440.887
0.111365 -0.229884 0.966825 73.0266
0.928044 -0.323401 -0.184787 103.466
0.355097 0.91795 0.176847 440.923
0.112432 -0.229739 0.966736 73.1105
0.928246 -0.323339 -0.183877 103.367
0.354862 0.917973 0.177198 441.061
0.111499 -0.229735 0.966845 73.2467
0.928255 -0.32289 -0.184622 103.294
0.354629 0.918001 0.177517 441.054
0.112164 -0.230253 0.966645 73.3723
0.928575 -0.322712 -0.183317 103.222
0.354192 0.918093 0.177915 441.149
0.110886 -0.230137 0.96682 73.4711
0.928225 -0.32274 -0.185035 103.216
0.35457 0.918039 0.177439 441.244
0.112603 -0.230311 0.96658 73.4875
0.928236 -0.322718 -0.185017 103.079
0.354548 0.918042 0.177467 441.29
0.112582 -0.230328 0.966579 73.5708
0.928066 -0.32306 -0.185274 103.007
0.354823 0.918137 0.176421 441.352
0.113112 -0.22947 0.966721 73.7112
0.927827 -0.323672 -0.185398 103.03
0.355438 0.917933 0.176246 441.333
0.113137 -0.229424 0.966729 73.6975
0.927686 -0.323123 -0.187059 103.026
0.355348 0.917866 0.176777 441.368
0.114574 -0.230465 0.966312 73.5983
0.927963 -0.322806 -0.186225 102.978
0.354902 0.917933 0.177321 441.425
0.113702 -0.230639 0.966373 73.7205
0.928037 -0.32202 -0.18722 102.848
0.354442 0.917976 0.178021 441.507
0.114537 -0.231569 0.966052 73.7758
0.928299 -0.321413 -0.186962 102.773
0.353885 0.91802 0.178897 441.506
0.114135 -0.232233 0.965941 73.8607
0.928177 -0.321598 -0.187251 102.791
0.354103 0.91799 0.17862 441.581
0.11445 -0.232097 0.965936 73.9172
0.928102 -0.321184 -0.18833 102.769
0.354007 0.917936 0.17909 441.653
0.115354 -0.232884 0.965639 73.7663
0.928034 -0.320834 -0.189258 102.58
0.353944 0.91786 0.179603 441.671
0.11609 -0.233664 0.965362 73.8605
0.928023 -0.320971 -0.189078 102.587
0.354119 0.917658 0.180287 441.665
0.115643 -0.234266 0.96527 73.8547
0.928001 -0.320743 -0.189574 102.645
0.353928 0.917869 0.179589 441.754
0.116403 -0.233754 0.965303 74.0101
0.927672 -0.321215 -0.190383 102.533
0.354463 0.917864 0.178553 441.867
0.117392 -0.233122 0.965336 74.1643
0.92742 -0.321441 -0.191225 102.486
0.35483 0.917815 0.178079 441.863
0.118267 -0.233006 0.965257 74.2486
0.927633 -0.321457 -0.190165 102.451
0.35471 0.917673 0.179046 441.824
0.116954 -0.233543 0.965287 74.3244
0.927767 -0.321157 -0.190019 102.444
0.35445 0.917657 0.179639 441.919
0.11668 -0.234016 0.965206 74.2128
0.928284 -0.321028 -0.187696 102.356
0.353782 0.917889 0.17977 441.996
0.114573 -0.233281 0.965636 74.4416
0.928434 -0.320327 -0.188151 102.394
0.353263 0.917982 0.180319 442.067
0.114958 -0.233881 0.965445 74.4676
0.928608 -0.320107 -0.187667 102.404
0.353027 0.917911 0.18114 442.022
0.114277 -0.23446 0.965386 74.4402
0.928662 -0.319991 -0.187596 102.492
0.352857 0.918041 0.180812 442.002
0.114363 -0.234108 0.965461 74.6241
0.929082 -0.319266 -0.186751 102.395
0.352136 0.917984 0.182499 442.018
0.113168 -0.235318 0.965307 74.5877
0.929347 -0.319313 -0.185346 102.428
0.351748 0.918298 0.181667 442.087
0.112195 -0.234027 0.965735 74.8461
0.929128 -0.320141 -0.185016 102.299
0.352414 0.918165 0.181042 442.251
0.111916 -0.233414 0.965916 74.8146
0.929228 -0.319024 -0.18644 102.379
0.351864 0.918016 0.182864 442.178
0.112816 -0.235524 0.965298 74.5838
0.929397 -0.319201 -0.185287 102.302
0.351672 0.918243 0.182089 442.325
0.112015 -0.234394 0.965667 74.8008
0.929451 -0.318616 -0.186025 102.247
0.351394 0.91814 0.183144 442.363
0.112444 -0.235591 0.965325 74.8013
0.929906 -0.317107 -0.186329 102.273
0.350292 0.918016 0.185854 442.444
0.112118 -0.238097 0.964749 74.6946
0.930038 -0.316857 -0.186095 102.153
0.349806 0.918518 0.184281 442.568
0.112541 -0.236486 0.965095 75.1528
0.930036 -0.316479 -0.186747 102.225
0.349746 0.918273 0.185612 442.489
0.112742 -0.23794 0.964714 75.0803
0.930132 -0.31704 -0.185311 102.214
0.349935 0.91823 0.18547 442.546
0.111356 -0.237359 0.965019 75.0785
0.930421 -0.31604 -0.185567 102.147
0.349244 0.918081 0.187501 442.593
0.111107 -0.239263 0.964577 74.9079
0.930817 -0.315426 -0.184624 102.025
0.348398 0.918419 0.187418 442.776
0.110445 -0.238774 0.964774 75.3177
0.931199 -0.315586 -0.182412 101.961
0.348079 0.918427 0.187971 442.825
0.108211 -0.238532 0.965087 75.345
0.930959 -0.316312 -0.18238 102.011
0.348624 0.918517 0.186517 442.859
0.108522 -0.237222 0.965375 75.5707
0.931243 -0.315724 -0.181946 102.098
0.348089 0.918446 0.187857 442.854
0.107797 -0.238274 0.965197 75.4092
0.931495 -0.314446 -0.182868 102.072
0.347192 0.918534 0.189085 442.84
0.108513 -0.239622 0.964783 75.3707
0.93165 -0.314407 -0.182141 102.036
0.346906 0.918768 0.188469 442.987
0.108089 -0.238773 0.965041 75.5106
0.931608 -0.31402 -0.183024 101.92
0.346788 0.918726 0.188894 443.062
0.108832 -0.239446 0.964791 75.5199
0.931777 -0.313657 -0.182788 101.956
0.346435 0.918743 0.189457 443.116
0.108511 -0.239855 0.964725 75.5885
0.93173 -0.314113 -0.182245 101.999
0.346656 0.918835 0.188604 443.139
0.10821 -0.238904 0.964995 75.6718
0.931655 -0.314048 -0.182738 101.959
0.346556 0.919157 0.187217 443.205
0.10917 -0.23775 0.965172 75.8361
0.93182 -0.314208 -0.181616 101.993
0.346511 0.919048 0.187833 443.234
0.107895 -0.237959 0.965264 75.7654
0.931909 -0.313503 -0.182378 101.872
0.346009 0.91922 0.187913 443.292
0.108734 -0.238222 0.965105 75.9643
0.932242 -0.313029 -0.18149 101.874
0.345423 0.919262 0.188785 443.402
0.107742 -0.238684 0.965102 75.9973
0.932217 -0.312444 -0.182621 101.857
0.345104 0.919415 0.188623 443.474
0.10897 -0.238861 0.96492 76.2821
0.932015 -0.312422 -0.183687 101.788
0.345382 0.919242 0.188959 443.52
0.109818 -0.239555 0.964652 76.2499
0.932222 -0.313 -0.181639 101.801
0.345493 0.919123 0.189337 443.534
0.107686 -0.239259 0.964966 76.0049
0.932355 -0.312426 -0.181947 101.79
0.345078 0.919138 0.190017 443.536
0.107868 -0.23995 0.964774 76.0898
0.932144 -0.312726 -0.182513 101.814
0.345417 0.919188 0.18916 443.567
0.108608 -0.239367 0.964836 76.1352
0.932141 -0.312839 -0.182334 101.741
0.345507 0.919112 0.189364 443.551
0.108345 -0.239511 0.964829 76.2135
0.93188 -0.312714 -0.183873 101.78
0.345585 0.919398 0.187824 443.645
0.110317 -0.238573 0.964838 76.4038
0.931968 -0.31298 -0.182976 101.665
0.345845 0.918909 0.189732 443.683
0.108755 -0.240105 0.964635 76.1387
0.932034 -0.312747 -0.183033 101.661
0.345572 0.919116 0.189225 443.728
0.109049 -0.239615 0.964724 76.2351
0.931627 -0.312662 -0.18524 101.661
0.345858 0.919314 0.187736 443.735
0.111595 -0.238966 0.964594 76.2986
0.931347 -0.313518 -0.185201 101.616
0.346627 0.919141 0.18716 443.725
0.111548 -0.238506 0.964713 76.308
0.931379 -0.312445 -0.186846 101.544
0.345964 0.919401 0.187113 443.812
0.113324 -0.238915 0.964405 76.3931
