0.907246 -0.383369 -0.17301 107.94
0.408929 0.90022 0.149601 428.786
0.0983947 -0.206474 0.973492 61.12
0.907246 -0.383369 -0.17301 107.94
0.408929 0.90022 0.149601 428.786
0.0983947 -0.206474 0.973492 61.12
0.907246 -0.383369 -0.17301 107.94
0.408929 0.90022 0.149601 428.786
0.0983947 -0.206474 0.973492 61.12
0.907254 -0.383413 -0.172869 108.023
0.408902 0.900301 0.149191 428.848
0.0984321 -0.206041 0.97358 61.025
0.907249 -0.382894 -0.174043 108.022
0.408776 0.900125 0.15059 428.819
0.0990008 -0.207767 0.973155 60.8552
0.907528 -0.381938 -0.174689 108.031
0.407961 0.9005 0.150559 428.818
0.0998034 -0.207903 0.973045 60.906
0.907607 -0.381745 -0.174702 108.06
0.407693 0.900748 0.149794 428.812
0.10018 -0.207179 0.97316 61.075
0.907633 -0.381467 -0.175172 108.028
0.407522 0.900818 0.149842 428.869
0.100638 -0.207388 0.973069 60.9281
0.907648 -0.380769 -0.176609 107.956
0.407036 0.901191 0.148916 428.896
0.102456 -0.20705 0.972951 61.2138
0.907612 -0.380527 -0.177313 107.825
0.407008 0.901106 0.14951 429.01
0.102885 -0.207865 0.972732 61.1051
0.908334 -0.378515 -0.177921 107.912
0.405401 0.901419 0.151969 428.989
0.102858 -0.210168 0.972239 61.0431
0.908868 -0.377131 -0.17813 107.853
0.404097 0.901965 0.152203 429.149
0.103267 -0.210314 0.972165 61.1762
0.909069 -0.376337 -0.178786 107.769
0.403713 0.901715 0.154678 429.2
0.103004 -0.212791 0.971653 60.9167
0.909347 -0.375173 -0.179816 107.755
0.402769 0.902159 0.154551 429.325
0.104239 -0.212965 0.971484 61.1099
0.909345 -0.374616 -0.180981 107.771
0.402606 0.902014 0.155815 429.261
0.104877 -0.214553 0.971065 61.238
0.909278 -0.374015 -0.182553 107.759
0.402255 0.902328 0.154905 429.409
0.106786 -0.214285 0.970916 61.3
0.909193 -0.373928 -0.183154 107.757
0.402251 0.902407 0.154455 429.499
0.107525 -0.214103 0.970875 61.2992
0.909043 -0.37409 -0.183567 107.712
0.402483 0.902332 0.154285 429.532
0.107922 -0.214134 0.970824 61.4273
0.908898 -0.374285 -0.18389 107.551
0.402736 0.902238 0.154174 429.711
0.108208 -0.214188 0.97078 61.2439
0.908997 -0.373642 -0.184706 107.631
0.402398 0.902202 0.155265 429.667
0.108628 -0.215461 0.970452 61.3755
0.908887 -0.372868 -0.1868 107.594
0.402104 0.902316 0.155363 429.705
0.110623 -0.216321 0.970035 61.4836
0.909106 -0.372909 -0.185646 107.595
0.401857 0.902477 0.155071 429.758
0.109714 -0.215579 0.970303 61.6082
0.909161 -0.372637 -0.185924 107.542
0.401713 0.902442 0.155644 429.774
0.109787 -0.216193 0.970158 61.6056
0.909343 -0.372022 -0.186266 107.585
0.40147 0.902101 0.158228 429.763
0.109166 -0.218664 0.969675 61.2932
0.909293 -0.372031 -0.186491 107.574
0.401468 0.902198 0.15768 429.822
0.10959 -0.218247 0.969721 61.4247
0.909213 -0.371978 -0.186988 107.419
0.401503 0.902217 0.157478 429.96
0.110126 -0.218257 0.969658 61.5023
0.909178 -0.372112 -0.18689 107.435
0.401585 0.902226 0.15722 429.994
0.110113 -0.217993 0.969719 61.533
0.909244 -0.371704 -0.187384 107.373
0.401287 0.902363 0.157196 429.989
0.110658 -0.218124 0.969627 61.7596
0.909583 -0.371335 -0.186463 107.394
0.400902 0.902245 0.158843 429.913
0.109252 -0.219234 0.969536 61.7251
0.909116 -0.371288 -0.18882 107.284
0.401313 0.902173 0.158213 430.116
0.111606 -0.21961 0.969183 61.7771
0.908861 -0.371674 -0.189287 107.331
0.401839 0.901881 0.158544 430.029
0.111787 -0.220157 0.969038 61.7151
0.908694 -0.371975 -0.1895 107.346
0.402106 0.901882 0.157859 430.029
0.112188 -0.219644 0.969108 61.8307
0.909161 -0.371631 -0.187926 107.229
0.401451 0.902114 0.158202 430.079
0.110738 -0.219274 0.969358 61.858
0.908936 -0.37207 -0.188145 107.195
0.40194 0.901889 0.158242 430.122
0.110809 -0.219455 0.96931 61.8954
0.909133 -0.371529 -0.188263 107.199
0.401488 0.902 0.158753 430.204
0.110832 -0.219913 0.969203 61.8528
0.909035 -0.370944 -0.189884 107.193
0.401283 0.902077 0.158835 430.216
0.112371 -0.220584 0.968873 61.9677
0.909368 -0.370679 -0.188804 107.133
0.400864 0.90213 0.159591 430.309
0.111169 -0.220811 0.96896 61.935
0.909966 -0.369393 -0.188442 107.107
0.399766 0.90221 0.161877 430.416
0.110218 -0.222635 0.968651 61.9334
0.910106 -0.369198 -0.188148 107.185
0.39963 0.902073 0.162971 430.455
0.109554 -0.223511 0.968525 61.7485
0.910251 -0.368821 -0.188186 107.155
0.399325 0.902113 0.163497 430.47
0.109464 -0.22397 0.968429 61.9013
0.910429 -0.368013 -0.188905 107.16
0.398752 0.902267 0.164046 430.525
0.110072 -0.224678 0.968196 62.1129
0.910947 -0.367326 -0.187743 107.197
0.397899 0.90249 0.164891 430.572
0.108868 -0.22491 0.968279 62.0781
0.911033 -0.366981 -0.188 107.157
0.397567 0.902717 0.164448 430.604
0.109361 -0.22456 0.968304 62.2606
0.910832 -0.367821 -0.187332 107.212
0.398262 0.902384 0.164592 430.62
0.108505 -0.224523 0.968409 62.1206
0.91091 -0.367676 -0.187239 107.16
0.397949 0.902761 0.16328 430.708
0.108998 -0.223244 0.968649 62.4384
0.911038 -0.367474 -0.187009 107.182
0.397683 0.9029 0.163159 430.836
0.108894 -0.223014 0.968714 62.4562
0.910932 -0.367402 -0.187667 107.272
0.397778 0.902832 0.163301 430.917
0.109434 -0.223406 0.968563 62.39
0.911034 -0.366815 -0.188316 107.161
0.397385 0.902941 0.163654 431.037
0.110008 -0.223928 0.968377 62.5571
0.911443 -0.365987 -0.187949 107.184
0.396639 0.903013 0.165058 431.06
0.109311 -0.224989 0.96821 62.7553
0.911597 -0.366192 -0.186801 107.201
0.396626 0.902939 0.165495 431.112
0.108067 -0.224955 0.968358 62.5774
0.911287 -0.366493 -0.187722 107.231
0.397065 0.902864 0.164853 431.087
0.10907 -0.224766 0.968289 62.6278
0.911543 -0.36661 -0.186242 107.09
0.396959 0.902716 0.165914 431.183
0.107298 -0.225168 0.968394 62.645
0.911485 -0.366513 -0.186718 107.181
0.396699 0.903277 0.163467 431.263
0.108746 -0.223068 0.968718 63.1052
0.911495 -0.366955 -0.185797 107.084
0.397042 0.902938 0.164503 431.437
0.107398 -0.223713 0.96872 62.8809
0.911944 -0.365943 -0.185589 107.09
0.396319 0.90271 0.167469 431.469
0.106249 -0.226274 0.968252 63.0132
0.912124 -0.365714 -0.185157 107.127
0.396189 0.90243 0.169275 431.651
0.105185 -0.227757 0.96802 63.0935
0.912178 -0.365139 -0.186024 107.101
0.395983 0.902243 0.170747 431.758
0.105493 -0.229414 0.967595 63.1982
0.912238 -0.365192 -0.185625 107.079
0.395724 0.902734 0.168744 431.924
0.105946 -0.227391 0.968023 63.4617
0.912037 -0.365459 -0.186085 107.272
0.396088 0.902585 0.168684 431.937
0.106311 -0.227552 0.967945 63.4979
0.91193 -0.365375 -0.186776 107.232
0.396059 0.902779 0.167712 432.24
0.107339 -0.226916 0.967981 63.5552
0.912319 -0.364632 -0.186324 107.134
0.395407 0.902745 0.169426 432.31
0.106425 -0.228244 0.96777 63.701
0.912287 -0.363952 -0.187804 107.138
0.39508 0.902889 0.169421 432.295
0.107905 -0.228758 0.967484 63.8544
0.912721 -0.364131 -0.185335 107.086
0.39468 0.903064 0.169421 432.381
0.105678 -0.227782 0.96796 64.0728
0.913101 -0.362751 -0.186168 107.046
0.393694 0.903177 0.171103 432.556
0.106075 -0.229527 0.967505 64.028
0.913866 -0.36106 -0.1857 107.031
0.392215 0.903289 0.173885 432.654
0.104958 -0.231742 0.967098 64.1439
0.914144 -0.360994 -0.184457 106.938
0.391754 0.90367 0.172944 432.834
0.104257 -0.230358 0.967505 64.3944
0.914046 -0.361541 -0.183871 106.963
0.392158 0.903494 0.172949 432.923
0.103598 -0.230189 0.967616 64.2973
0.914002 -0.360729 -0.185672 106.926
0.391778 0.903662 0.17293 432.957
0.105404 -0.230801 0.967275 64.3722
0.914099 -0.360274 -0.186078 106.959
0.391243 0.904207 0.171287 433.064
0.106543 -0.229375 0.967489 64.7216
0.914003 -0.360201 -0.18669 106.959
0.391309 0.904186 0.171242 433.251
0.107121 -0.22957 0.967379 64.4735
0.913861 -0.360216 -0.187359 106.978
0.391477 0.90412 0.171209 433.23
0.107723 -0.229808 0.967256 64.7891
0.914551 -0.359204 -0.185924 106.894
0.390183 0.904605 0.1716 433.361
0.106548 -0.229482 0.967463 65.0138
0.914989 -0.357357 -0.187328 106.888
0.388907 0.904777 0.173582 433.452
0.107459 -0.231678 0.966839 64.9804
0.915134 -0.357197 -0.186922 106.809
0.388753 0.904668 0.17449 433.553
0.106776 -0.232348 0.966754 64.9857
0.915162 -0.357078 -0.187011 106.764
0.388454 0.905146 0.172667 433.711
0.107616 -0.230663 0.967064 65.2467
0.914977 -0.357093 -0.187886 106.688
0.388576 0.905263 0.171777 433.858
0.108746 -0.23018 0.967053 65.2953
0.914908 -0.357098 -0.188213 106.704
0.388666 0.90521 0.171854 433.969
0.109004 -0.230383 0.966976 65.3288
0.915206 -0.355707 -0.189395 106.585
0.387768 0.90526 0.173609 434.068
0.109698 -0.232329 0.966431 65.2292
0.91523 -0.355653 -0.189381 106.567
0.387665 0.905385 0.173191 434.09
0.109867 -0.231926 0.966509 65.5714
0.914979 -0.356516 -0.188972 106.566
0.388443 0.905013 0.17339 434.103
0.109205 -0.232053 0.966554 65.3511
0.914687 -0.356399 -0.190598 106.618
0.388459 0.905428 0.17117 434.096
0.111568 -0.230607 0.96663 65.6606
0.914795 -0.356666 -0.189579 106.508
0.388617 0.905139 0.17234 434.102
0.110127 -0.231329 0.966622 65.6136
0.914697 -0.355818 -0.191632 106.484
0.388242 0.905336 0.172147 434.272
0.112238 -0.231862 0.966252 65.5767
0.914691 -0.355687 -0.191901 106.451
0.38812 0.905481 0.171661 434.426
0.112705 -0.231498 0.966285 65.6641
0.914918 -0.355148 -0.19182 106.432
0.387624 0.9056 0.172153 434.374
0.112572 -0.23186 0.966214 65.8477
0.915038 -0.355195 -0.191157 106.441
0.387463 0.905752 0.171714 434.504
0.112149 -0.231191 0.966423 65.8209
0.91491 -0.354904 -0.192308 106.436
0.387421 0.905811 0.171496 434.533
0.11333 -0.231408 0.966233 65.9084
0.914939 -0.355137 -0.191741 106.384
0.387245 0.906324 0.169169 434.706
0.113701 -0.22903 0.966756 66.3253
0.914673 -0.354741 -0.193733 106.307
0.387523 0.905887 0.170865 434.777
0.114888 -0.231361 0.96606 66.0797
0.914435 -0.354739 -0.194858 106.202
0.3877 0.90595 0.170128 434.93
0.116181 -0.231117 0.965964 66.1363
0.914852 -0.354609 -0.193127 106.135
0.387136 0.906233 0.169906 434.945
0.114768 -0.230205 0.966351 66.4378
0.91425 -0.355492 -0.194349 106.069
0.388104 0.906123 0.168277 435.024
0.116283 -0.229275 0.966391 66.5676
0.91472 -0.35529 -0.192501 106.082
0.387652 0.906029 0.169815 435.019
0.114078 -0.229956 0.966492 66.4966
0.915311 -0.354342 -0.191433 106.163
0.386496 0.906469 0.170104 435.156
0.113253 -0.229686 0.966653 66.5014
0.915504 -0.354179 -0.19081 106.109
0.38621 0.906555 0.170293 435.256
0.112666 -0.229597 0.966743 66.6816
0.915504 -0.354252 -0.190678 105.998
0.386179 0.906683 0.169681 435.375
0.112774 -0.228979 0.966877 66.9571
0.915958 -0.353282 -0.190294 106.018
0.385338 0.906703 0.171477 435.466
0.111961 -0.230393 0.966635 66.8626
0.916093 -0.353182 -0.189832 105.912
0.385164 0.90672 0.171777 435.591
0.111456 -0.23048 0.966673 67.0545
0.916404 -0.352865 -0.188918 105.912
0.384777 0.906648 0.173021 435.709
0.110229 -0.231248 0.96663 67.0129
0.916453 -0.352185 -0.189948 105.835
0.384156 0.907227 0.171357 435.842
0.111977 -0.23001 0.966725 67.4447
0.916618 -0.351592 -0.190248 105.89
0.383665 0.907393 0.171578 435.973
0.112304 -0.230263 0.966626 67.4581
0.916603 -0.352227 -0.189142 105.767
0.383867 0.90758 0.170133 436.104
0.111736 -0.228549 0.967099 67.69
0.916706 -0.351742 -0.189548 105.811
0.383508 0.907688 0.170364 436.124
0.112126 -0.228867 0.966979 67.77
0.916584 -0.35155 -0.190487 105.67
0.3834 0.907955 0.169182 436.273
0.113477 -0.228103 0.967002 68.0882
0.916702 -0.351179 -0.190607 105.682
0.383249 0.907718 0.170789 436.368
0.11304 -0.229613 0.966695 67.7863
0.917015 -0.350976 -0.189471 105.793
0.382734 0.908013 0.170377 436.501
0.112244 -0.228755 0.966991 68.0732
0.917379 -0.350414 -0.188748 105.762
0.381903 0.90853 0.169479 436.582
0.112096 -0.22756 0.967291 68.3745
0.917459 -0.350012 -0.189103 105.641
0.381624 0.908591 0.169779 436.756
0.112393 -0.227932 0.967169 68.3955
0.917737 -0.350089 -0.187608 105.54
0.381227 0.908959 0.168699 437.081
0.111468 -0.226342 0.967649 68.6775
0.917985 -0.349175 -0.188097 105.618
0.380532 0.909093 0.169542 437.105
0.111798 -0.227214 0.967406 68.577
0.917835 -0.349192 -0.188796 105.675
0.380526 0.909392 0.167949 437.174
0.113043 -0.225991 0.967548 68.9037
0.917784 -0.349071 -0.189265 105.705
0.380437 0.909552 0.16728 437.293
0.113754 -0.225531 0.967572 69.0222
0.91781 -0.349225 -0.188858 105.763
0.38042 0.909676 0.166641 437.389
0.113604 -0.22479 0.967762 69.1483
0.917607 -0.349687 -0.188986 105.552
0.380865 0.909557 0.166279 437.469
0.113748 -0.224558 0.967799 69.1797
0.917586 -0.349342 -0.189727 105.59
0.38056 0.90989 0.165151 437.531
0.114937 -0.223742 0.967848 69.2621
0.917957 -0.348049 -0.190309 105.506
0.37953 0.910139 0.166147 437.508
0.115381 -0.224744 0.967563 69.3796
0.918135 -0.347647 -0.190184 105.607
0.379267 0.909996 0.167524 437.423
0.114828 -0.22594 0.96735 69.2698
0.918451 -0.346958 -0.189917 105.574
0.378555 0.91024 0.167807 437.521
0.114648 -0.226016 0.967353 69.1912
0.918874 -0.346224 -0.189207 105.49
0.377632 0.910673 0.167538 437.692
0.1143 -0.225397 0.967539 69.2547
0.918953 -0.345547 -0.190057 105.477
0.377087 0.911007 0.166946 437.758
0.115456 -0.225083 0.967475 69.496
0.918832 -0.345507 -0.190719 105.375
0.377288 0.910788 0.167688 437.85
0.115767 -0.226033 0.967216 69.3434
0.918952 -0.34495 -0.191145 105.344
0.376676 0.911283 0.166369 437.956
0.116799 -0.224885 0.96736 69.6012
0.91928 -0.344628 -0.190148 105.371
0.376196 0.911376 0.166945 438.023
0.115762 -0.225002 0.967457 69.4669
0.919446 -0.343796 -0.19085 105.307
0.37549 0.911733 0.166585 438.15
0.116733 -0.224828 0.967381 69.6825
0.91927 -0.344563 -0.190315 105.176
0.3759 0.911908 0.164692 438.28
0.116803 -0.222936 0.96781 70.1383
0.919229 -0.344658 -0.19034 105.202
0.376005 0.911857 0.164734 438.221
0.116786 -0.222997 0.967798 70.1482
0.919261 -0.344448 -0.190563 105.303
0.375995 0.91164 0.165952 438.205
0.116563 -0.224204 0.967546 69.8511
0.919396 -0.344871 -0.189143 105.215
0.375949 0.911871 0.164786 438.265
0.115644 -0.222612 0.968024 70.0318
0.919454 -0.344312 -0.189879 105.056
0.375431 0.91228 0.163698 438.394
0.11686 -0.221799 0.968064 70.276
0.919712 -0.343301 -0.190459 105.21
0.374481 0.912787 0.163046 438.493
0.117875 -0.221278 0.968061 70.3994
0.919761 -0.344346 -0.188324 104.911
0.374844 0.912919 0.161462 438.645
0.116326 -0.219099 0.968743 70.6637
0.91999 -0.343469 -0.188803 104.924
0.374175 0.913057 0.162234 438.63
0.116665 -0.219899 0.968521 70.7203
0.920303 -0.342764 -0.188558 104.912
0.373418 0.91337 0.162215 438.768
0.116622 -0.219698 0.968572 70.9734
0.920493 -0.342296 -0.188485 104.815
0.372972 0.913499 0.162514 438.864
0.116553 -0.219892 0.968536 70.9038
0.921659 -0.33975 -0.187388 104.872
0.370494 0.914065 0.164982 439.004
0.115232 -0.221483 0.968332 70.8428
0.922102 -0.339234 -0.186138 104.776
0.36986 0.914075 0.166344 439.012
0.113714 -0.222231 0.96834 71.0055
0.921837 -0.339019 -0.187836 104.721
0.370159 0.913762 0.167398 439.072
0.114887 -0.223843 0.96783 70.7849
0.922027 -0.338052 -0.188645 104.786
0.369423 0.914002 0.16771 438.962
0.115727 -0.224323 0.967619 70.9824
0.922697 -0.336135 -0.188797 104.744
0.367755 0.914372 0.169354 439.154
0.115704 -0.225693 0.967303 70.8589
0.923239 -0.334478 -0.189085 104.67
0.366413 0.914547 0.171303 439.21
0.11563 -0.227437 0.966903 70.9382
0.923553 -0.33392 -0.188538 104.471
0.365828 0.914632 0.172101 439.298
0.114975 -0.227917 0.966869 71.1645
0.923692 -0.333541 -0.188527 104.548
0.365352 0.914976 0.17128 439.354
0.115368 -0.227089 0.967016 71.2663
0.923556 -0.333797 -0.188746 104.42
0.365554 0.915055 0.170426 439.481
0.115825 -0.226394 0.967125 71.2983
0.924012 -0.333098 -0.187743 104.282
0.364584 0.915513 0.170043 439.61
0.115241 -0.22557 0.967387 71.6211
0.924798 -0.330885 -0.187788 104.279
0.362603 0.915986 0.171725 439.608
0.11519 -0.226903 0.967081 71.7631
0.925646 -0.329174 -0.18661 104.264
0.360812 0.91641 0.173225 439.731
0.11399 -0.227676 0.967042 71.6149
0.92562 -0.329244 -0.186614 104.258
0.360899 0.91635 0.173365 439.715
0.113925 -0.227819 0.967016 71.7868
0.926232 -0.328074 -0.185641 104.191
0.35975 0.916415 0.175395 439.815
0.112581 -0.229241 0.966837 71.752
0.9275 -0.324791 -0.185082 104.218
0.35668 0.917102 0.178056 439.883
0.111908 -0.231162 0.966458 72.0143
0.928105 -0.323511 -0.184287 104.19
0.355408 0.917288 0.179631 439.962
0.110932 -0.232213 0.966318 71.9226
0.928409 -0.322301 -0.184877 104.065
0.354581 0.917218 0.181612 440.048
0.111039 -0.234164 0.965835 71.7356
0.928725 -0.322005 -0.183802 104.011
0.353993 0.917512 0.181273 440.101
0.11027 -0.233418 0.966104 72.0645
0.928871 -0.322117 -0.182865 103.956
0.353735 0.917864 0.179992 440.326
0.109867 -0.231875 0.966521 72.1565
0.928952 -0.321928 -0.182784 103.858
0.353471 0.918065 0.179484 440.402
0.110027 -0.231341 0.966631 72.5398
0.928955 -0.321515 -0.183498 103.808
0.353271 0.918074 0.179831 440.526
0.110646 -0.231879 0.966431 72.5343
0.929008 -0.321565 -0.183143 103.686
0.35322 0.918122 0.179688 440.617
0.110366 -0.231621 0.966525 72.6188
0.929038 -0.321938 -0.182329 103.609
0.353394 0.918059 0.179669 440.664
0.109546 -0.231353 0.966683 72.7524
0.928607 -0.322413 -0.183683 103.768
0.354082 0.917967 0.178781 440.683
0.110973 -0.231056 0.966591 72.7525
0.928903 -0.322312 -0.182357 103.553
0.353844 0.917758 0.180317 440.797
0.109241 -0.232023 0.966557 72.5306
0.928899 -0.322109 -0.182734 103.484
0.35354 0.918205 0.178628 440.864
0.110249 -0.230531 0.966799 72.9141
0.928254 -0.323295 -0.183913 103.436
0.354838 0.917964 0.177292 440.889
0.111508 -0.229832 0.966821 73.0429
0.928055 -0.323415 -0.184708 103.462
0.355093 0.917949 0.176858 440.931
0.112354 -0.229723 0.966749 73.1158
0.928247 -0.323281 -0.183976 103.362
0.354831 0.917979 0.177227 441.057
0.111592 -0.229791 0.966821 73.2541
0.928255 -0.32293 -0.184551 103.294
0.354651 0.917994 0.177508 441.059
0.112094 -0.230224 0.96666 73.375
0.928596 -0.322685 -0.183261 103.218
0.354156 0.918101 0.177944 441.153
0.110833 -0.230141 0.966825 73.4764
0.928216 -0.322722 -0.185112 103.207
0.354568 0.918043 0.177423 441.247
0.112682 -0.230322 0.966568 73.495
0.928264 -0.322799 -0.184732 103.077
0.354567 0.918024 0.177525 441.295
0.112284 -0.23029 0.966622 73.563
0.928054 -0.323058 -0.185335 103.004
0.35483 0.918144 0.176371 441.353
0.113186 -0.229444 0.966718 73.7179
0.927827 -0.323672 -0.185398 103.03
0.355438 0.917933 0.176246 441.333
0.113137 -0.229424 0.966729 73.6975
0.927696 -0.323166 -0.186933 103.017
0.355365 0.917852 0.176814 441.37
0.114436 -0.230459 0.96633 73.6048
0.92798 -0.322753 -0.186232 102.98
0.354854 0.917948 0.177344 441.428
0.113713 -0.230657 0.966368 73.7268
0.928037 -0.32202 -0.18722 102.848
0.354442 0.917976 0.178021 441.507
0.114537 -0.231569 0.966052 73.7758
0.928296 -0.32141 -0.186983 102.776
0.353886 0.918021 0.178891 441.508
0.114157 -0.232235 0.965937 73.8704
0.928163 -0.321635 -0.187255 102.789
0.354137 0.917984 0.178584 441.59
0.114458 -0.232069 0.965942 73.9063
0.928105 -0.321144 -0.188383 102.769
0.353985 0.917936 0.179132 441.652
0.115397 -0.232938 0.965621 73.7638
0.928034 -0.320834 -0.189258 102.58
0.353944 0.91786 0.179603 441.671
0.11609 -0.233664 0.965362 73.8605
0.928017 -0.321002 -0.189054 102.584
0.354131 0.917673 0.180187 441.681
0.115649 -0.234166 0.965293 73.8684
0.928003 -0.320707 -0.189627 102.651
0.353906 0.917876 0.179594 441.751
0.116457 -0.233773 0.965292 74.014
0.927672 -0.321215 -0.190383 102.533
0.354463 0.917864 0.178553 441.867
0.117392 -0.233122 0.965336 74.1643
0.927448 -0.321539 -0.190927 102.482
0.354865 0.917787 0.178152 441.858
0.117948 -0.23298 0.965302 74.2557
0.927637 -0.321355 -0.190318 102.451
0.354654 0.91768 0.179118 441.823
0.117091 -0.233654 0.965244 74.3286
0.927776 -0.321163 -0.189964 102.444
0.354446 0.917654 0.179665 441.926
0.116619 -0.234021 0.965212 74.2029
0.9283 -0.320946 -0.187759 102.362
0.35372 0.917907 0.179804 442.005
0.114638 -0.233326 0.965617 74.4422
0.928432 -0.320353 -0.188116 102.39
0.353285 0.917967 0.180353 442.063
0.114908 -0.233904 0.965446 74.4709
0.928622 -0.320072 -0.187656 102.408
0.352994 0.917916 0.181176 442.022
0.114263 -0.234486 0.965381 74.4359
0.928679 -0.319954 -0.187574 102.484
0.352828 0.918031 0.180921 442.004
0.114312 -0.234199 0.965445 74.6163
0.929101 -0.319257 -0.186672 102.403
0.352102 0.918007 0.182446 442.017
0.113119 -0.235238 0.965333 74.6064
0.929366 -0.319328 -0.185223 102.426
0.351726 0.918319 0.1816 442.098
0.112104 -0.23392 0.965771 74.8645
0.929128 -0.320141 -0.185016 102.299
0.352414 0.918165 0.181042 442.251
0.111916 -0.233414 0.965916 74.8146
0.929241 -0.319051 -0.186326 102.374
0.351855 0.918033 0.182794 442.19
0.112733 -0.235419 0.965334 74.5972
0.929399 -0.319157 -0.185352 102.3
0.351647 0.918248 0.182112 442.323
0.112077 -0.234433 0.96565 74.816
0.929455 -0.318594 -0.186042 102.242
0.351388 0.918122 0.183245 442.369
0.112428 -0.235691 0.965303 74.7848
0.929939 -0.317 -0.186346 102.277
0.350211 0.918013 0.186021 442.448
0.112099 -0.238248 0.964713 74.6929
0.930041 -0.316844 -0.186103 102.157
0.349806 0.918499 0.184377 442.561
0.112517 -0.236578 0.965075 75.1419
0.93003 -0.316474 -0.186783 102.223
0.349741 0.918291 0.185534 442.496
0.112805 -0.237878 0.964722 75.0955
0.930149 -0.317114 -0.185098 102.215
0.349963 0.918205 0.185538 442.545
0.111121 -0.237356 0.965046 75.0616
0.930421 -0.31604 -0.185567 102.147
0.349244 0.918081 0.187501 442.593
0.111107 -0.239263 0.964577 74.9079
0.930817 -0.315426 -0.184624 102.025
0.348398 0.918419 0.187418 442.776
0.110445 -0.238774 0.964774 75.3177
0.931179 -0.315637 -0.182427 101.963
0.348119 0.918438 0.187843 442.829
0.108258 -0.238422 0.965109 75.3619
0.930962 -0.316324 -0.182342 102.016
0.34863 0.918509 0.186544 442.855
0.108474 -0.237235 0.965377 75.5727
0.931269 -0.315659 -0.181928 102.104
0.348033 0.918444 0.187971 442.856
0.107756 -0.238368 0.965178 75.3922
0.931496 -0.314446 -0.182866 102.072
0.34719 0.918535 0.189083 442.84
0.108512 -0.239619 0.964784 75.3711
0.931649 -0.314438 -0.182098 102.024
0.346925 0.918765 0.188453 442.994
0.108048 -0.238746 0.965052 75.515
0.931605 -0.313934 -0.183185 101.922
0.34675 0.918725 0.188965 443.062
0.108974 -0.23956 0.964746 75.5151
0.931777 -0.313657 -0.182788 101.956
0.346435 0.918743 0.189457 443.116
0.108511 -0.239855 0.964725 75.5885
0.93172 -0.314202 -0.182138 102.007
0.3467 0.918853 0.188436 443.144
0.108151 -0.238717 0.965048 75.6882
0.931651 -0.314006 -0.182828 101.952
0.346529 0.91918 0.18715 443.21
0.109285 -0.237713 0.965168 75.8455
0.93182 -0.314208 -0.181616 101.993
0.346511 0.919048 0.187833 443.234
0.107895 -0.237959 0.965264 75.7654
0.931902 -0.313542 -0.182347 101.876
0.346033 0.919225 0.187845 443.309
0.108721 -0.238151 0.965124 75.9553
0.932313 -0.312888 -0.181366 101.868
0.345283 0.919263 0.189038 443.399
0.107575 -0.238865 0.965076 76.0156
0.932168 -0.312477 -0.182816 101.859
0.345164 0.91943 0.188442 443.483
0.109202 -0.238761 0.964919 76.2988
0.932015 -0.312422 -0.183687 101.788
0.345382 0.919242 0.188959 443.52
0.109818 -0.239555 0.964652 76.2499
0.932227 -0.312984 -0.181641 101.799
0.345482 0.919118 0.189378 443.538
0.107677 -0.239297 0.964957 76.0095
0.932365 -0.312374 -0.181983 101.791
0.34504 0.919145 0.190054 443.532
0.107901 -0.239991 0.96476 76.095
0.932127 -0.312766 -0.182532 101.815
0.345453 0.919188 0.189094 443.571
0.108639 -0.239315 0.964845 76.1358
0.932103 -0.312859 -0.18249 101.748
0.345538 0.919151 0.189118 443.558
0.108569 -0.239335 0.964848 76.2464
0.931888 -0.312648 -0.183944 101.777
0.345548 0.919393 0.187915 443.655
0.110366 -0.238678 0.964807 76.3879
0.93197 -0.313017 -0.182899 101.659
0.345872 0.918882 0.189814 443.682
0.108648 -0.240161 0.964634 76.1285
0.932034 -0.312747 -0.183033 101.661
0.345572 0.919116 0.189225 443.728
0.109049 -0.239615 0.964724 76.2351
0.93159 -0.312611 -0.185513 101.66
0.345864 0.919331 0.187639 443.733
0.11189 -0.238965 0.96456 76.3151
0.931339 -0.313628 -0.185056 101.612
0.346699 0.919115 0.187153 443.725
0.111391 -0.238462 0.964742 76.3004
0.931379 -0.312445 -0.186846 101.544
0.345964 0.919401 0.187113 443.812
0.113324 -0.238915 0.964405 76.3931
