0.347233 -0.934929 -0.0730509 125.279
-0.61274 -0.28516 0.737044 439.572
-0.709915 -0.211165 -0.671885 66.0191
0.347233 -0.934929 -0.0730509 125.279
-0.61274 -0.28516 0.737044 439.572
-0.709915 -0.211165 -0.671885 66.0191
0.3461 -0.935346 -0.0730901 125.113
-0.613295 -0.284511 0.736833 439.697
-0.709989 -0.210192 -0.672112 65.9568
0.3461 -0.935346 -0.0730901 125.113
-0.613295 -0.284511 0.736833 439.697
-0.709989 -0.210192 -0.672112 65.9568
0.346962 -0.935047 -0.0728365 125.323
-0.613753 -0.285091 0.736227 439.602
-0.709172 -0.210739 -0.672803 65.8082
0.346962 -0.935047 -0.0728365 125.323
-0.613753 -0.285091 0.736227 439.602
-0.709172 -0.210739 -0.672803 65.8082
0.346285 -0.935245 -0.0735055 125.192
-0.613593 -0.285064 0.73637 439.708
-0.709641 -0.209891 -0.672574 65.7132
0.346285 -0.935245 -0.0735055 125.192
-0.613593 -0.285064 0.73637 439.708
-0.709641 -0.209891 -0.672574 65.7132
0.345051 -0.935709 -0.0734054 125.196
-0.614085 -0.28421 0.73629 439.587
-0.709816 -0.20898 -0.672672 65.9697
0.345051 -0.935709 -0.0734054 125.196
-0.614085 -0.28421 0.73629 439.587
-0.709816 -0.20898 -0.672672 65.9697
0.345343 -0.935637 -0.0729536 125.238
-0.615491 -0.284487 0.735009 439.585
-0.708456 -0.208928 -0.674122 65.6305
0.345343 -0.935637 -0.0729536 125.238
-0.615491 -0.284487 0.735009 439.585
-0.708456 -0.208928 -0.674122 65.6305
0.346331 -0.935313 -0.0724198 125.299
-0.614665 -0.284562 0.735671 439.684
-0.708691 -0.210271 -0.673456 65.8978
0.346331 -0.935313 -0.0724198 125.299
-0.614665 -0.284562 0.735671 439.684
-0.708691 -0.210271 -0.673456 65.8978
0.34598 -0.935529 -0.0712995 125.207
-0.616721 -0.284029 0.734155 439.567
-0.707074 -0.210031 -0.675229 65.8305
0.34598 -0.935529 -0.0712995 125.207
-0.616721 -0.284029 0.734155 439.567
-0.707074 -0.210031 -0.675229 65.8305
0.347284 -0.935016 -0.0716826 125.104
-0.616143 -0.285136 0.734211 439.606
-0.706938 -0.210813 -0.675127 65.8688
0.347284 -0.935016 -0.0716826 125.104
-0.616143 -0.285136 0.734211 439.606
-0.706938 -0.210813 -0.675127 65.8688
0.349611 -0.934215 -0.0708096 125.253
-0.616208 -0.286217 0.733735 439.68
-0.705734 -0.212888 -0.675736 65.889
0.349611 -0.934215 -0.0708096 125.253
-0.616208 -0.286217 0.733735 439.68
-0.705734 -0.212888 -0.675736 65.889
0.349678 -0.9343 -0.0693403 125.093
-0.617513 -0.285509 0.732914 439.691
-0.704559 -0.213466 -0.676779 66.0589
0.349678 -0.9343 -0.0693403 125.093
-0.617513 -0.285509 0.732914 439.691
-0.704559 -0.213466 -0.676779 66.0589
0.348809 -0.934721 -0.0680391 125.179
-0.620428 -0.284717 0.730757 439.66
-0.702425 -0.212681 -0.679239 65.8725
0.348809 -0.934721 -0.0680391 125.179
-0.620428 -0.284717 0.730757 439.66
-0.702425 -0.212681 -0.679239 65.8725
0.349274 -0.934654 -0.06656 125.273
-0.619988 -0.283778 0.731495 439.633
-0.702583 -0.214226 -0.67859 66.1814
0.349274 -0.934654 -0.06656 125.273
-0.619988 -0.283778 0.731495 439.633
-0.702583 -0.214226 -0.67859 66.1814
0.349389 -0.934643 -0.0661063 125.247
-0.620913 -0.283792 0.730704 439.718
-0.701708 -0.214254 -0.679486 66.0168
0.349389 -0.934643 -0.0661063 125.247
-0.620913 -0.283792 0.730704 439.718
-0.701708 -0.214254 -0.679486 66.0168
0.348661 -0.935003 -0.0648395 125.232
-0.622868 -0.282848 0.729406 439.673
-0.700336 -0.213929 -0.681002 65.9177
0.348661 -0.935003 -0.0648395 125.232
-0.622868 -0.282848 0.729406 439.673
-0.700336 -0.213929 -0.681002 65.9177
0.350229 -0.934482 -0.0638952 125.188
-0.623487 -0.283493 0.728626 439.661
-0.699002 -0.215348 -0.681924 66.0545
0.350229 -0.934482 -0.0638952 125.188
-0.623487 -0.283493 0.728626 439.661
-0.699002 -0.215348 -0.681924 66.0545
0.34996 -0.934645 -0.0629847 125.221
-0.624628 -0.28293 0.727867 439.599
-0.698117 -0.215382 -0.68282 66.0688
0.34996 -0.934645 -0.0629847 125.221
-0.624628 -0.28293 0.727867 439.599
-0.698117 -0.215382 -0.68282 66.0688
0.351958 -0.934 -0.0613972 125.33
-0.625948 -0.28363 0.726459 439.694
-0.695927 -0.217252 -0.684461 66.08
0.351958 -0.934 -0.0613972 125.33
-0.625948 -0.28363 0.726459 439.694
-0.695927 -0.217252 -0.684461 66.08
0.351599 -0.9341 -0.0619341 125.178
-0.62601 -0.283792 0.726343 439.712
-0.696053 -0.21661 -0.684537 66.1261
0.351599 -0.9341 -0.0619341 125.178
-0.62601 -0.283792 0.726343 439.712
-0.696053 -0.21661 -0.684537 66.1261
0.352166 -0.933918 -0.0614481 125.127
-0.62669 -0.28406 0.725651 439.711
-0.695153 -0.217041 -0.685314 66.2496
0.352166 -0.933918 -0.0614481 125.127
-0.62669 -0.28406 0.725651 439.711
-0.695153 -0.217041 -0.685314 66.2496
0.353182 -0.933617 -0.0601736 125.178
-0.627426 -0.28408 0.725008 439.72
-0.693974 -0.218305 -0.686107 66.1122
0.353182 -0.933617 -0.0601736 125.178
-0.627426 -0.28408 0.725008 439.72
-0.693974 -0.218305 -0.686107 66.1122
0.354135 -0.933235 -0.0605115 125.055
-0.627345 -0.285049 0.724696 439.743
-0.693561 -0.218679 -0.686406 66.2423
0.354135 -0.933235 -0.0605115 125.055
-0.627345 -0.285049 0.724696 439.743
-0.693561 -0.218679 -0.686406 66.2423
0.355303 -0.932801 -0.0603516 125.064
-0.627495 -0.285871 0.724243 439.88
-0.692827 -0.219456 -0.686899 66.0241
0.355303 -0.932801 -0.0603516 125.064
-0.627495 -0.285871 0.724243 439.88
-0.692827 -0.219456 -0.686899 66.0241
0.35623 -0.932559 -0.0586054 125.155
-0.629051 -0.285725 0.72295 439.719
-0.690938 -0.22067 -0.68841 66.093
0.35623 -0.932559 -0.0586054 125.155
-0.629051 -0.285725 0.72295 439.719
-0.690938 -0.22067 -0.68841 66.093
0.356 -0.932649 -0.0585689 125.146
-0.629854 -0.285775 0.722231 439.785
-0.690325 -0.220224 -0.689168 66.1527
0.356 -0.932649 -0.0585689 125.146
-0.629854 -0.285775 0.722231 439.785
-0.690325 -0.220224 -0.689168 66.1527
0.35779 -0.93211 -0.0561885 125.217
-0.632336 -0.28612 0.719921 439.675
-0.687122 -0.222051 -0.691778 66.1058
0.35779 -0.93211 -0.0561885 125.217
-0.632336 -0.28612 0.719921 439.675
-0.687122 -0.222051 -0.691778 66.1058
0.35847 -0.931816 -0.056729 125.151
-0.633986 -0.287599 0.717878 439.812
-0.685245 -0.221372 -0.693854 65.8888
0.35847 -0.931816 -0.056729 125.151
-0.633986 -0.287599 0.717878 439.812
-0.685245 -0.221372 -0.693854 65.8888
0.359886 -0.931363 -0.05519 125.093
-0.633522 -0.287367 0.718381 439.829
-0.684933 -0.223571 -0.693458 66.217
0.359886 -0.931363 -0.05519 125.093
-0.633522 -0.287367 0.718381 439.829
-0.684933 -0.223571 -0.693458 66.217
0.360473 -0.931137 -0.0551702 125.02
-0.6337 -0.287868 0.718022 439.908
-0.684459 -0.223866 -0.69383 66.4117
0.360473 -0.931137 -0.0551702 125.02
-0.6337 -0.287868 0.718022 439.908
-0.684459 -0.223866 -0.69383 66.4117
0.362441 -0.930538 -0.0523016 125.046
-0.636224 -0.288035 0.71572 439.877
-0.681069 -0.226131 -0.696426 66.2402
0.362441 -0.930538 -0.0523016 125.046
-0.636224 -0.288035 0.71572 439.877
-0.681069 -0.226131 -0.696426 66.2402
0.362667 -0.930438 -0.0525185 125.182
-0.636798 -0.28857 0.714994 439.878
-0.680412 -0.225861 -0.697156 66.4168
0.362667 -0.930438 -0.0525185 125.182
-0.636798 -0.28857 0.714994 439.878
-0.680412 -0.225861 -0.697156 66.4168
0.362164 -0.930572 -0.0535996 125.191
-0.636162 -0.288794 0.715469 439.962
-0.681275 -0.225019 -0.696586 66.228
0.362164 -0.930572 -0.0535996 125.191
-0.636162 -0.288794 0.715469 439.962
-0.681275 -0.225019 -0.696586 66.228
0.362164 -0.930572 -0.0535996 125.191
-0.636162 -0.288794 0.715469 439.962
-0.681275 -0.225019 -0.696586 66.228
0.362069 -0.930663 -0.0526521 125.159
-0.637273 -0.288359 0.714655 439.887
-0.680286 -0.225201 -0.697492 66.1572
0.362069 -0.930663 -0.0526521 125.159
-0.637273 -0.288359 0.714655 439.887
-0.680286 -0.225201 -0.697492 66.1572
0.36285 -0.930391 -0.0520836 125.037
-0.637896 -0.288745 0.713943 439.948
-0.679285 -0.225831 -0.698264 66.1463
0.36285 -0.930391 -0.0520836 125.037
-0.637896 -0.288745 0.713943 439.948
-0.679285 -0.225831 -0.698264 66.1463
0.363968 -0.930035 -0.0506214 125.135
-0.638458 -0.288693 0.713462 440.016
-0.678158 -0.227358 -0.698863 66.2093
0.363968 -0.930035 -0.0506214 125.135
-0.638458 -0.288693 0.713462 440.016
-0.678158 -0.227358 -0.698863 66.2093
0.363387 -0.930203 -0.0516978 125.079
-0.638992 -0.289238 0.712762 440.029
-0.677966 -0.225974 -0.699498 66.2376
0.363387 -0.930203 -0.0516978 125.079
-0.638992 -0.289238 0.712762 440.029
-0.677966 -0.225974 -0.699498 66.2376
0.3637 -0.930141 -0.0506069 125.056
-0.639198 -0.288718 0.712789 439.98
-0.677605 -0.226893 -0.699551 66.2527
0.3637 -0.930141 -0.0506069 125.056
-0.639198 -0.288718 0.712789 439.98
-0.677605 -0.226893 -0.699551 66.2527
0.362792 -0.930501 -0.0504933 124.968
-0.640695 -0.288413 0.711567 440.005
-0.676677 -0.2258 -0.700801 66.2603
0.362792 -0.930501 -0.0504933 124.968
-0.640695 -0.288413 0.711567 440.005
-0.676677 -0.2258 -0.700801 66.2603
0.363429 -0.9303 -0.0496108 125.096
-0.64042 -0.28815 0.711921 439.954
-0.676596 -0.226961 -0.700505 66.2672
0.363429 -0.9303 -0.0496108 125.096
-0.64042 -0.28815 0.711921 439.954
-0.676596 -0.226961 -0.700505 66.2672
0.363292 -0.930317 -0.0502816 124.994
-0.640488 -0.288578 0.711687 440.035
-0.676605 -0.226346 -0.700695 66.203
0.363292 -0.930317 -0.0502816 124.994
-0.640488 -0.288578 0.711687 440.035
-0.676605 -0.226346 -0.700695 66.203
0.361787 -0.9309 -0.0503463 125.005
-0.641381 -0.287734 0.711224 439.975
-0.676565 -0.225021 -0.70116 66.1956
0.361787 -0.9309 -0.0503463 125.005
-0.641381 -0.287734 0.711224 439.975
-0.676565 -0.225021 -0.70116 66.1956
0.361888 -0.930842 -0.0507012 124.994
-0.640373 -0.287749 0.712125 440.1
-0.677465 -0.225242 -0.700219 66.3561
0.361888 -0.930842 -0.0507012 124.994
-0.640373 -0.287749 0.712125 440.1
-0.677465 -0.225242 -0.700219 66.3561
0.361278 -0.931075 -0.0507616 124.952
-0.641483 -0.287682 0.711153 439.981
-0.67674 -0.224362 -0.701202 66.2321
0.361278 -0.931075 -0.0507616 124.952
-0.641483 -0.287682 0.711153 439.981
-0.67674 -0.224362 -0.701202 66.2321
0.36237 -0.93066 -0.0506043 125.02
-0.639857 -0.287884 0.712535 440.068
-0.677696 -0.225821 -0.69981 66.6977
0.36237 -0.93066 -0.0506043 125.02
-0.639857 -0.287884 0.712535 440.068
-0.677696 -0.225821 -0.69981 66.6977
0.362172 -0.930718 -0.0509493 124.847
-0.640979 -0.288365 0.711331 440.079
-0.67674 -0.224967 -0.701008 66.3736
0.361286 -0.931052 -0.0511341 124.827
-0.640334 -0.287592 0.712224 440.026
-0.677824 -0.224574 -0.700087 66.598
0.361286 -0.931052 -0.0511341 124.827
-0.640334 -0.287592 0.712224 440.026
-0.677824 -0.224574 -0.700087 66.598
0.361286 -0.931052 -0.0511341 124.827
-0.640334 -0.287592 0.712224 440.026
-0.677824 -0.224574 -0.700087 66.598
0.360554 -0.931275 -0.0522346 124.855
-0.640443 -0.287891 0.712005 440.113
-0.67811 -0.223263 -0.700229 66.3067
0.360554 -0.931275 -0.0522346 124.855
-0.640443 -0.287891 0.712005 440.113
-0.67811 -0.223263 -0.700229 66.3067
0.360304 -0.931375 -0.0521669 124.974
-0.640008 -0.287499 0.712554 440.079
-0.678653 -0.223349 -0.699675 66.4608
0.360304 -0.931375 -0.0521669 124.974
-0.640008 -0.287499 0.712554 440.079
-0.678653 -0.223349 -0.699675 66.4608
0.358934 -0.931846 -0.0531875 124.953
-0.64087 -0.287481 0.711787 440.114
-0.678567 -0.221398 -0.700378 66.3416
0.358934 -0.931846 -0.0531875 124.953
-0.64087 -0.287481 0.711787 440.114
-0.678567 -0.221398 -0.700378 66.3416
0.359183 -0.931815 -0.0520359 124.941
-0.640882 -0.286802 0.71205 440.056
-0.678423 -0.222408 -0.700198 66.6063
0.359183 -0.931815 -0.0520359 124.941
-0.640882 -0.286802 0.71205 440.056
-0.678423 -0.222408 -0.700198 66.6063
0.359931 -0.931573 -0.0511886 124.967
-0.642599 -0.28731 0.710295 440.068
-0.676399 -0.222764 -0.70204 66.445
0.359931 -0.931573 -0.0511886 124.967
-0.642599 -0.28731 0.710295 440.068
-0.676399 -0.222764 -0.70204 66.445
0.35937 -0.93177 -0.0515606 124.826
-0.640804 -0.28656 0.712217 440.144
-0.678398 -0.222909 -0.700063 66.9281
0.35937 -0.93177 -0.0515606 124.826
-0.640804 -0.28656 0.712217 440.144
-0.678398 -0.222909 -0.700063 66.9281
0.358958 -0.931908 -0.0519239 124.883
-0.642057 -0.286923 0.710942 440.165
-0.677431 -0.22186 -0.701331 66.6048
0.358958 -0.931908 -0.0519239 124.883
-0.642057 -0.286923 0.710942 440.165
-0.677431 -0.22186 -0.701331 66.6048
0.360505 -0.931377 -0.0507249 124.841
-0.641671 -0.287104 0.711217 440.123
-0.676974 -0.223849 -0.70114 66.8129
0.360505 -0.931377 -0.0507249 124.841
-0.641671 -0.287104 0.711217 440.123
-0.676974 -0.223849 -0.70114 66.8129
0.361519 -0.931032 -0.0498337 124.874
-0.64254 -0.287515 0.710265 440.202
-0.675608 -0.224754 -0.702168 66.768
0.361519 -0.931032 -0.0498337 124.874
-0.64254 -0.287515 0.710265 440.202
-0.675608 -0.224754 -0.702168 66.768
0.361178 -0.931136 -0.050371 124.84
-0.642757 -0.287726 0.709984 440.181
-0.675584 -0.224054 -0.702414 66.5799
0.361178 -0.931136 -0.050371 124.84
-0.642757 -0.287726 0.709984 440.181
-0.675584 -0.224054 -0.702414 66.5799
0.36165 -0.930957 -0.0502759 124.926
-0.642796 -0.288041 0.709821 440.219
-0.675295 -0.22439 -0.702585 66.6614
0.36165 -0.930957 -0.0502759 124.926
-0.642796 -0.288041 0.709821 440.219
-0.675295 -0.22439 -0.702585 66.6614
0.361606 -0.930982 -0.050137 124.829
-0.642467 -0.287791 0.71022 440.155
-0.675631 -0.224609 -0.702192 66.9139
0.361606 -0.930982 -0.050137 124.829
-0.642467 -0.287791 0.71022 440.155
-0.675631 -0.224609 -0.702192 66.9139
0.36265 -0.930567 -0.0502931 124.739
-0.642676 -0.288808 0.709618 440.262
-0.674872 -0.225021 -0.70279 66.8077
0.36265 -0.930567 -0.0502931 124.739
-0.642676 -0.288808 0.709618 440.262
-0.674872 -0.225021 -0.70279 66.8077
0.363199 -0.930412 -0.0491972 124.814
-0.64458 -0.289046 0.707791 440.25
-0.672758 -0.225357 -0.704707 66.9593
0.363199 -0.930412 -0.0491972 124.814
-0.64458 -0.289046 0.707791 440.25
-0.672758 -0.225357 -0.704707 66.9593
0.363372 -0.930436 -0.0474371 124.677
-0.645894 -0.288288 0.706903 440.221
-0.671403 -0.226229 -0.705718 67.2589
0.363372 -0.930436 -0.0474371 124.677
-0.645894 -0.288288 0.706903 440.221
-0.671403 -0.226229 -0.705718 67.2589
0.363105 -0.930544 -0.0473504 124.61
-0.646894 -0.288346 0.705964 440.268
-0.670584 -0.225709 -0.706663 67.1174
0.363105 -0.930544 -0.0473504 124.61
-0.646894 -0.288346 0.705964 440.268
-0.670584 -0.225709 -0.706663 67.1174
0.365155 -0.929811 -0.045965 124.692
-0.647155 -0.289024 0.705447 440.357
-0.669218 -0.227851 -0.70727 67.0619
0.365155 -0.929811 -0.045965 124.692
-0.647155 -0.289024 0.705447 440.357
-0.669218 -0.227851 -0.70727 67.0619
0.367081 -0.929103 -0.0449334 124.692
-0.649244 -0.290505 0.702915 440.333
-0.666134 -0.228854 -0.709853 67.0319
0.367081 -0.929103 -0.0449334 124.692
-0.649244 -0.290505 0.702915 440.333
-0.666134 -0.228854 -0.709853 67.0319
0.367192 -0.929114 -0.043777 124.726
-0.650948 -0.290308 0.701418 440.266
-0.664406 -0.229059 -0.711404 67.0428
0.367192 -0.929114 -0.043777 124.726
-0.650948 -0.290308 0.701418 440.266
-0.664406 -0.229059 -0.711404 67.0428
0.368472 -0.928564 -0.0446895 124.594
-0.649044 -0.291374 0.70274 440.286
-0.665561 -0.229934 -0.710042 67.3249
0.368472 -0.928564 -0.0446895 124.594
-0.649044 -0.291374 0.70274 440.286
-0.665561 -0.229934 -0.710042 67.3249
0.367596 -0.928884 -0.0452417 124.568
-0.648477 -0.29089 0.703464 440.348
-0.666597 -0.229252 -0.70929 67.2286
0.367596 -0.928884 -0.0452417 124.568
-0.648477 -0.29089 0.703464 440.348
-0.666597 -0.229252 -0.70929 67.2286
0.369214 -0.928291 -0.0442337 124.638
-0.648856 -0.291564 0.702835 440.397
-0.665332 -0.230796 -0.709976 67.0684
0.369214 -0.928291 -0.0442337 124.638
-0.648856 -0.291564 0.702835 440.397
-0.665332 -0.230796 -0.709976 67.0684
0.369522 -0.928167 -0.0442612 124.706
-0.648068 -0.291559 0.703564 440.496
-0.66593 -0.231298 -0.709253 67.2508
0.369522 -0.928167 -0.0442612 124.706
-0.648068 -0.291559 0.703564 440.496
-0.66593 -0.231298 -0.709253 67.2508
0.369008 -0.928385 -0.0439924 124.613
-0.649562 -0.291459 0.702226 440.388
-0.664758 -0.230551 -0.710594 67.1415
0.369008 -0.928385 -0.0439924 124.613
-0.649562 -0.291459 0.702226 440.388
-0.664758 -0.230551 -0.710594 67.1415
0.369227 -0.928323 -0.043451 124.568
-0.649213 -0.291105 0.702695 440.393
-0.664977 -0.231245 -0.710163 67.2514
0.369227 -0.928323 -0.043451 124.568
-0.649213 -0.291105 0.702695 440.393
-0.664977 -0.231245 -0.710163 67.2514
0.369662 -0.928065 -0.045239 124.541
-0.64788 -0.292348 0.703409 440.484
-0.666034 -0.230714 -0.709344 67.1299
0.369662 -0.928065 -0.045239 124.541
-0.64788 -0.292348 0.703409 440.484
-0.666034 -0.230714 -0.709344 67.1299
0.369256 -0.928271 -0.0443034 124.519
-0.648574 -0.291552 0.7031 440.423
-0.665584 -0.23089 -0.70971 67.3524
0.369256 -0.928271 -0.0443034 124.519
-0.648574 -0.291552 0.7031 440.423
-0.665584 -0.23089 -0.70971 67.3524
0.36879 -0.928424 -0.0449823 124.445
-0.648514 -0.291669 0.703106 440.47
-0.665901 -0.230127 -0.70966 67.2671
0.36879 -0.928424 -0.0449823 124.445
-0.648514 -0.291669 0.703106 440.47
-0.665901 -0.230127 -0.70966 67.2671
0.36974 -0.928052 -0.0448553 124.548
-0.648282 -0.29226 0.703075 440.496
-0.6656 -0.230876 -0.709699 67.3818
0.36974 -0.928052 -0.0448553 124.548
-0.648282 -0.29226 0.703075 440.496
-0.6656 -0.230876 -0.709699 67.3818
0.369868 -0.927954 -0.0458219 124.495
-0.6471 -0.292687 0.703986 440.681
-0.666678 -0.230731 -0.708734 67.2946
0.369868 -0.927954 -0.0458219 124.495
-0.6471 -0.292687 0.703986 440.681
-0.666678 -0.230731 -0.708734 67.2946
0.370014 -0.927991 -0.0438498 124.402
-0.649412 -0.292113 0.702093 440.585
-0.664345 -0.231308 -0.710734 67.2277
0.370014 -0.927991 -0.0438498 124.402
-0.649412 -0.292113 0.702093 440.585
-0.664345 -0.231308 -0.710734 67.2277
0.369055 -0.9284 -0.0432743 124.507
-0.649732 -0.291013 0.702253 440.445
-0.664565 -0.231053 -0.710611 67.3528
0.369055 -0.9284 -0.0432743 124.507
-0.649732 -0.291013 0.702253 440.445
-0.664565 -0.231053 -0.710611 67.3528
0.369312 -0.928266 -0.0439473 124.557
-0.64859 -0.291334 0.703175 440.594
-0.665537 -0.231187 -0.709657 67.2474
0.369312 -0.928266 -0.0439473 124.557
-0.64859 -0.291334 0.703175 440.594
-0.665537 -0.231187 -0.709657 67.2474
0.369941 -0.928104 -0.0420221 124.428
-0.650087 -0.290907 0.701969 440.528
-0.663725 -0.232369 -0.710967 67.4129
0.369941 -0.928104 -0.0420221 124.428
-0.650087 -0.290907 0.701969 440.528
-0.663725 -0.232369 -0.710967 67.4129
0.371323 -0.927547 -0.0421547 124.361
-0.649498 -0.29192 0.702093 440.707
-0.66353 -0.233324 -0.710836 67.4317
0.371323 -0.927547 -0.0421547 124.361
-0.649498 -0.29192 0.702093 440.707
-0.66353 -0.233324 -0.710836 67.4317
0.370958 -0.927758 -0.0406858 124.435
-0.651255 -0.291133 0.700792 440.595
-0.66201 -0.233468 -0.712205 67.3992
0.370958 -0.927758 -0.0406858 124.435
-0.651255 -0.291133 0.700792 440.595
-0.66201 -0.233468 -0.712205 67.3992
0.373806 -0.926751 -0.0374356 124.434
-0.653183 -0.291688 0.698764 440.72
-0.6585 -0.23675 -0.714372 67.6174
0.373806 -0.926751 -0.0374356 124.434
-0.653183 -0.291688 0.698764 440.72
-0.6585 -0.23675 -0.714372 67.6174
0.373806 -0.926751 -0.0374356 124.434
-0.653183 -0.291688 0.698764 440.72
-0.6585 -0.23675 -0.714372 67.6174
0.374853 -0.926384 -0.0360391 124.486
-0.655294 -0.292257 0.696545 440.671
-0.655801 -0.237486 -0.716607 67.5035
0.374853 -0.926384 -0.0360391 124.486
-0.655294 -0.292257 0.696545 440.671
-0.655801 -0.237486 -0.716607 67.5035
0.375239 -0.926213 -0.0363944 124.45
-0.65521 -0.29281 0.696393 440.698
-0.655665 -0.237467 -0.716738 67.4532
0.375239 -0.926213 -0.0363944 124.45
-0.65521 -0.29281 0.696393 440.698
-0.655665 -0.237467 -0.716738 67.4532
0.377461 -0.925322 -0.0360872 124.326
-0.654503 -0.29415 0.696492 440.763
-0.655094 -0.239279 -0.716657 67.5919
0.377461 -0.925322 -0.0360872 124.326
-0.654503 -0.29415 0.696492 440.763
-0.655094 -0.239279 -0.716657 67.5919
0.376827 -0.925569 -0.0363686 124.354
-0.653588 -0.293507 0.697621 440.752
-0.656372 -0.239113 -0.715543 67.7972
0.376827 -0.925569 -0.0363686 124.354
-0.653588 -0.293507 0.697621 440.752
-0.656372 -0.239113 -0.715543 67.7972
0.377338 -0.92534 -0.0368925 124.272
-0.654416 -0.294624 0.696374 440.826
-0.655253 -0.238626 -0.71673 67.6813
0.377338 -0.92534 -0.0368925 124.272
-0.654416 -0.294624 0.696374 440.826
-0.655253 -0.238626 -0.71673 67.6813
0.378843 -0.92479 -0.0352213 124.204
-0.655886 -0.295146 0.694767 440.799
-0.65291 -0.240107 -0.718372 67.8067
0.378843 -0.92479 -0.0352213 124.204
-0.655886 -0.295146 0.694767 440.799
-0.65291 -0.240107 -0.718372 67.8067
0.380098 -0.924295 -0.0347011 124.232
-0.656456 -0.296004 0.693864 440.954
-0.651607 -0.240956 -0.719269 67.7703
0.380098 -0.924295 -0.0347011 124.232
-0.656456 -0.296004 0.693864 440.954
-0.651607 -0.240956 -0.719269 67.7703
0.381429 -0.923864 -0.0314153 124.19
-0.660169 -0.296033 0.69032 440.859
-0.647062 -0.242569 -0.722822 67.9289
0.381429 -0.923864 -0.0314153 124.19
-0.660169 -0.296033 0.69032 440.859
-0.647062 -0.242569 -0.722822 67.9289
0.386678 -0.921828 -0.0266964 124.08
-0.668625 -0.30017 0.680322 440.97
-0.635154 -0.245216 -0.732427 67.9747
0.386678 -0.921828 -0.0266964 124.08
-0.668625 -0.30017 0.680322 440.97
-0.635154 -0.245216 -0.732427 67.9747
0.388128 -0.921169 -0.0283514 123.98
-0.667284 -0.302108 0.680781 441.018
-0.635679 -0.245312 -0.731938 68.0045
0.388128 -0.921169 -0.0283514 123.98
-0.667284 -0.302108 0.680781 441.018
-0.635679 -0.245312 -0.731938 68.0045
0.389768 -0.920424 -0.030018 124.154
-0.665004 -0.303856 0.682233 440.987
-0.637064 -0.24595 -0.730519 67.9182
0.389768 -0.920424 -0.030018 124.154
-0.665004 -0.303856 0.682233 440.987
-0.637064 -0.24595 -0.730519 67.9182
0.391823 -0.919496 -0.0316675 124.167
-0.663736 -0.306337 0.682358 441.091
-0.637126 -0.246345 -0.730332 67.8642
0.391823 -0.919496 -0.0316675 124.167
-0.663736 -0.306337 0.682358 441.091
-0.637126 -0.246345 -0.730332 67.8642
0.391823 -0.919496 -0.0316675 124.167
-0.663736 -0.306337 0.682358 441.091
-0.637126 -0.246345 -0.730332 67.8642
0.394276 -0.918494 -0.0302663 124.274
-0.66432 -0.307616 0.681213 441.024
-0.635001 -0.24848 -0.731459 68.1697
0.394276 -0.918494 -0.0302663 124.274
-0.66432 -0.307616 0.681213 441.024
-0.635001 -0.24848 -0.731459 68.1697
0.394772 -0.918262 -0.0308062 124.062
-0.666458 -0.309277 0.678366 441.05
-0.632446 -0.247269 -0.734078 68.0024
0.394772 -0.918262 -0.0308062 124.062
-0.666458 -0.309277 0.678366 441.05
-0.632446 -0.247269 -0.734078 68.0024
0.401595 -0.915435 -0.0264782 124.061
-0.674864 -0.315356 0.667165 441.215
-0.619096 -0.250061 -0.74444 67.9321
0.401595 -0.915435 -0.0264782 124.061
-0.674864 -0.315356 0.667165 441.215
-0.619096 -0.250061 -0.74444 67.9321
0.403697 -0.914465 -0.0279781 124.008
-0.67482 -0.318275 0.665822 441.338
-0.617776 -0.24991 -0.745586 67.9428
0.403697 -0.914465 -0.0279781 124.008
-0.67482 -0.318275 0.665822 441.338
-0.617776 -0.24991 -0.745586 67.9428
0.404874 -0.913915 -0.0289044 123.88
-0.671919 -0.31881 0.668495 441.384
-0.620163 -0.251235 -0.743155 68.2293
0.404874 -0.913915 -0.0289044 123.88
-0.671919 -0.31881 0.668495 441.384
-0.620163 -0.251235 -0.743155 68.2293
0.406372 -0.913267 -0.0283613 123.843
-0.673723 -0.320462 0.665884 441.264
-0.617219 -0.251489 -0.745516 68.3111
0.406372 -0.913267 -0.0283613 123.843
-0.673723 -0.320462 0.665884 441.264
-0.617219 -0.251489 -0.745516 68.3111
0.407951 -0.912591 -0.0274358 123.793
-0.673702 -0.321171 0.665563 441.373
-0.616199 -0.253034 -0.745837 68.3349
0.407951 -0.912591 -0.0274358 123.793
-0.673702 -0.321171 0.665563 441.373
-0.616199 -0.253034 -0.745837 68.3349
0.408599 -0.912323 -0.0266967 123.764
-0.673759 -0.321227 0.665479 441.421
-0.615708 -0.253927 -0.745939 68.4253
0.408599 -0.912323 -0.0266967 123.764
-0.673759 -0.321227 0.665479 441.421
-0.615708 -0.253927 -0.745939 68.4253
0.407742 -0.912733 -0.0257652 123.808
-0.674425 -0.320066 0.665363 441.355
-0.615546 -0.25392 -0.746075 68.4196
0.407742 -0.912733 -0.0257652 123.808
-0.674425 -0.320066 0.665363 441.355
-0.615546 -0.25392 -0.746075 68.4196
0.408618 -0.912389 -0.024035 123.771
-0.674837 -0.31975 0.665098 441.291
-0.614513 -0.255551 -0.746369 68.391
0.408618 -0.912389 -0.024035 123.771
-0.674837 -0.31975 0.665098 441.291
-0.614513 -0.255551 -0.746369 68.391
0.408107 -0.912597 -0.0248243 123.703
-0.674197 -0.319607 0.665815 441.424
-0.615555 -0.254987 -0.745704 68.4491
0.408107 -0.912597 -0.0248243 123.703
-0.674197 -0.319607 0.665815 441.424
-0.615555 -0.254987 -0.745704 68.4491
0.408209 -0.912565 -0.0243062 123.683
-0.674505 -0.319448 0.665579 441.379
-0.615148 -0.255301 -0.745932 68.5182
0.408209 -0.912565 -0.0243062 123.683
-0.674505 -0.319448 0.665579 441.379
-0.615148 -0.255301 -0.745932 68.5182
0.408854 -0.912284 -0.0239896 123.806
-0.675337 -0.320134 0.664405 441.52
-0.613807 -0.255444 -0.746987 68.351
0.408854 -0.912284 -0.0239896 123.806
-0.675337 -0.320134 0.664405 441.52
-0.613807 -0.255444 -0.746987 68.351
0.408792 -0.912342 -0.0228407 123.757
-0.675913 -0.319482 0.664133 441.592
-0.613213 -0.256054 -0.747266 68.5016
0.408792 -0.912342 -0.0228407 123.757
-0.675913 -0.319482 0.664133 441.592
-0.613213 -0.256054 -0.747266 68.5016
0.410656 -0.91155 -0.0209325 123.694
-0.676674 -0.32007 0.663075 441.456
-0.611126 -0.258131 -0.748261 68.6402
0.410656 -0.91155 -0.0209325 123.694
-0.676674 -0.32007 0.663075 441.456
-0.611126 -0.258131 -0.748261 68.6402
0.410567 -0.911588 -0.0210167 123.643
-0.676509 -0.319983 0.663284 441.556
-0.611367 -0.258105 -0.748072 68.6455
0.410567 -0.911588 -0.0210167 123.643
-0.676509 -0.319983 0.663284 441.556
-0.611367 -0.258105 -0.748072 68.6455
0.40976 -0.91193 -0.0219204 123.604
-0.676443 -0.319894 0.663395 441.557
-0.611982 -0.257005 -0.747948 68.5668
0.40976 -0.91193 -0.0219204 123.604
-0.676443 -0.319894 0.663395 441.557
-0.611982 -0.257005 -0.747948 68.5668
0.409881 -0.911898 -0.0209779 123.544
-0.676627 -0.319394 0.663448 441.462
-0.611697 -0.257741 -0.747928 68.687
0.409881 -0.911898 -0.0209779 123.544
-0.676627 -0.319394 0.663448 441.462
-0.611697 -0.257741 -0.747928 68.687
0.409988 -0.911818 -0.0222867 123.532
-0.67568 -0.320044 0.664099 441.638
-0.612671 -0.257214 -0.747312 68.478
0.409988 -0.911818 -0.0222867 123.532
-0.67568 -0.320044 0.664099 441.638
-0.612671 -0.257214 -0.747312 68.478
0.409432 -0.912085 -0.0215952 123.502
-0.675369 -0.318915 0.664959 441.5
-0.613386 -0.257671 -0.746568 68.8355
0.409432 -0.912085 -0.0215952 123.502
-0.675369 -0.318915 0.664959 441.5
-0.613386 -0.257671 -0.746568 68.8355
0.408385 -0.912518 -0.0230612 123.488
-0.673878 -0.318434 0.666699 441.54
-0.615719 -0.25673 -0.74497 68.8
0.408385 -0.912518 -0.0230612 123.488
-0.673878 -0.318434 0.666699 441.54
-0.615719 -0.25673 -0.74497 68.8
0.407233 -0.912995 -0.0245266 123.533
-0.672225 -0.317803 0.668666 441.526
-0.618283 -0.255816 -0.743158 68.6401
0.407233 -0.912995 -0.0245266 123.533
-0.672225 -0.317803 0.668666 441.526
-0.618283 -0.255816 -0.743158 68.6401
0.403978 -0.914281 -0.0298627 123.36
-0.66732 -0.316872 0.674 441.578
-0.625688 -0.252353 -0.738128 68.6898
0.403978 -0.914281 -0.0298627 123.36
-0.66732 -0.316872 0.674 441.578
-0.625688 -0.252353 -0.738128 68.6898
0.40302 -0.914647 -0.0315496 123.455
-0.665681 -0.316627 0.675734 441.598
-0.628048 -0.251332 -0.73647 68.6921
0.40302 -0.914647 -0.0315496 123.455
-0.665681 -0.316627 0.675734 441.598
-0.628048 -0.251332 -0.73647 68.6921
0.402096 -0.915027 -0.0323077 123.341
-0.66565 -0.316374 0.675883 441.719
-0.628673 -0.250264 -0.736301 68.6188
0.402096 -0.915027 -0.0323077 123.341
-0.66565 -0.316374 0.675883 441.719
-0.628673 -0.250264 -0.736301 68.6188
0.401698 -0.915078 -0.0356534 123.285
-0.661717 -0.316951 0.679465 441.744
-0.633064 -0.249347 -0.732841 68.9225
0.401698 -0.915078 -0.0356534 123.285
-0.661717 -0.316951 0.679465 441.744
-0.633064 -0.249347 -0.732841 68.9225
0.401698 -0.915078 -0.0356534 123.285
-0.661717 -0.316951 0.679465 441.744
-0.633064 -0.249347 -0.732841 68.9225
0.402052 -0.91495 -0.0349486 123.247
-0.661596 -0.316685 0.679707 441.711
-0.632965 -0.250155 -0.732651 68.7975
0.402052 -0.91495 -0.0349486 123.247
-0.661596 -0.316685 0.679707 441.711
-0.632965 -0.250155 -0.732651 68.7975
0.401003 -0.915345 -0.0366039 123.262
-0.661294 -0.316895 0.679903 441.656
-0.633946 -0.248437 -0.732388 68.7444
0.401003 -0.915345 -0.0366039 123.262
-0.661294 -0.316895 0.679903 441.656
-0.633946 -0.248437 -0.732388 68.7444
0.401266 -0.91525 -0.0361035 123.244
-0.661704 -0.31691 0.679497 441.722
-0.633351 -0.248769 -0.73279 68.8259
0.401266 -0.91525 -0.0361035 123.244
-0.661704 -0.31691 0.679497 441.722
-0.633351 -0.248769 -0.73279 68.8259
0.401074 -0.915347 -0.0357657 123.151
-0.661992 -0.316608 0.679357 441.76
-0.633171 -0.248796 -0.732936 68.8242
0.401074 -0.915347 -0.0357657 123.151
-0.661992 -0.316608 0.679357 441.76
-0.633171 -0.248796 -0.732936 68.8242
0.401325 -0.915235 -0.035815 123.104
-0.662008 -0.316866 0.679221 441.799
-0.632996 -0.248879 -0.733059 68.8843
0.401325 -0.915235 -0.035815 123.104
-0.662008 -0.316866 0.679221 441.799
-0.632996 -0.248879 -0.733059 68.8843
0.403957 -0.914163 -0.0335296 123.14
-0.662815 -0.317757 0.678017 441.811
-0.630472 -0.251665 -0.734281 68.8397
0.403957 -0.914163 -0.0335296 123.14
-0.662815 -0.317757 0.678017 441.811
-0.630472 -0.251665 -0.734281 68.8397
0.403422 -0.914382 -0.0339992 123.103
-0.662972 -0.317706 0.677887 441.794
-0.63065 -0.250934 -0.734379 68.8501
0.403422 -0.914382 -0.0339992 123.103
-0.662972 -0.317706 0.677887 441.794
-0.63065 -0.250934 -0.734379 68.8501
0.402863 -0.91463 -0.0339573 123.177
-0.663373 -0.317352 0.67766 441.737
-0.630585 -0.250478 -0.73459 69.0087
0.402863 -0.91463 -0.0339573 123.177
-0.663373 -0.317352 0.67766 441.737
-0.630585 -0.250478 -0.73459 69.0087
0.403517 -0.914346 -0.0338513 123.011
-0.66366 -0.317953 0.677098 441.786
-0.629865 -0.250755 -0.735114 68.6928
0.403517 -0.914346 -0.0338513 123.011
-0.66366 -0.317953 0.677098 441.786
-0.629865 -0.250755 -0.735114 68.6928
0.403906 -0.914229 -0.032329 123.056
-0.664708 -0.317581 0.676244 441.74
-0.628509 -0.251649 -0.735968 68.7688
0.403906 -0.914229 -0.032329 123.056
-0.664708 -0.317581 0.676244 441.74
-0.628509 -0.251649 -0.735968 68.7688
0.40387 -0.914223 -0.0329452 123.122
-0.664151 -0.317783 0.676696 441.777
-0.62912 -0.251417 -0.735525 68.8053
0.40387 -0.914223 -0.0329452 123.122
-0.664151 -0.317783 0.676696 441.777
-0.62912 -0.251417 -0.735525 68.8053
0.404698 -0.913903 -0.0316211 122.955
-0.664642 -0.317718 0.676244 441.738
-0.628068 -0.252658 -0.735999 69.1479
0.404698 -0.913903 -0.0316211 122.955
-0.664642 -0.317718 0.676244 441.738
-0.628068 -0.252658 -0.735999 69.1479
0.404698 -0.913903 -0.0316211 122.955
-0.664642 -0.317718 0.676244 441.738
-0.628068 -0.252658 -0.735999 69.1479
0.40492 -0.913799 -0.0318075 123.025
-0.664098 -0.317829 0.676726 441.794
-0.628501 -0.252896 -0.735547 69.197
0.40492 -0.913799 -0.0318075 123.025
-0.664098 -0.317829 0.676726 441.794
-0.628501 -0.252896 -0.735547 69.197
0.403523 -0.91441 -0.0319894 123.02
-0.665194 -0.317192 0.675948 441.77
-0.628241 -0.251481 -0.736254 68.9838
0.403523 -0.91441 -0.0319894 123.02
-0.665194 -0.317192 0.675948 441.77
-0.628241 -0.251481 -0.736254 68.9838
0.403452 -0.914415 -0.0327311 122.933
-0.664864 -0.317548 0.676106 441.786
-0.628635 -0.251015 -0.736077 68.8639
0.403452 -0.914415 -0.0327311 122.933
-0.664864 -0.317548 0.676106 441.786
-0.628635 -0.251015 -0.736077 68.8639
0.403014 -0.914566 -0.0339118 122.913
-0.663763 -0.317604 0.67716 441.867
-0.630078 -0.250395 -0.735054 68.895
0.403014 -0.914566 -0.0339118 122.913
-0.663763 -0.317604 0.67716 441.867
-0.630078 -0.250395 -0.735054 68.895
0.403034 -0.914542 -0.0342887 122.91
-0.662945 -0.317576 0.677974 441.85
-0.630926 -0.250515 -0.734285 69.0023
0.403034 -0.914542 -0.0342887 122.91
-0.662945 -0.317576 0.677974 441.85
-0.630926 -0.250515 -0.734285 69.0023
0.40494 -0.913653 -0.0355248 122.847
-0.660837 -0.319299 0.679222 441.915
-0.631916 -0.251568 -0.733073 69.292
0.40494 -0.913653 -0.0355248 122.847
-0.660837 -0.319299 0.679222 441.915
-0.631916 -0.251568 -0.733073 69.292
0.403624 -0.914181 -0.0368974 122.673
-0.659944 -0.318833 0.680309 441.999
-0.633689 -0.250239 -0.731996 69.1747
0.403624 -0.914181 -0.0368974 122.673
-0.659944 -0.318833 0.680309 441.999
-0.633689 -0.250239 -0.731996 69.1747
0.403845 -0.914037 -0.0380232 122.592
-0.658715 -0.319377 0.681243 442.039
-0.634825 -0.25007 -0.731069 69.2827
0.403845 -0.914037 -0.0380232 122.592
-0.658715 -0.319377 0.681243 442.039
-0.634825 -0.25007 -0.731069 69.2827
0.403716 -0.91397 -0.0408998 122.644
-0.655561 -0.320177 0.683905 442.165
-0.638164 -0.249291 -0.728423 69.276
0.403716 -0.91397 -0.0408998 122.644
-0.655561 -0.320177 0.683905 442.165
-0.638164 -0.249291 -0.728423 69.276
0.402778 -0.9143 -0.0427287 122.469
-0.65442 -0.320303 0.684938 442.232
-0.639925 -0.247916 -0.727348 69.2619
0.402778 -0.9143 -0.0427287 122.469
-0.65442 -0.320303 0.684938 442.232
-0.639925 -0.247916 -0.727348 69.2619
0.404395 -0.913624 -0.041912 122.549
-0.653895 -0.320864 0.685177 442.246
-0.639442 -0.249676 -0.72717 69.3802
0.404395 -0.913624 -0.041912 122.549
-0.653895 -0.320864 0.685177 442.246
-0.639442 -0.249676 -0.72717 69.3802
0.403393 -0.913924 -0.0449016 122.365
-0.651633 -0.321378 0.687089 442.2
-0.642378 -0.247908 -0.725185 69.6321
0.403393 -0.913924 -0.0449016 122.365
-0.651633 -0.321378 0.687089 442.2
-0.642378 -0.247908 -0.725185 69.6321
0.403393 -0.913924 -0.0449016 122.365
-0.651633 -0.321378 0.687089 442.2
-0.642378 -0.247908 -0.725185 69.6321
0.403111 -0.913984 -0.0462094 122.28
-0.651287 -0.321989 0.68713 442.273
-0.642905 -0.246894 -0.725063 69.4845
0.403111 -0.913984 -0.0462094 122.28
-0.651287 -0.321989 0.68713 442.273
-0.642905 -0.246894 -0.725063 69.4845
0.403053 -0.913929 -0.0477723 122.375
-0.650352 -0.322757 0.687656 442.226
-0.643888 -0.246093 -0.724463 69.2548
0.403053 -0.913929 -0.0477723 122.375
-0.650352 -0.322757 0.687656 442.226
-0.643888 -0.246093 -0.724463 69.2548
0.402344 -0.913959 -0.0528949 122.212
-0.645599 -0.324223 0.691434 442.395
-0.649093 -0.244045 -0.7205 69.26
0.402344 -0.913959 -0.0528949 122.212
-0.645599 -0.324223 0.691434 442.395
-0.649093 -0.244045 -0.7205 69.26
0.401655 -0.914192 -0.0540867 122.21
-0.644119 -0.323993 0.692921 442.27
-0.650987 -0.243477 -0.718982 69.5493
0.401655 -0.914192 -0.0540867 122.21
-0.644119 -0.323993 0.692921 442.27
-0.650987 -0.243477 -0.718982 69.5493
0.401578 -0.914128 -0.055725 122.23
-0.643551 -0.324958 0.692996 442.325
-0.651596 -0.24243 -0.718784 69.3609
0.401578 -0.914128 -0.055725 122.23
-0.643551 -0.324958 0.692996 442.325
-0.651596 -0.24243 -0.718784 69.3609
0.402324 -0.913657 -0.0580175 122.064
-0.640734 -0.326275 0.694985 442.435
-0.653908 -0.242435 -0.71668 69.46
0.402324 -0.913657 -0.0580175 122.064
-0.640734 -0.326275 0.694985 442.435
-0.653908 -0.242435 -0.71668 69.46
0.402542 -0.913463 -0.0595429 122.088
-0.639315 -0.327093 0.695907 442.408
-0.655162 -0.242065 -0.715659 69.6458
0.402542 -0.913463 -0.0595429 122.088
-0.639315 -0.327093 0.695907 442.408
-0.655162 -0.242065 -0.715659 69.6458
0.404316 -0.912671 -0.0596667 122.026
-0.637148 -0.32786 0.697532 442.613
-0.656179 -0.244006 -0.714065 69.4868
0.404316 -0.912671 -0.0596667 122.026
-0.637148 -0.32786 0.697532 442.613
-0.656179 -0.244006 -0.714065 69.4868
0.404012 -0.912635 -0.0622269 122.018
-0.634795 -0.328696 0.699281 442.569
-0.658642 -0.243017 -0.712133 69.4207
0.404012 -0.912635 -0.0622269 122.018
-0.634795 -0.328696 0.699281 442.569
-0.658642 -0.243017 -0.712133 69.4207
0.402974 -0.912971 -0.0640046 121.977
-0.633985 -0.328901 0.699919 442.635
-0.660057 -0.241471 -0.711348 69.5839
0.402974 -0.912971 -0.0640046 121.977
-0.633985 -0.328901 0.699919 442.635
-0.660057 -0.241471 -0.711348 69.5839
0.401777 -0.913429 -0.0649862 121.917
-0.634217 -0.32875 0.69978 442.554
-0.660563 -0.23994 -0.711396 69.4589
0.401777 -0.913429 -0.0649862 121.917
-0.634217 -0.32875 0.69978 442.554
-0.660563 -0.23994 -0.711396 69.4589
0.402158 -0.913222 -0.0655405 121.867
-0.633267 -0.329144 0.700455 442.71
-0.661243 -0.240189 -0.710681 69.4764
0.402158 -0.913222 -0.0655405 121.867
-0.633267 -0.329144 0.700455 442.71
-0.661243 -0.240189 -0.710681 69.4764
0.402158 -0.913222 -0.0655405 121.867
-0.633267 -0.329144 0.700455 442.71
-0.661243 -0.240189 -0.710681 69.4764
0.402346 -0.913162 -0.0652061 121.747
-0.63301 -0.328949 0.700779 442.611
-0.661374 -0.24068 -0.710392 69.8075
0.402346 -0.913162 -0.0652061 121.747
-0.63301 -0.328949 0.700779 442.611
-0.661374 -0.24068 -0.710392 69.8075
0.403748 -0.912581 -0.0646874 121.872
-0.633369 -0.329839 0.700035 442.687
-0.660175 -0.241667 -0.711172 69.5349
0.403748 -0.912581 -0.0646874 121.872
-0.633369 -0.329839 0.700035 442.687
-0.660175 -0.241667 -0.711172 69.5349
0.402871 -0.912913 -0.0654634 121.694
-0.632736 -0.32948 0.700777 442.667
-0.661317 -0.240902 -0.71037 69.9413
0.402871 -0.912913 -0.0654634 121.694
-0.632736 -0.32948 0.700777 442.667
-0.661317 -0.240902 -0.71037 69.9413
0.403004 -0.912892 -0.0649244 121.796
-0.634055 -0.329657 0.6995 442.69
-0.659972 -0.240736 -0.711677 69.7149
0.403004 -0.912892 -0.0649244 121.796
-0.634055 -0.329657 0.6995 442.69
-0.659972 -0.240736 -0.711677 69.7149
0.40156 -0.913508 -0.0652064 121.595
-0.6343 -0.32877 0.699695 442.666
-0.660616 -0.239609 -0.711459 69.7817
0.40156 -0.913508 -0.0652064 121.595
-0.6343 -0.32877 0.699695 442.666
-0.660616 -0.239609 -0.711459 69.7817
0.402886 -0.91296 -0.0647058 121.647
-0.633924 -0.329344 0.699766 442.75
-0.660169 -0.240907 -0.711436 70.0129
0.402886 -0.91296 -0.0647058 121.647
-0.633924 -0.329344 0.699766 442.75
-0.660169 -0.240907 -0.711436 70.0129
0.402834 -0.912923 -0.0655423 121.644
-0.634158 -0.330028 0.699232 442.748
-0.659976 -0.24011 -0.711884 69.8675
0.402834 -0.912923 -0.0655423 121.644
-0.634158 -0.330028 0.699232 442.748
-0.659976 -0.24011 -0.711884 69.8675
0.403805 -0.912546 -0.0648086 121.527
-0.634732 -0.330479 0.698497 442.799
-0.658829 -0.240921 -0.712672 69.8365
0.403805 -0.912546 -0.0648086 121.527
-0.634732 -0.330479 0.698497 442.799
-0.658829 -0.240921 -0.712672 69.8365
0.404379 -0.912391 -0.0634147 121.556
-0.635698 -0.330241 0.697732 442.752
-0.657546 -0.241835 -0.713547 69.9806
0.404379 -0.912391 -0.0634147 121.556
-0.635698 -0.330241 0.697732 442.752
-0.657546 -0.241835 -0.713547 69.9806
0.404508 -0.912395 -0.0625126 121.577
-0.635464 -0.329572 0.69826 442.707
-0.657692 -0.242727 -0.713109 70.2591
0.404508 -0.912395 -0.0625126 121.577
-0.635464 -0.329572 0.69826 442.707
-0.657692 -0.242727 -0.713109 70.2591
0.404534 -0.912346 -0.0630561 121.486
-0.635673 -0.330087 0.697827 442.781
-0.657474 -0.242212 -0.713485 70.011
0.404534 -0.912346 -0.0630561 121.486
-0.635673 -0.330087 0.697827 442.781
-0.657474 -0.242212 -0.713485 70.011
0.406707 -0.911627 -0.0593689 121.379
-0.637514 -0.329762 0.6963 442.853
-0.654343 -0.245342 -0.715292 70.0003
0.406707 -0.911627 -0.0593689 121.379
-0.637514 -0.329762 0.6963 442.853
-0.654343 -0.245342 -0.715292 70.0003
0.405144 -0.912224 -0.0608765 121.39
-0.637247 -0.32951 0.696663 442.833
-0.655572 -0.243455 -0.714811 69.9481
0.405144 -0.912224 -0.0608765 121.39
-0.637247 -0.32951 0.696663 442.833
-0.655572 -0.243455 -0.714811 69.9481
0.406845 -0.91156 -0.0594616 121.429
-0.636816 -0.329686 0.696974 442.855
-0.654937 -0.245694 -0.714627 70.2323
0.406845 -0.91156 -0.0594616 121.429
-0.636816 -0.329686 0.696974 442.855
-0.654937 -0.245694 -0.714627 70.2323
0.405576 -0.912062 -0.0604286 121.317
-0.637204 -0.329512 0.696701 442.786
-0.655346 -0.24406 -0.714812 70.2524
0.405576 -0.912062 -0.0604286 121.317
-0.637204 -0.329512 0.696701 442.786
-0.655346 -0.24406 -0.714812 70.2524
0.405728 -0.911976 -0.0607022 121.394
-0.636771 -0.329686 0.697015 442.847
-0.655674 -0.244145 -0.714482 70.1312
0.405728 -0.911976 -0.0607022 121.394
-0.636771 -0.329686 0.697015 442.847
-0.655674 -0.244145 -0.714482 70.1312
0.406526 -0.911738 -0.0589107 121.383
-0.63741 -0.329221 0.69665 442.878
-0.654557 -0.245656 -0.714988 70.1818
0.406526 -0.911738 -0.0589107 121.383
-0.63741 -0.329221 0.69665 442.878
-0.654557 -0.245656 -0.714988 70.1818
0.406771 -0.911772 -0.0566458 121.316
-0.639211 -0.328375 0.695399 442.811
-0.652646 -0.246659 -0.716388 70.3446
0.406771 -0.911772 -0.0566458 121.316
-0.639211 -0.328375 0.695399 442.811
-0.652646 -0.246659 -0.716388 70.3446
0.40696 -0.911608 -0.0579153 121.371
-0.638028 -0.329056 0.696163 442.954
-0.653685 -0.246359 -0.715544 70.1673
0.40696 -0.911608 -0.0579153 121.371
-0.638028 -0.329056 0.696163 442.954
