0.934929 -0.0730509 -0.347233 107.328
0.28516 0.737044 0.61274 434.097
0.211165 -0.671885 0.709915 61.9647
0.934929 -0.0730509 -0.347233 107.328
0.28516 0.737044 0.61274 434.097
0.211165 -0.671885 0.709915 61.9647
0.935335 -0.0730811 -0.346131 107.162
0.284532 0.736811 0.613311 434.231
0.210212 -0.672137 0.70996 61.9154
0.93511 -0.0730482 -0.346747 107.327
0.285082 0.736272 0.613703 434.162
0.210471 -0.672731 0.70932 61.7372
0.935544 -0.0734411 -0.345491 107.232
0.284515 0.736319 0.61391 434.167
0.209305 -0.672637 0.709754 61.8596
0.935643 -0.0729938 -0.345317 107.27
0.284463 0.735123 0.615366 434.124
0.208932 -0.673993 0.708577 61.6491
0.935364 -0.0721559 -0.346248 107.318
0.284436 0.735315 0.615149 434.195
0.210215 -0.673874 0.70831 61.8459
0.935189 -0.0715534 -0.346844 107.183
0.284763 0.734192 0.616338 434.125
0.210549 -0.675161 0.706984 61.8133
0.934215 -0.0708096 -0.349611 107.316
0.286217 0.733735 0.616208 434.184
0.212888 -0.675736 0.705734 61.8016
0.934392 -0.0690553 -0.349489 107.172
0.285336 0.732443 0.618151 434.206
0.213294 -0.677318 0.704093 61.9229
0.934677 -0.0670603 -0.349117 107.296
0.284096 0.731246 0.620137 434.187
0.213703 -0.67881 0.70253 61.9738
0.934644 -0.0661717 -0.349373 107.306
0.28379 0.730818 0.62078 434.257
0.21425 -0.679357 0.701834 61.9269
0.935003 -0.0648395 -0.348661 107.28
0.282848 0.729406 0.622868 434.243
0.213929 -0.681002 0.700336 61.8102
0.934527 -0.0636436 -0.350155 107.254
0.283337 0.728417 0.623802 434.203
0.215358 -0.682172 0.698758 61.9235
0.934296 -0.0621247 -0.351044 107.342
0.283309 0.727104 0.625344 434.211
0.216396 -0.68371 0.696931 61.9201
0.934077 -0.0618103 -0.351682 107.278
0.283754 0.72637 0.625996 434.26
0.216758 -0.684519 0.696024 61.9537
0.9339 -0.0613705 -0.352228 107.199
0.284061 0.725612 0.626735 434.257
0.217118 -0.685362 0.695082 62.0726
0.933413 -0.0603542 -0.353691 107.191
0.284597 0.724841 0.627383 434.268
0.218505 -0.686267 0.693753 61.9864
0.932877 -0.0603796 -0.355099 107.151
0.285727 0.724322 0.627469 434.37
0.21932 -0.686813 0.692955 61.8512
0.932575 -0.0585986 -0.356187 107.248
0.285734 0.722816 0.6292 434.245
0.220588 -0.688551 0.690824 61.8688
0.932363 -0.0573029 -0.356954 107.282
0.285958 0.721003 0.631176 434.236
0.221197 -0.690559 0.688622 61.8808
0.931868 -0.056633 -0.358349 107.271
0.287336 0.718242 0.633693 434.271
0.221493 -0.693485 0.68558 61.6747
0.931363 -0.05519 -0.359886 107.211
0.287367 0.718381 0.633522 434.311
0.223571 -0.693458 0.684933 61.9245
0.931027 -0.0546422 -0.360836 107.149
0.287898 0.717599 0.634166 434.374
0.224284 -0.69431 0.683835 62.0738
0.930493 -0.0523979 -0.362542 107.241
0.288272 0.715398 0.636479 434.343
0.226011 -0.69675 0.680778 61.9791
0.930528 -0.0532421 -0.36233 107.322
0.28872 0.715312 0.636372 434.391
0.225297 -0.696774 0.68099 61.9647
0.930659 -0.0527001 -0.362074 107.292
0.288381 0.714696 0.637217 434.354
0.225191 -0.697447 0.680336 61.8371
0.930391 -0.0520836 -0.36285 107.173
0.288745 0.713943 0.637896 434.404
0.225831 -0.698264 0.679285 61.8104
0.930035 -0.0506214 -0.363968 107.278
0.288693 0.713462 0.638458 434.473
0.227358 -0.698863 0.678158 61.844
0.930179 -0.0512768 -0.363508 107.211
0.289037 0.712773 0.639072 434.461
0.226329 -0.699518 0.677827 61.8979
0.930396 -0.0505262 -0.363056 107.13
0.288502 0.711923 0.64026 434.459
0.226118 -0.700438 0.676947 61.9166
0.9303 -0.0496108 -0.363429 107.234
0.28815 0.711921 0.64042 434.422
0.226961 -0.700505 0.676596 61.9096
0.930559 -0.0503083 -0.362668 107.132
0.288228 0.711495 0.640859 434.476
0.225796 -0.700888 0.676589 61.8647
0.930858 -0.050602 -0.36186 107.125
0.287745 0.711874 0.640655 434.541
0.22518 -0.700482 0.677214 61.9878
0.931075 -0.0507616 -0.361279 107.075
0.287682 0.711153 0.641483 434.457
0.224362 -0.701202 0.67674 61.9244
0.93067 -0.050663 -0.362336 107.122
0.287966 0.71233 0.640048 434.541
0.225676 -0.700014 0.677533 62.3096
0.930968 -0.0510878 -0.361509 106.957
0.287786 0.712 0.640496 434.514
0.224673 -0.700318 0.677552 62.228
0.931275 -0.0522346 -0.360554 106.975
0.287891 0.712005 0.640443 434.585
0.223263 -0.700229 0.67811 62.02
0.931375 -0.0521669 -0.360304 107.091
0.287499 0.712554 0.640008 434.559
0.223349 -0.699675 0.678653 62.1725
0.931836 -0.0528067 -0.359016 107.058
0.287256 0.711874 0.640874 434.58
0.221732 -0.700319 0.678519 62.1719
0.931622 -0.051359 -0.359781 107.074
0.287208 0.710648 0.642255 434.551
0.222692 -0.701671 0.676806 62.2017
0.931757 -0.0515362 -0.359407 106.946
0.28661 0.712091 0.640922 434.636
0.2229 -0.700193 0.678266 62.6167
0.931894 -0.0518921 -0.358999 106.99
0.286928 0.710949 0.642046 434.655
0.221913 -0.701326 0.677419 62.3496
0.931238 -0.0503649 -0.360915 106.975
0.28727 0.710832 0.642023 434.64
0.224215 -0.701556 0.676422 62.4898
0.931125 -0.0503174 -0.361212 106.966
0.287705 0.710012 0.642736 434.659
0.224124 -0.70239 0.675586 62.2955
0.930962 -0.0502475 -0.361641 107.031
0.28799 0.709903 0.642728 434.676
0.224435 -0.702505 0.675364 62.404
0.930685 -0.0502488 -0.362353 106.895
0.288519 0.709789 0.642617 434.692
0.224904 -0.70262 0.675088 62.5198
0.930412 -0.0491972 -0.363199 106.95
0.289046 0.707791 0.64458 434.7
0.225357 -0.704707 0.672758 62.6325
0.930436 -0.0474371 -0.363372 106.812
0.288288 0.706903 0.645894 434.686
0.226229 -0.705718 0.671403 62.9153
0.930376 -0.0470323 -0.363577 106.765
0.288501 0.705845 0.646954 434.749
0.226201 -0.706803 0.670271 62.7616
0.929433 -0.0454151 -0.366184 106.847
0.289815 0.704096 0.648272 434.779
0.228388 -0.708651 0.667573 62.6608
0.929114 -0.0438334 -0.367187 106.885
0.290318 0.701491 0.650866 434.695
0.229049 -0.711329 0.664491 62.6445
0.928564 -0.0446895 -0.368472 106.766
0.291374 0.70274 0.649044 434.692
0.229934 -0.710042 0.665561 62.9102
0.928749 -0.0450116 -0.367966 106.752
0.291044 0.70332 0.648563 434.771
0.229605 -0.709447 0.666308 62.7835
0.928222 -0.0442489 -0.369386 106.854
0.291561 0.703241 0.648417 434.854
0.231075 -0.709573 0.665665 62.7334
0.928375 -0.0439047 -0.369043 106.781
0.291402 0.702302 0.649505 434.794
0.230663 -0.710524 0.664793 62.7306
0.928152 -0.0446358 -0.369515 106.73
0.291929 0.703168 0.64833 434.848
0.230893 -0.709621 0.665678 62.7378
0.928271 -0.0443034 -0.369256 106.696
0.291552 0.7031 0.648574 434.825
0.23089 -0.70971 0.665584 62.9194
0.928424 -0.0449823 -0.36879 106.619
0.291669 0.703106 0.648514 434.87
0.230127 -0.70966 0.665901 62.8486
0.92802 -0.0451716 -0.369782 106.713
0.2924 0.703374 0.647895 434.943
0.230829 -0.709384 0.665953 62.9213
0.927974 -0.0447358 -0.369949 106.627
0.29237 0.702944 0.648374 435.015
0.231048 -0.709837 0.665394 62.8216
0.928339 -0.0433597 -0.369197 106.667
0.291176 0.702229 0.649685 434.875
0.231091 -0.710629 0.664532 62.8973
0.928266 -0.0439473 -0.369312 106.734
0.291334 0.703175 0.64859 435
0.231187 -0.709657 0.665537 62.8086
0.928 -0.042047 -0.370201 106.598
0.291097 0.701992 0.649977 434.972
0.232548 -0.710943 0.663688 62.9515
0.927644 -0.0414796 -0.371156 106.584
0.291558 0.701496 0.650306 435.058
0.23339 -0.711466 0.662832 62.9357
0.92706 -0.0384283 -0.372939 106.635
0.291517 0.699383 0.652595 435.085
0.235749 -0.713713 0.659573 63.0245
0.926384 -0.0360391 -0.374853 106.7
0.292257 0.696545 0.655294 435.06
0.237486 -0.716607 0.655801 62.9438
0.926158 -0.0363753 -0.375377 106.66
0.292893 0.696399 0.655166 435.079
0.23758 -0.716733 0.65563 62.9003
0.925436 -0.0362171 -0.377168 106.571
0.293854 0.697013 0.654082 435.116
0.239202 -0.716143 0.655684 63.0939
0.925381 -0.0368007 -0.377249 106.519
0.294428 0.696593 0.654271 435.16
0.238711 -0.716522 0.655449 63.1184
0.92479 -0.0352213 -0.378843 106.448
0.295146 0.694767 0.655886 435.132
0.240107 -0.718372 0.65291 63.1966
0.924253 -0.0343817 -0.380228 106.482
0.296007 0.69352 0.656818 435.262
0.241113 -0.719616 0.651166 63.1563
0.923057 -0.0295465 -0.383528 106.424
0.297675 0.686356 0.663555 435.188
0.243631 -0.726665 0.642341 63.2694
0.92139 -0.027799 -0.387645 106.323
0.301462 0.680628 0.667732 435.214
0.24528 -0.732101 0.635504 63.2852
0.920503 -0.02984 -0.389593 106.462
0.30367 0.682078 0.665247 435.16
0.245882 -0.73067 0.636917 63.2064
0.919496 -0.0316675 -0.391823 106.512
0.306337 0.682358 0.663736 435.209
0.246345 -0.730332 0.637126 63.1344
0.918428 -0.0304197 -0.394416 106.58
0.308087 0.680407 0.664927 435.116
0.248137 -0.732203 0.634277 63.358
0.916609 -0.0282819 -0.398784 106.462
0.312837 0.671815 0.671414 435.14
0.24892 -0.740179 0.624639 63.1819
0.914493 -0.0279344 -0.403636 106.451
0.31819 0.665861 0.674821 435.225
0.249915 -0.745552 0.617814 63.1442
0.913915 -0.0289044 -0.404874 106.333
0.31881 0.668495 0.671919 435.263
0.251235 -0.743155 0.620163 63.4056
0.913121 -0.0281601 -0.406716 106.3
0.320616 0.665814 0.673718 435.132
0.251825 -0.745586 0.616997 63.4813
0.912458 -0.0270674 -0.408274 106.259
0.321199 0.665521 0.67373 435.23
0.253479 -0.745888 0.615954 63.5132
0.912641 -0.0259752 -0.407936 106.275
0.320328 0.66539 0.674275 435.22
0.253922 -0.746044 0.615582 63.5456
0.912389 -0.024035 -0.408618 106.253
0.31975 0.665098 0.674837 435.152
0.255551 -0.746369 0.614513 63.4844
0.912579 -0.0245439 -0.408162 106.171
0.319521 0.665687 0.674364 435.264
0.255157 -0.745827 0.615335 63.5875
0.912366 -0.0240813 -0.408668 106.253
0.319935 0.664745 0.675096 435.336
0.255403 -0.746682 0.614195 63.4956
0.912272 -0.0226729 -0.408956 106.236
0.319534 0.66404 0.67598 435.445
0.256237 -0.747354 0.61303 63.594
0.911571 -0.020978 -0.410608 106.164
0.320023 0.663188 0.676585 435.366
0.258117 -0.748159 0.611256 63.6872
0.911867 -0.0217529 -0.409909 106.103
0.31991 0.663375 0.676455 435.415
0.257209 -0.747971 0.611868 63.643
0.911898 -0.0209779 -0.409881 106.035
0.319394 0.663448 0.676627 435.33
0.257741 -0.747928 0.611697 63.7384
0.911848 -0.0222103 -0.409927 106.022
0.319919 0.664194 0.675646 435.48
0.257265 -0.74723 0.61275 63.578
0.912276 -0.0222414 -0.408971 105.98
0.318703 0.665726 0.674713 435.399
0.257256 -0.745865 0.614414 63.8805
0.912866 -0.0241289 -0.407547 105.993
0.317974 0.668132 0.672675 435.425
0.256064 -0.743651 0.617587 63.7671
0.914219 -0.029603 -0.404138 105.816
0.316917 0.673741 0.667561 435.49
0.252522 -0.738375 0.625328 63.839
0.914702 -0.0316594 -0.402886 105.876
0.31659 0.675756 0.665676 435.537
0.251178 -0.736445 0.628138 63.8589
0.915059 -0.0343412 -0.401856 105.738
0.316724 0.678063 0.663262 435.653
0.249706 -0.734201 0.631344 64.009
0.914983 -0.0351318 -0.40196 105.689
0.316754 0.679644 0.661627 435.638
0.249945 -0.7327 0.632991 64.031
0.915339 -0.0365803 -0.401018 105.687
0.316892 0.679901 0.661298 435.573
0.248462 -0.732391 0.633932 63.9747
0.91525 -0.0361035 -0.401266 105.671
0.31691 0.679497 0.661704 435.637
0.248769 -0.73279 0.633351 64.0495
0.915313 -0.0357809 -0.401152 105.563
0.316687 0.679315 0.661997 435.691
0.248822 -0.732974 0.633117 64.0654
0.914633 -0.0345295 -0.402807 105.564
0.317367 0.678543 0.662463 435.712
0.250448 -0.733748 0.631577 64.0506
0.914356 -0.0339419 -0.403487 105.552
0.317712 0.677903 0.662953 435.696
0.251023 -0.734367 0.630628 64.0292
0.91463 -0.0339573 -0.402863 105.616
0.317352 0.67766 0.663373 435.644
0.250478 -0.73459 0.630585 64.1995
0.914314 -0.0334406 -0.403622 105.468
0.317852 0.676868 0.663943 435.671
0.250996 -0.735345 0.629499 63.8942
0.914225 -0.0327072 -0.403884 105.543
0.317705 0.676521 0.664366 435.663
0.251507 -0.735696 0.628884 63.9623
0.913903 -0.0316211 -0.404698 105.408
0.317718 0.676244 0.664642 435.638
0.252658 -0.735999 0.628068 64.2969
0.913799 -0.0318075 -0.40492 105.48
0.317829 0.676726 0.664098 435.691
0.252896 -0.735547 0.628501 64.3414
0.914411 -0.0321495 -0.403508 105.444
0.317269 0.675982 0.665123 435.682
0.251381 -0.736216 0.628326 64.1314
0.914497 -0.0333724 -0.403214 105.363
0.317578 0.676679 0.664267 435.732
0.250678 -0.735522 0.629419 64.0677
0.914546 -0.034235 -0.403031 105.351
0.31758 0.677858 0.663062 435.755
0.250498 -0.734395 0.630805 64.1774
0.913653 -0.0355248 -0.40494 105.305
0.319299 0.679222 0.660837 435.784
0.251568 -0.733073 0.631916 64.4619
0.914155 -0.0371001 -0.403664 105.106
0.318931 0.680477 0.659723 435.883
0.250208 -0.73183 0.633894 64.3901
0.914013 -0.0390518 -0.403801 105.061
0.319663 0.682197 0.657589 435.947
0.249791 -0.730125 0.63602 64.4843
0.914299 -0.0427254 -0.40278 104.915
0.320303 0.684936 0.654422 436.082
0.247918 -0.727349 0.639921 64.5019
0.913677 -0.0424423 -0.404218 104.974
0.320955 0.685517 0.653494 436.076
0.249363 -0.726819 0.639963 64.6371
0.913924 -0.0449016 -0.403393 104.818
0.321378 0.687089 0.651633 436.03
0.247908 -0.725185 0.642378 64.8723
0.913968 -0.0466774 -0.403094 104.76
0.322219 0.687288 0.651007 436.072
0.246654 -0.724884 0.643199 64.6799
0.913952 -0.0514441 -0.402548 104.71
0.323806 0.690368 0.646948 436.13
0.244625 -0.721627 0.647621 64.5617
0.914183 -0.0540392 -0.401683 104.658
0.324002 0.692862 0.644178 436.054
0.2435 -0.719043 0.650911 64.8626
0.914128 -0.055725 -0.401578 104.679
0.324958 0.692996 0.643551 436.086
0.24243 -0.718784 0.651596 64.7063
0.913555 -0.0588252 -0.40244 104.536
0.326708 0.695474 0.639983 436.148
0.242239 -0.716139 0.654572 64.9074
0.912843 -0.0596394 -0.403931 104.513
0.327694 0.69718 0.637618 436.277
0.243585 -0.714411 0.655959 64.8445
0.912635 -0.0622269 -0.404012 104.496
0.328696 0.699281 0.634795 436.258
0.243017 -0.712133 0.658642 64.7548
0.913052 -0.0641791 -0.402761 104.435
0.328875 0.699894 0.634026 436.306
0.241199 -0.711357 0.660147 64.9306
0.913344 -0.0652136 -0.401933 104.36
0.328912 0.700057 0.633827 436.303
0.240042 -0.711103 0.660842 64.8573
0.913199 -0.0654104 -0.402231 104.287
0.329068 0.700581 0.633167 436.353
0.24038 -0.710569 0.661294 64.9899
0.912775 -0.0648609 -0.40328 104.305
0.329542 0.700284 0.633249 436.335
0.241337 -0.710912 0.660576 64.9923
0.912913 -0.0654634 -0.402871 104.167
0.32948 0.700777 0.632736 436.341
0.240902 -0.71037 0.661317 65.316
0.913045 -0.0649943 -0.402646 104.216
0.329437 0.699549 0.634116 436.359
0.240457 -0.711623 0.660131 65.1147
0.91315 -0.0648786 -0.402428 104.096
0.329146 0.699742 0.634054 436.402
0.240459 -0.711444 0.660323 65.3163
0.912923 -0.0655423 -0.402834 104.116
0.330028 0.699232 0.634158 436.412
0.24011 -0.711884 0.659976 65.2574
0.912546 -0.0648086 -0.403805 104.006
0.330479 0.698497 0.634732 436.454
0.240921 -0.712672 0.658829 65.2108
0.912392 -0.0631247 -0.40442 104.045
0.330026 0.697902 0.635623 436.401
0.242122 -0.713406 0.657593 65.4214
0.912367 -0.0628253 -0.404523 104.007
0.329868 0.698011 0.635584 436.416
0.242431 -0.713325 0.657567 65.4617
0.911767 -0.0600812 -0.406289 103.893
0.329824 0.696595 0.637159 436.507
0.244738 -0.714944 0.654949 65.3034
0.912153 -0.0607257 -0.405325 103.881
0.329529 0.696696 0.637201 436.508
0.243694 -0.714792 0.655504 65.2994
0.91185 -0.0600204 -0.406111 103.856
0.329586 0.696816 0.637041 436.487
0.24475 -0.714734 0.655174 65.5447
0.911976 -0.0607022 -0.405728 103.884
0.329686 0.697015 0.636771 436.517
0.244145 -0.714482 0.655674 65.4436
0.911741 -0.0587093 -0.406548 103.872
0.329146 0.696539 0.63757 436.552
0.245745 -0.715113 0.654388 65.4779
0.911682 -0.0573488 -0.406876 103.843
0.328752 0.695822 0.638556 436.578
0.246493 -0.715921 0.653222 65.5137
0.911538 -0.0595719 -0.406877 103.807
0.329839 0.6968 0.636927 436.564
0.245569 -0.714787 0.654809 65.5681
0.911535 -0.0609453 -0.406681 103.659
0.33003 0.698407 0.635066 436.606
0.245325 -0.713102 0.656736 65.6731
0.911319 -0.060097 -0.407292 103.806
0.330143 0.697735 0.635744 436.513
0.245976 -0.71383 0.6557 65.8014
0.911387 -0.061131 -0.406985 103.754
0.330543 0.697875 0.635383 436.625
0.245183 -0.713606 0.656241 65.5409
0.911404 -0.0614092 -0.406906 103.728
0.330385 0.698694 0.634565 436.699
0.245334 -0.71278 0.657081 65.7969
0.911739 -0.0626464 -0.405966 103.638
0.330481 0.698824 0.634372 436.692
0.243958 -0.712545 0.657848 65.7627
0.911895 -0.0618137 -0.405741 103.708
0.329962 0.69832 0.635196 436.585
0.244073 -0.713111 0.657191 65.6302
0.911721 -0.0637012 -0.405841 103.598
0.330657 0.700035 0.632943 436.777
0.243784 -0.711261 0.6593 65.746
0.91193 -0.0627764 -0.405516 103.533
0.329796 0.700153 0.633262 436.825
0.24417 -0.711228 0.659194 65.8914
0.911985 -0.062417 -0.405448 103.528
0.329605 0.699899 0.633642 436.825
0.244222 -0.71151 0.65887 65.7761
0.912974 -0.0660741 -0.402633 103.373
0.329035 0.702762 0.630763 436.768
0.241278 -0.70835 0.663343 66.014
0.912461 -0.0687614 -0.403345 103.427
0.330375 0.705378 0.627133 436.832
0.241388 -0.705489 0.666346 66.0101
0.912678 -0.0728012 -0.402143 103.342
0.331208 0.708223 0.623476 436.823
0.239417 -0.702225 0.670492 66.0529
0.9131 -0.0779168 -0.400222 103.209
0.33199 0.71192 0.618832 436.879
0.236708 -0.697925 0.675922 66.0661
0.913264 -0.084124 -0.398587 103.218
0.333516 0.716236 0.613003 436.996
0.233915 -0.692769 0.68217 66.0653
0.913299 -0.0859739 -0.398112 103.127
0.333776 0.718147 0.610621 437.034
0.233406 -0.69056 0.684579 66.0842
0.91399 -0.0886312 -0.395937 103.004
0.333432 0.720098 0.608507 436.97
0.231181 -0.688188 0.687716 66.1875
0.914271 -0.0907096 -0.394818 102.934
0.333453 0.721946 0.606303 437.033
0.23004 -0.685978 0.690301 66.3487
0.915132 -0.0943279 -0.391964 102.815
0.333156 0.724433 0.603493 437.064
0.227026 -0.682861 0.694378 66.7119
0.915361 -0.0956787 -0.3911 102.627
0.332779 0.726584 0.60111 437.191
0.226654 -0.680383 0.696927 66.6815
0.915983 -0.0977754 -0.38912 102.678
0.332091 0.729 0.59856 437.16
0.225144 -0.677494 0.700222 66.6652
0.916029 -0.0989267 -0.38872 102.554
0.332133 0.73043 0.596791 437.257
0.224894 -0.675785 0.701952 66.6082
0.916554 -0.100035 -0.387196 102.441
0.331735 0.730901 0.596436 437.207
0.223338 -0.675113 0.703096 66.5102
0.916836 -0.101132 -0.386243 102.581
0.330979 0.733563 0.593581 437.188
0.223303 -0.672054 0.70603 66.623
0.917206 -0.10322 -0.384809 102.51
0.330255 0.737232 0.589423 437.19
0.222854 -0.667708 0.710283 66.6009
0.917255 -0.104259 -0.384414 102.478
0.330168 0.738865 0.587425 437.178
0.222785 -0.66574 0.71215 66.6536
0.9182 -0.107412 -0.381277 102.379
0.329505 0.741339 0.584674 437.315
0.219854 -0.66248 0.71609 66.7656
0.918946 -0.109969 -0.378741 102.265
0.329177 0.74279 0.583014 437.354
0.217212 -0.660431 0.718783 66.7634
0.919718 -0.113186 -0.37591 102.104
0.328706 0.745556 0.579741 437.485
0.214644 -0.656762 0.722905 66.8456
0.919825 -0.113258 -0.375627 101.938
0.328339 0.746284 0.579011 437.391
0.214747 -0.655922 0.723637 67.2472
0.920102 -0.114958 -0.374429 102.045
0.328613 0.746759 0.578243 437.456
0.213134 -0.655085 0.724871 67.0315
0.920418 -0.116937 -0.373036 101.966
0.328909 0.747395 0.577251 437.432
0.211303 -0.654008 0.726378 67.1071
0.920549 -0.118171 -0.372325 101.969
0.329026 0.748317 0.575989 437.383
0.210552 -0.652731 0.727743 67.2505
0.921647 -0.124724 -0.367437 101.996
0.329452 0.751815 0.57117 437.29
0.205006 -0.64747 0.733999 67.0916
0.921996 -0.128911 -0.36511 101.963
0.329963 0.754987 0.566674 437.295
0.202603 -0.642944 0.73863 66.9459
0.921489 -0.130529 -0.365813 102.037
0.330945 0.756861 0.563593 437.352
0.203305 -0.640409 0.740637 66.8933
0.921282 -0.132793 -0.365522 101.955
0.332012 0.757986 0.561449 437.456
0.202504 -0.63861 0.742408 66.8848
0.920923 -0.135413 -0.365464 101.899
0.333462 0.759161 0.558997 437.44
0.201751 -0.636662 0.744284 66.8566
0.92071 -0.136159 -0.365723 102.028
0.333847 0.760112 0.557473 437.347
0.202085 -0.635366 0.745299 66.9143
0.921704 -0.139768 -0.361838 101.893
0.332796 0.764153 0.552555 437.392
0.19927 -0.62971 0.750837 67.2196
0.921827 -0.140809 -0.361121 101.91
0.332775 0.765216 0.551094 437.437
0.198737 -0.628185 0.752255 67.0587
0.922046 -0.14268 -0.359825 101.977
0.333058 0.766116 0.549671 437.38
0.197241 -0.626665 0.753915 66.8797
0.92185 -0.142905 -0.360236 101.923
0.333071 0.767361 0.547924 437.315
0.19813 -0.625088 0.754989 66.8294
0.921996 -0.145463 -0.358836 101.885
0.333289 0.76986 0.544274 437.391
0.197082 -0.621415 0.758289 66.957
0.921632 -0.150041 -0.357885 101.941
0.334848 0.773597 0.537982 437.319
0.196139 -0.615658 0.763213 66.9013
0.921714 -0.150066 -0.357664 101.905
0.334783 0.773454 0.538228 437.27
0.195867 -0.615832 0.763143 66.787
0.921699 -0.152347 -0.356738 101.839
0.335514 0.774655 0.536041 437.252
0.194684 -0.613759 0.765113 66.8363
0.921987 -0.155044 -0.354825 101.954
0.335123 0.778567 0.53059 437.271
0.193991 -0.608107 0.769788 66.9965
0.922506 -0.159087 -0.351674 101.972
0.335009 0.782535 0.524793 437.276
0.19171 -0.601939 0.775189 67.2284
0.922763 -0.160732 -0.350248 101.878
0.335438 0.782425 0.524683 437.232
0.18971 -0.601645 0.775908 66.7671
0.922811 -0.16316 -0.348997 101.9
0.335748 0.784847 0.520853 437.298
0.188927 -0.597824 0.779046 66.8333
0.922511 -0.166385 -0.348267 101.977
0.336481 0.788731 0.514475 437.21
0.189088 -0.591794 0.783598 67.0054
0.922279 -0.170595 -0.346841 101.938
0.337776 0.791947 0.508653 437.156
0.187906 -0.586274 0.788019 67.0376
0.92211 -0.173042 -0.346076 101.92
0.338925 0.792715 0.506688 437.244
0.186661 -0.584516 0.789619 66.7494
0.921929 -0.174917 -0.345618 101.86
0.33949 0.794516 0.503479 437.236
0.186532 -0.581505 0.79187 66.8438
0.922179 -0.176991 -0.343891 101.941
0.339694 0.795763 0.501368 437.12
0.184918 -0.579168 0.793958 66.9929
0.922001 -0.181496 -0.342015 101.936
0.341125 0.798641 0.495789 437.131
0.183163 -0.573788 0.79826 66.8756
0.922594 -0.187255 -0.337278 101.849
0.341727 0.802389 0.489281 437.19
0.179008 -0.566664 0.804268 67.0636
0.922823 -0.188782 -0.335795 101.876
0.341717 0.80358 0.487329 437.109
0.177839 -0.564465 0.806072 66.8929
0.923293 -0.194092 -0.331449 101.874
0.341766 0.808954 0.47832 437.058
0.175289 -0.554907 0.813235 67.167
0.923575 -0.199971 -0.327141 101.901
0.34275 0.813015 0.470669 437.077
0.17185 -0.546825 0.81942 67.0458
0.923686 -0.202454 -0.325295 102.019
0.343291 0.814349 0.46796 436.937
0.170163 -0.543919 0.821704 67.167
0.923087 -0.205818 -0.324883 101.976
0.344982 0.81651 0.462923 436.92
0.169993 -0.539397 0.824714 67.0593
0.923058 -0.205377 -0.325246 101.956
0.344655 0.817048 0.462217 436.894
0.170813 -0.538751 0.824967 67.0774
0.923454 -0.209775 -0.321289 101.887
0.344993 0.820447 0.455901 436.895
0.167964 -0.531846 0.830017 66.9704
0.923501 -0.212902 -0.31909 101.935
0.345542 0.82293 0.450985 436.904
0.166573 -0.526744 0.833543 66.9243
0.923098 -0.214025 -0.319505 101.86
0.34627 0.824004 0.448458 436.924
0.167292 -0.524606 0.834747 67.1217
0.923186 -0.215805 -0.318051 101.892
0.346534 0.82529 0.445881 436.794
0.166261 -0.521847 0.83668 67.0843
0.922856 -0.218254 -0.317335 101.856
0.347371 0.82753 0.441053 436.87
0.166343 -0.517261 0.839506 67.0218
0.922966 -0.224102 -0.31291 101.842
0.347683 0.834167 0.428114 436.854
0.165078 -0.503927 0.847825 67.0914
0.923072 -0.225221 -0.31179 101.863
0.347819 0.834836 0.426697 436.768
0.164192 -0.502319 0.84895 67.2158
0.922903 -0.226918 -0.31106 101.81
0.348605 0.835462 0.424827 436.777
0.163478 -0.500512 0.850155 67.0435
0.922309 -0.227013 -0.312748 101.881
0.349154 0.836373 0.422578 436.801
0.165643 -0.498944 0.850657 66.9352
0.922264 -0.226376 -0.313342 101.901
0.349094 0.835875 0.42361 436.724
0.166019 -0.500066 0.849924 66.9761
0.920914 -0.227033 -0.316818 101.959
0.351183 0.835928 0.421776 436.66
0.16908 -0.49968 0.849548 66.9631
0.919917 -0.228377 -0.318742 102
0.353112 0.835919 0.42018 436.572
0.170483 -0.499082 0.849619 66.5704
0.91954 -0.227658 -0.320341 102.042
0.353318 0.835822 0.4202 436.54
0.172086 -0.499573 0.849007 66.604
0.918872 -0.229251 -0.321121 101.972
0.354357 0.837413 0.416138 436.671
0.173511 -0.496169 0.850711 66.878
0.919637 -0.230721 -0.317861 101.944
0.353774 0.838138 0.415174 436.593
0.170622 -0.49426 0.852405 66.7001
0.920714 -0.232533 -0.313392 101.953
0.352347 0.84056 0.411475 436.551
0.167743 -0.489273 0.855847 66.986
0.922357 -0.235996 -0.305882 101.982
0.350386 0.844521 0.404986 436.499
0.162749 -0.480719 0.861639 66.9496
0.923364 -0.237444 -0.301694 101.986
0.349051 0.846437 0.402128 436.505
0.159882 -0.476617 0.86445 66.6784
0.923941 -0.239535 -0.298256 102.081
0.348433 0.848775 0.397713 436.467
0.157886 -0.471385 0.86768 66.7631
0.924393 -0.241634 -0.295145 102.06
0.348148 0.850623 0.393996 436.456
0.155855 -0.466962 0.870434 66.7973
0.924462 -0.243841 -0.293107 102.06
0.348726 0.851557 0.391459 436.51
0.154144 -0.464103 0.872266 66.787
0.92466 -0.245192 -0.29135 102.136
0.348752 0.852485 0.389412 436.417
0.152891 -0.461682 0.87377 66.9187
0.925206 -0.249142 -0.286221 102.137
0.348977 0.854872 0.383939 436.363
0.149027 -0.455107 0.877877 66.9119
0.925373 -0.251178 -0.28389 102.194
0.349197 0.856243 0.38067 436.302
0.147463 -0.451395 0.880055 66.6909
0.925537 -0.251513 -0.283059 102.235
0.348739 0.857422 0.378428 436.289
0.147522 -0.448963 0.881289 66.7284
0.925294 -0.252043 -0.283382 102.312
0.349451 0.856949 0.378844 436.208
0.147359 -0.44957 0.881006 66.6588
0.924272 -0.25247 -0.286322 102.242
0.350917 0.857185 0.37695 436.343
0.150263 -0.448879 0.880868 66.8154
0.92361 -0.252851 -0.288116 102.415
0.352059 0.856869 0.376602 436.279
0.151654 -0.449268 0.880432 66.6129
0.923745 -0.254013 -0.286657 102.425
0.352204 0.857437 0.375172 436.197
0.150492 -0.447524 0.881518 66.7741
0.924135 -0.255108 -0.284419 102.371
0.351908 0.858228 0.373639 436.259
0.148778 -0.445382 0.882893 66.7145
0.924692 -0.256196 -0.281618 102.294
0.351193 0.859608 0.371131 436.216
0.146999 -0.442084 0.884847 66.8315
0.925241 -0.257129 -0.27895 102.393
0.3504 0.861042 0.368547 436.241
0.145424 -0.438739 0.886769 66.8119
0.926533 -0.257441 -0.274337 102.308
0.348345 0.862485 0.367117 436.211
0.1421 -0.43571 0.888799 66.6808
0.92687 -0.258384 -0.272303 102.345
0.348101 0.863107 0.365884 436.216
0.140489 -0.433916 0.889932 66.7433
0.926423 -0.259658 -0.272614 102.257
0.349079 0.863645 0.363676 436.383
0.14101 -0.432082 0.890742 66.7062
0.926413 -0.261625 -0.270759 102.353
0.349774 0.864177 0.36174 436.258
0.139343 -0.429825 0.892095 66.8099
0.92646 -0.262632 -0.269621 102.383
0.35002 0.864568 0.360567 436.198
0.138409 -0.428424 0.892914 66.7669
0.926124 -0.264257 -0.269189 102.255
0.350987 0.865133 0.358264 436.191
0.138211 -0.426279 0.893971 66.8926
0.92617 -0.269505 -0.263774 102.281
0.352528 0.867151 0.351813 436.109
0.133917 -0.418826 0.898137 67.044
0.926543 -0.269284 -0.262685 102.222
0.351574 0.868279 0.349982 436.122
0.133839 -0.416627 0.899171 66.9654
0.927111 -0.26891 -0.26106 102.292
0.349915 0.87058 0.345906 436.152
0.134256 -0.412042 0.90122 66.9745
0.927542 -0.269105 -0.259323 102.102
0.348911 0.872165 0.342913 436.307
0.133893 -0.408546 0.902864 67.1355
0.927725 -0.269675 -0.258073 102.057
0.348638 0.873012 0.341031 436.326
0.133333 -0.406357 0.903934 66.9739
0.929041 -0.273687 -0.248953 102.226
0.346737 0.878804 0.327837 436.405
0.129056 -0.390895 0.911343 67.2933
0.929752 -0.274288 -0.245616 102.154
0.345695 0.879911 0.325962 436.263
0.126713 -0.387972 0.912919 67.4285
0.929366 -0.274194 -0.247178 102.19
0.346239 0.879686 0.325992 436.322
0.128054 -0.388548 0.912487 67.2879
0.929135 -0.275463 -0.246634 102.103
0.347171 0.879452 0.325634 436.313
0.127203 -0.388182 0.912762 67.232
0.929093 -0.276029 -0.246159 102.128
0.347025 0.880805 0.322111 436.252
0.127906 -0.384695 0.914139 67.4039
0.929204 -0.277807 -0.243728 102.156
0.347125 0.882392 0.31763 436.317
0.126824 -0.379747 0.916356 67.2781
0.9298 -0.278411 -0.240745 101.997
0.346194 0.883637 0.315174 436.346
0.124984 -0.376393 0.917991 67.4589
0.930207 -0.280311 -0.23694 102.161
0.345665 0.886112 0.308742 436.371
0.123411 -0.369096 0.921161 67.5504
0.929884 -0.282443 -0.235675 102.121
0.346852 0.886596 0.30601 436.241
0.122518 -0.366298 0.922396 67.6306
0.929825 -0.284495 -0.233426 102.203
0.347827 0.886558 0.305011 436.038
0.120172 -0.364798 0.923299 67.4152
0.929405 -0.286121 -0.233114 102.296
0.348481 0.888336 0.299032 436.136
0.121524 -0.359157 0.925331 67.5706
0.929699 -0.289133 -0.228173 102.085
0.348614 0.890689 0.291791 436.163
0.118864 -0.350822 0.928868 67.5858
0.930043 -0.290761 -0.224671 102.097
0.348529 0.891717 0.288737 436.23
0.11639 -0.346843 0.930674 67.725
0.929647 -0.293233 -0.223091 102.05
0.349962 0.892132 0.285705 436.207
0.115249 -0.343678 0.931989 67.5686
0.930057 -0.293884 -0.220515 102.174
0.349464 0.892887 0.283952 436.157
0.113446 -0.341153 0.933137 67.8149
0.92983 -0.295021 -0.21995 102.15
0.350022 0.893542 0.281187 436.227
0.113579 -0.338444 0.934107 67.8109
0.929718 -0.29452 -0.221093 102.126
0.349823 0.893914 0.280251 436.165
0.115099 -0.337898 0.934118 67.6303
0.929422 -0.295693 -0.220772 102.078
0.350515 0.894467 0.277611 436.153
0.115386 -0.335402 0.934982 67.8504
0.928862 -0.299031 -0.218623 102.111
0.352593 0.894654 0.274358 436.152
0.11355 -0.331925 0.936447 67.7877
0.929371 -0.300366 -0.214594 102.093
0.352241 0.895485 0.27209 436.138
0.110439 -0.328462 0.938038 67.8357
0.929645 -0.300426 -0.213315 102.191
0.351843 0.895706 0.271877 436.127
0.109389 -0.327803 0.938392 67.7306
0.929504 -0.300896 -0.213268 102.127
0.352019 0.896312 0.269643 436.137
0.11002 -0.325709 0.939047 67.9457
0.929936 -0.300761 -0.211569 102.071
0.351193 0.896968 0.268537 436.198
0.109006 -0.324024 0.939748 67.9777
0.930966 -0.29963 -0.208622 102.015
0.349171 0.897635 0.268946 436.271
0.106682 -0.323224 0.94029 68.0694
0.930633 -0.30017 -0.209334 101.957
0.349371 0.898997 0.264093 436.366
0.108917 -0.318908 0.941506 68.4667
0.930647 -0.300531 -0.208753 101.936
0.349492 0.899045 0.26377 436.438
0.108407 -0.318434 0.941726 68.2897
0.931347 -0.297995 -0.209266 101.846
0.34723 0.899866 0.263953 436.525
0.109655 -0.318496 0.941561 68.337
0.931898 -0.296225 -0.209322 101.94
0.345668 0.900143 0.265059 436.399
0.109903 -0.319364 0.941237 68.3759
0.932463 -0.296541 -0.206341 101.937
0.345014 0.900354 0.265194 436.529
0.107139 -0.318474 0.941858 68.2817
0.932407 -0.296551 -0.206578 101.781
0.34499 0.900649 0.264224 436.61
0.107699 -0.317631 0.942078 68.2833
0.933068 -0.295414 -0.205219 101.762
0.343321 0.901617 0.263091 436.694
0.107309 -0.315938 0.942692 68.6386
0.933458 -0.295131 -0.203846 101.74
0.342592 0.901922 0.262995 436.74
0.106235 -0.315331 0.943017 68.7145
0.933549 -0.294349 -0.204562 101.631
0.34215 0.90188 0.263715 436.756
0.106866 -0.316181 0.942661 68.6606
0.933706 -0.294759 -0.203248 101.607
0.342031 0.902158 0.262918 436.829
0.105864 -0.315006 0.943167 68.8778
0.933512 -0.294536 -0.204458 101.505
0.342176 0.902181 0.262649 436.962
0.107099 -0.315146 0.942981 68.8776
0.933775 -0.293909 -0.204161 101.515
0.34126 0.903074 0.260768 437.104
0.107731 -0.313171 0.943567 69.1863
0.933719 -0.294901 -0.202983 101.39
0.341804 0.902965 0.260432 437.16
0.106485 -0.31255 0.943914 69.211
0.933445 -0.295106 -0.203942 101.275
0.341994 0.903683 0.257675 437.349
0.108258 -0.310272 0.944464 69.6211
0.933685 -0.2957 -0.201974 101.307
0.3419 0.903831 0.257283 437.439
0.106472 -0.309276 0.944993 69.6562
0.933702 -0.294396 -0.203791 101.311
0.341318 0.903791 0.258192 437.426
0.108174 -0.310632 0.944355 69.7
0.93361 -0.293891 -0.204941 101.294
0.341352 0.903393 0.259537 437.519
0.108867 -0.312263 0.943737 69.4389
0.933714 -0.293606 -0.204874 101.273
0.341004 0.903649 0.259104 437.568
0.10906 -0.311792 0.94387 69.5824
0.933709 -0.293692 -0.204775 101.291
0.341023 0.903721 0.258827 437.77
0.109045 -0.311502 0.943968 69.6518
0.934297 -0.292639 -0.203598 101.15
0.339702 0.904034 0.259469 437.878
0.108129 -0.311583 0.944047 70.0077
0.934422 -0.291676 -0.204402 101.155
0.339248 0.903654 0.26138 438.034
0.108471 -0.313582 0.943345 69.908
0.934247 -0.29133 -0.205693 101.034
0.339293 0.903728 0.261066 438.279
0.109835 -0.31369 0.943152 70.2027
0.934064 -0.291708 -0.205987 101.075
0.339597 0.903996 0.259738 438.502
0.110444 -0.312565 0.943454 70.5662
0.933876 -0.292099 -0.206285 101.069
0.340166 0.903548 0.260552 438.705
0.110281 -0.313495 0.943164 70.7657
0.933734 -0.291854 -0.207274 101.011
0.340082 0.903985 0.259145 438.957
0.11174 -0.312463 0.943335 70.8118
0.933723 -0.293355 -0.205193 100.829
0.340864 0.903698 0.259115 439.037
0.109419 -0.311885 0.943798 71.1674
0.934384 -0.292724 -0.203072 100.735
0.339666 0.903925 0.259897 439.065
0.107483 -0.31182 0.944042 71.4704
0.934242 -0.291907 -0.204897 100.739
0.339476 0.903956 0.260039 439.197
0.109311 -0.312497 0.943608 71.3396
0.934464 -0.290999 -0.205175 100.643
0.339002 0.903346 0.262763 439.191
0.10888 -0.315097 0.942793 71.2913
0.934144 -0.291858 -0.205412 100.572
0.339657 0.903731 0.260584 439.271
0.109583 -0.313193 0.943346 71.6529
0.933835 -0.291317 -0.207571 100.419
0.340006 0.903164 0.262091 439.294
0.111119 -0.315325 0.942456 71.6562
0.93376 -0.290726 -0.208737 100.278
0.33999 0.902732 0.263595 439.423
0.1118 -0.317103 0.941778 71.6656
0.933516 -0.28866 -0.212658 100.238
0.339531 0.902288 0.265698 439.496
0.115182 -0.320237 0.940309 71.9114
0.93328 -0.288661 -0.213691 100.222
0.340081 0.901579 0.267394 439.61
0.115473 -0.322226 0.939594 71.7374
0.933208 -0.288431 -0.214313 100.073
0.340301 0.900926 0.269308 439.704
0.115404 -0.324251 0.938905 71.7124
0.932636 -0.288786 -0.216316 100.055
0.341114 0.90109 0.267726 439.712
0.117605 -0.323479 0.938898 72.0485
0.932295 -0.288628 -0.217991 99.804
0.341798 0.900176 0.269922 439.748
0.118323 -0.326156 0.937882 72.0948
0.932161 -0.289982 -0.216763 99.706
0.342557 0.900212 0.268835 439.843
0.117175 -0.324851 0.938479 72.2798
0.932121 -0.28989 -0.217058 99.7928
0.342544 0.900272 0.268651 439.857
0.117532 -0.324767 0.938463 72.2593
0.932405 -0.290033 -0.215645 99.6619
0.342168 0.900517 0.268309 439.946
0.116373 -0.32396 0.938886 72.3303
0.932071 -0.290746 -0.216125 99.5916
0.342866 0.900612 0.267098 440.076
0.116987 -0.323057 0.939121 72.5106
0.931852 -0.290585 -0.217284 99.5381
0.343105 0.900501 0.267166 440.245
0.11803 -0.323511 0.938834 72.6494
0.931991 -0.290494 -0.216808 99.4413
0.343003 0.900197 0.268318 440.305
0.117225 -0.324436 0.938616 72.5691
0.931615 -0.291589 -0.216953 99.3415
0.343804 0.900613 0.265887 440.4
0.117862 -0.322294 0.939274 72.9855
0.931723 -0.291355 -0.216805 99.2864
0.343536 0.9007 0.265939 440.425
0.117793 -0.322262 0.939293 73.0198
0.931752 -0.292515 -0.215113 99.2162
0.344056 0.900598 0.265609 440.504
0.116035 -0.321493 0.939776 73.1646
0.931749 -0.293046 -0.214402 99.2027
0.344371 0.900389 0.265912 440.513
0.11512 -0.321597 0.939853 73.2196
0.931729 -0.292913 -0.214669 99.2173
0.344471 0.900013 0.267051 440.573
0.114983 -0.322767 0.939468 73.1313
0.931812 -0.29197 -0.215593 99.1305
0.343757 0.900547 0.266168 440.687
0.116439 -0.32213 0.939508 73.4193
0.931709 -0.292125 -0.215829 99.2467
0.344167 0.899953 0.267643 440.628
0.116051 -0.323647 0.939034 73.331
0.931179 -0.293227 -0.216618 99.185
0.345259 0.900097 0.265745 440.793
0.117054 -0.322246 0.939391 73.518
0.930686 -0.293388 -0.21851 99.1321
0.345898 0.90019 0.264598 440.883
0.11907 -0.32184 0.939277 73.6974
0.9309 -0.293318 -0.217693 99.1633
0.345584 0.900254 0.264792 440.991
0.118311 -0.321726 0.939412 73.9227
0.931104 -0.293749 -0.216235 99.298
0.345711 0.899747 0.266345 440.944
0.116318 -0.322749 0.93931 73.6626
0.931174 -0.292894 -0.217092 99.3208
0.345147 0.900015 0.26617 440.999
0.117427 -0.322779 0.939162 73.7978
0.93095 -0.293758 -0.216885 99.2035
0.345876 0.899824 0.26587 441.112
0.117057 -0.322527 0.939294 73.6419
0.930777 -0.293978 -0.217328 99.2592
0.346203 0.899777 0.265604 441.162
0.117465 -0.322458 0.939267 73.8683
0.930648 -0.293678 -0.218282 99.262
0.346275 0.899643 0.265964 441.187
0.118268 -0.323104 0.938944 73.8202
0.930952 -0.292563 -0.218483 99.2935
0.345156 0.900324 0.265112 441.28
0.119144 -0.322217 0.939138 74.0008
0.931062 -0.292673 -0.217866 99.3468
0.345198 0.899981 0.26622 441.251
0.118159 -0.323074 0.938968 73.9327
0.931439 -0.292332 -0.216712 99.4345
0.344529 0.900131 0.266578 441.346
0.11714 -0.322965 0.939134 73.8846
0.931646 -0.291953 -0.216329 99.3961
0.343971 0.900498 0.266058 441.435
0.117128 -0.322283 0.939369 74.1032
0.931667 -0.29173 -0.216541 99.5581
0.343775 0.900694 0.265648 441.531
0.117539 -0.321937 0.939437 74.1681
0.931369 -0.291316 -0.218373 99.7845
0.343896 0.900848 0.26497 441.586
0.119531 -0.321882 0.939204 74.2295
0.931498 -0.29106 -0.218164 99.7532
0.34353 0.901101 0.264582 441.66
0.119579 -0.321404 0.939362 74.5232
0.931396 -0.290372 -0.219513 99.8949
0.343312 0.901182 0.264591 441.753
0.120991 -0.321801 0.939045 74.4191
0.930827 -0.290896 -0.221223 99.9295
0.344314 0.900962 0.264035 441.81
0.122507 -0.321941 0.9388 74.352
0.930603 -0.289988 -0.223349 99.9397
0.344206 0.900863 0.264516 441.832
0.124501 -0.323038 0.938161 74.388
0.930357 -0.290703 -0.223444 100.041
0.344795 0.900934 0.263505 442.041
0.124706 -0.322196 0.938423 74.4469
0.929531 -0.292769 -0.224184 100.085
0.346887 0.900471 0.262338 442.136
0.125067 -0.321618 0.938573 74.5067
0.928367 -0.29531 -0.225669 100.124
0.349429 0.900379 0.259263 442.412
0.126625 -0.319546 0.939072 75.0608
0.927777 -0.296703 -0.226266 100.051
0.350724 0.900413 0.257388 442.647
0.127365 -0.318155 0.939444 74.9517
0.927565 -0.298279 -0.225064 100.098
0.351657 0.900476 0.25589 442.755
0.126338 -0.3165 0.940142 75.1706
0.927428 -0.300053 -0.223263 100.193
0.352548 0.900648 0.254055 442.87
0.124852 -0.314329 0.941068 75.331
0.927537 -0.299889 -0.223028 100.059
0.352417 0.900476 0.254842 442.923
0.124407 -0.314975 0.940911 75.3401
0.927565 -0.300545 -0.222029 100.151
0.352638 0.900587 0.254144 442.922
0.123575 -0.314031 0.941336 75.4622
0.927168 -0.301591 -0.222265 100.242
0.353603 0.90048 0.253181 442.938
0.123788 -0.313336 0.94154 75.4951
0.927316 -0.30144 -0.221855 100.22
0.35317 0.900978 0.25201 443.075
0.12392 -0.312045 0.941951 75.6526
0.927198 -0.301806 -0.221852 100.126
0.353446 0.901038 0.251411 443.166
0.124019 -0.31152 0.942112 75.7405
0.927132 -0.302386 -0.221334 100.011
0.353714 0.901206 0.250427 443.255
0.123742 -0.310468 0.942495 75.9372
0.927255 -0.302019 -0.221319 100.027
0.35339 0.901256 0.250705 443.259
0.123747 -0.31068 0.942425 76.0422
0.927368 -0.302769 -0.219819 99.9932
0.353547 0.901389 0.250005 443.406
0.122448 -0.309563 0.942962 76.0628
0.927282 -0.302237 -0.220911 100.138
0.353501 0.901148 0.250936 443.365
0.123231 -0.310781 0.942459 75.9057
0.927515 -0.301994 -0.220263 100.097
0.353046 0.901349 0.250857 443.41
0.122776 -0.310436 0.942632 76.0346
0.927481 -0.302448 -0.219781 99.9981
0.353211 0.901546 0.249914 443.562
0.122556 -0.309419 0.942995 76.1548
0.92751 -0.30277 -0.219217 99.8697
0.353233 0.901777 0.249048 443.651
0.122281 -0.308429 0.943355 76.2567
0.927369 -0.302888 -0.219651 99.8643
0.353332 0.902062 0.247871 443.678
0.123061 -0.307477 0.943564 76.5097
0.927869 -0.299785 -0.221782 99.9808
0.351445 0.901852 0.251297 443.629
0.124679 -0.311115 0.942158 76.3852
0.928062 -0.299428 -0.221456 99.9032
0.351194 0.901524 0.252819 443.643
0.123947 -0.312406 0.941828 76.3343
0.928224 -0.300071 -0.219902 99.8287
0.351102 0.902023 0.251161 443.777
0.12299 -0.310342 0.942635 76.4644
0.928182 -0.299755 -0.220511 99.7886
0.351093 0.901806 0.25195 443.8
0.123335 -0.311275 0.942282 76.259
0.928092 -0.30074 -0.219548 99.819
0.351644 0.901802 0.251198 443.795
0.122443 -0.310337 0.942708 76.4621
0.927594 -0.3016 -0.220469 99.7757
0.352714 0.901514 0.250732 443.751
0.123135 -0.31034 0.942617 76.4024
0.927432 -0.30136 -0.221476 99.6738
0.352682 0.901781 0.249814 443.795
0.124439 -0.309796 0.942625 76.5863
0.927473 -0.301795 -0.220711 99.6154
0.352813 0.901831 0.249448 443.929
0.123762 -0.309226 0.942901 76.5834
0.927624 -0.300375 -0.22201 99.7451
0.351955 0.901939 0.250266 443.869
0.125066 -0.310291 0.942379 76.5676
0.927726 -0.2992 -0.223168 99.7284
0.351327 0.901886 0.251338 443.805
0.126072 -0.311578 0.94182 76.6424
0.927752 -0.299319 -0.2229 99.7213
0.351394 0.90178 0.251626 443.955
0.12569 -0.311772 0.941807 76.3588
0.928166 -0.299052 -0.221529 99.6717
0.350644 0.902178 0.251244 443.937
0.124724 -0.310874 0.942232 76.7309
0.92837 -0.297949 -0.222162 99.6622
0.349979 0.902008 0.252778 443.931
0.125077 -0.312424 0.941673 76.7125
0.928395 -0.298135 -0.221805 99.6041
0.34997 0.90217 0.252212 443.929
0.124912 -0.311778 0.941908 76.7863
0.928379 -0.298862 -0.220894 99.6065
0.350286 0.902252 0.251476 444.005
0.124145 -0.310841 0.942319 76.6754
0.928436 -0.298262 -0.221465 99.6263
