0.934929 -0.0730509 -0.347233 107.328
0.28516 0.737044 0.61274 434.097
0.211165 -0.671885 0.709915 61.9647
0.934929 -0.0730509 -0.347233 107.328
0.28516 0.737044 0.61274 434.097
0.211165 -0.671885 0.709915 61.9647
0.935314 -0.0730626 -0.346194 107.178
0.284574 0.736767 0.613345 434.223
0.210252 -0.672187 0.7099 61.9038
0.93512 -0.0730818 -0.346713 107.321
0.285081 0.73628 0.613695 434.168
0.210428 -0.672719 0.709344 61.7332
0.935574 -0.0734345 -0.34541 107.232
0.284459 0.736314 0.613942 434.16
0.209245 -0.672644 0.709765 61.8776
0.93564 -0.0729721 -0.345331 107.272
0.284476 0.735061 0.615433 434.124
0.20893 -0.674062 0.708511 61.633
0.935383 -0.0720589 -0.346218 107.31
0.28439 0.735183 0.615327 434.186
0.210194 -0.674027 0.708171 61.8404
0.935138 -0.071592 -0.346975 107.174
0.284874 0.734197 0.61628 434.127
0.210628 -0.675151 0.70697 61.8157
0.934215 -0.0708096 -0.349611 107.316
0.286217 0.733735 0.616208 434.184
0.212888 -0.675736 0.705734 61.8016
0.934419 -0.0689732 -0.349434 107.176
0.285286 0.732307 0.618335 434.205
0.213244 -0.677473 0.703958 61.9121
0.934672 -0.0669675 -0.349146 107.302
0.284037 0.731292 0.620109 434.187
0.2138 -0.678769 0.70254 61.9913
0.934644 -0.0661443 -0.34938 107.304
0.283791 0.730771 0.620836 434.262
0.214252 -0.679411 0.701781 61.917
0.934977 -0.0647924 -0.34874 107.278
0.282881 0.729367 0.622899 434.242
0.214 -0.681048 0.70027 61.8157
0.934538 -0.0635806 -0.350136 107.256
0.283298 0.728364 0.623881 434.2
0.21536 -0.682234 0.698697 61.9245
0.934265 -0.0620489 -0.351139 107.347
0.283342 0.727037 0.625407 434.214
0.216485 -0.683789 0.696826 61.9189
0.934081 -0.0618356 -0.351665 107.271
0.283762 0.726364 0.625999 434.261
0.216728 -0.684523 0.69603 61.9565
0.933866 -0.061228 -0.352342 107.205
0.284063 0.72554 0.626817 434.258
0.217259 -0.685451 0.69495 62.0545
0.933383 -0.060381 -0.353767 107.182
0.284674 0.724817 0.627377 434.269
0.218534 -0.686291 0.69372 61.9962
0.932836 -0.0603646 -0.355209 107.153
0.285804 0.72428 0.627483 434.382
0.219393 -0.686859 0.692886 61.8293
0.932583 -0.0585954 -0.356167 107.247
0.285739 0.722753 0.62927 434.251
0.220549 -0.688618 0.690771 61.8748
0.932341 -0.0572075 -0.357026 107.286
0.285972 0.72091 0.631276 434.231
0.22127 -0.690663 0.688494 61.8775
0.931851 -0.0566643 -0.358389 107.267
0.287422 0.718123 0.633789 434.277
0.221454 -0.693605 0.68547 61.6628
0.931363 -0.05519 -0.359886 107.211
0.287367 0.718381 0.633522 434.311
0.223571 -0.693458 0.684933 61.9245
0.930997 -0.0544957 -0.360937 107.151
0.287907 0.717481 0.634295 434.373
0.224399 -0.694443 0.683662 62.0629
0.930485 -0.0524157 -0.36256 107.252
0.288316 0.715338 0.636526 434.342
0.225989 -0.69681 0.680724 61.9941
0.930534 -0.0532914 -0.362307 107.322
0.28873 0.715333 0.636343 434.395
0.225259 -0.696748 0.681029 61.9568
0.930663 -0.0526521 -0.362069 107.291
0.288359 0.714655 0.637273 434.351
0.225201 -0.697492 0.680286 61.8333
0.930391 -0.0520836 -0.36285 107.173
0.288745 0.713943 0.637896 434.404
0.225831 -0.698264 0.679285 61.8104
0.930039 -0.0506513 -0.363952 107.277
0.288708 0.713442 0.638473 434.473
0.227319 -0.698881 0.678153 61.8455
0.930173 -0.0511793 -0.363536 107.209
0.288991 0.712775 0.63909 434.457
0.226411 -0.699523 0.677794 61.8977
0.930418 -0.0505194 -0.363001 107.124
0.288483 0.711849 0.64035 434.46
0.226052 -0.700513 0.676891 61.9184
0.9303 -0.0496108 -0.363429 107.234
0.28815 0.711921 0.64042 434.422
0.226961 -0.700505 0.676596 61.9096
0.93059 -0.0503117 -0.362588 107.132
0.288183 0.71147 0.640906 434.474
0.225726 -0.700913 0.676586 61.8656
0.930854 -0.0506267 -0.361867 107.124
0.287746 0.711936 0.640585 434.549
0.225196 -0.700417 0.677276 61.9986
0.931075 -0.0507616 -0.361278 107.075
0.287682 0.711153 0.641483 434.457
0.224362 -0.701202 0.67674 61.9244
0.930671 -0.0506737 -0.36233 107.116
0.287981 0.712293 0.640083 434.541
0.22565 -0.700051 0.677504 62.3001
0.931016 -0.0511141 -0.361382 106.953
0.287675 0.712128 0.640404 434.509
0.224616 -0.700187 0.677706 62.2611
0.931275 -0.0522346 -0.360554 106.975
0.287891 0.712005 0.640443 434.585
0.223263 -0.700229 0.67811 62.02
0.931397 -0.0522145 -0.36024 107.09
0.287498 0.712519 0.640049 434.56
0.223258 -0.699708 0.678649 62.1687
0.931835 -0.0527562 -0.359027 107.057
0.287226 0.711886 0.640874 434.578
0.221776 -0.700311 0.678513 62.1827
0.931612 -0.0513235 -0.359813 107.075
0.287229 0.710575 0.642326 434.551
0.222707 -0.701748 0.676721 62.1947
0.93177 -0.0515606 -0.35937 106.936
0.28656 0.712217 0.640804 434.642
0.222909 -0.700063 0.678398 62.6483
0.931866 -0.0518277 -0.359082 106.988
0.286938 0.710964 0.642026 434.653
0.22202 -0.701316 0.677394 62.3588
0.931221 -0.0503207 -0.360965 106.977
0.28729 0.710785 0.642066 434.643
0.22426 -0.701607 0.676354 62.4867
0.93113 -0.050344 -0.361195 106.964
0.287716 0.709998 0.642746 434.658
0.224089 -0.702402 0.675585 62.2868
0.930964 -0.050239 -0.361638 107.025
0.287974 0.709928 0.642708 434.673
0.224448 -0.70248 0.675385 62.4192
0.930637 -0.0502667 -0.362474 106.886
0.288636 0.70972 0.642641 434.702
0.224951 -0.702689 0.675 62.5066
0.930412 -0.0491972 -0.363199 106.95
0.289046 0.707791 0.64458 434.7
0.225357 -0.704707 0.672758 62.6325
0.930436 -0.0474371 -0.363372 106.812
0.288288 0.706903 0.645894 434.686
0.226229 -0.705718 0.671403 62.9153
0.93033 -0.0469454 -0.363705 106.771
0.288544 0.705813 0.64697 434.754
0.226336 -0.706841 0.670185 62.7555
0.92939 -0.0453513 -0.366303 106.848
0.289906 0.70394 0.648401 434.776
0.22845 -0.70881 0.667382 62.6578
0.929114 -0.043777 -0.367192 106.887
0.290308 0.701418 0.650948 434.692
0.229059 -0.711404 0.664406 62.6449
0.928566 -0.0446932 -0.368466 106.766
0.291371 0.702745 0.64904 434.692
0.22993 -0.710037 0.665568 62.9096
0.928709 -0.0449431 -0.368076 106.757
0.29109 0.703277 0.648589 434.774
0.22971 -0.709494 0.666222 62.7706
0.928216 -0.0442502 -0.3694 106.857
0.291561 0.703275 0.64838 434.859
0.231099 -0.709539 0.665693 62.7415
0.928369 -0.043858 -0.369062 106.777
0.291371 0.702342 0.649475 434.795
0.230723 -0.710487 0.664812 62.7389
0.928123 -0.0448359 -0.369564 106.727
0.292068 0.703248 0.648181 434.856
0.230833 -0.709529 0.665796 62.7253
0.928271 -0.0443034 -0.369256 106.696
0.291552 0.7031 0.648574 434.825
0.23089 -0.70971 0.665584 62.9194
0.928424 -0.0449823 -0.36879 106.619
0.291669 0.703106 0.648514 434.87
0.230127 -0.70966 0.665901 62.8486
0.928015 -0.0452137 -0.369788 106.711
0.292418 0.703413 0.647844 434.95
0.230822 -0.709342 0.666 62.9177
0.927976 -0.0446194 -0.369958 106.621
0.292337 0.702833 0.64851 435.01
0.231082 -0.709954 0.665256 62.817
0.928363 -0.0433262 -0.369141 106.673
0.291112 0.702239 0.649703 434.868
0.231076 -0.710622 0.664545 62.9048
0.928266 -0.0439473 -0.369312 106.734
0.291334 0.703175 0.64859 435
0.231187 -0.709657 0.665537 62.8086
0.927972 -0.0420536 -0.37027 106.595
0.291148 0.701998 0.649947 434.98
0.232596 -0.710936 0.663678 62.9515
0.927661 -0.0413607 -0.371126 106.59
0.291495 0.70139 0.650448 435.05
0.233401 -0.711576 0.662709 62.9328
0.927014 -0.038282 -0.373066 106.636
0.291542 0.699292 0.652682 435.09
0.235896 -0.71381 0.659415 63.0315
0.926384 -0.0360391 -0.374853 106.7
0.292257 0.696545 0.655294 435.06
0.237486 -0.716607 0.655801 62.9438
0.926073 -0.0363458 -0.37559 106.65
0.293022 0.696408 0.655098 435.083
0.237754 -0.716725 0.655575 62.9103
0.925454 -0.0362369 -0.377124 106.572
0.293808 0.697093 0.654017 435.116
0.239191 -0.716065 0.655774 63.1086
0.925365 -0.0368359 -0.377283 106.514
0.294503 0.69651 0.654326 435.164
0.238678 -0.716601 0.655374 63.1112
0.92479 -0.0352213 -0.378843 106.448
0.295146 0.694767 0.655886 435.132
0.240107 -0.718372 0.65291 63.1966
0.924229 -0.0341954 -0.380304 106.48
0.296008 0.69332 0.657029 435.256
0.241205 -0.719818 0.650908 63.1636
0.922951 -0.0293023 -0.3838 106.42
0.29789 0.685838 0.663994 435.189
0.243768 -0.727164 0.641724 63.2691
0.921345 -0.027912 -0.387744 106.317
0.301594 0.680659 0.66764 435.215
0.245286 -0.732068 0.63554 63.2871
0.920467 -0.0299224 -0.389674 106.471
0.303756 0.68215 0.665135 435.157
0.245914 -0.7306 0.636985 63.2016
0.919496 -0.0316675 -0.391823 106.512
0.306337 0.682358 0.663736 435.209
0.246345 -0.730332 0.637126 63.1344
0.918403 -0.0304784 -0.39447 106.557
0.308268 0.680098 0.66516 435.115
0.248005 -0.732488 0.633999 63.3423
0.916336 -0.0278644 -0.399438 106.467
0.313422 0.670737 0.67222 435.145
0.249187 -0.741172 0.623354 63.17
0.914465 -0.0279781 -0.403697 106.45
0.318275 0.665822 0.67482 435.227
0.24991 -0.745586 0.617776 63.1446
0.913915 -0.0289044 -0.404874 106.333
0.31881 0.668495 0.671919 435.263
0.251235 -0.743155 0.620163 63.4056
0.913094 -0.028123 -0.406779 106.299
0.320645 0.665801 0.673718 435.136
0.251887 -0.745599 0.616956 63.481
0.912437 -0.0270102 -0.408324 106.258
0.321204 0.665515 0.673735 435.234
0.253548 -0.745896 0.615916 63.5188
0.91267 -0.0259093 -0.407875 106.278
0.320246 0.665381 0.674322 435.217
0.253921 -0.746054 0.615571 63.5452
0.912389 -0.024035 -0.408618 106.253
0.31975 0.665098 0.674837 435.152
0.255551 -0.746369 0.614513 63.4844
0.912577 -0.0245117 -0.408169 106.169
0.319511 0.665673 0.674383 435.262
0.255176 -0.745841 0.61531 63.5914
0.912352 -0.0240664 -0.408698 106.259
0.319967 0.66469 0.675135 435.342
0.255409 -0.746731 0.614132 63.4877
0.912208 -0.0225166 -0.409109 106.232
0.319582 0.663953 0.676043 435.433
0.256407 -0.747435 0.612859 63.6021
0.911573 -0.0209843 -0.410601 106.16
0.320016 0.663204 0.676572 435.373
0.258115 -0.748145 0.611274 63.6877
0.91189 -0.0218134 -0.409855 106.1
0.319904 0.663382 0.676451 435.415
0.257135 -0.747963 0.611909 63.6391
0.911898 -0.0209779 -0.409881 106.035
0.319394 0.663448 0.676627 435.33
0.257741 -0.747928 0.611697 63.7384
0.911869 -0.0221568 -0.409884 106.019
0.319831 0.664261 0.675622 435.471
0.2573 -0.747172 0.612805 63.605
0.912301 -0.0223263 -0.408911 105.979
0.318675 0.665827 0.674627 435.402
0.257202 -0.745772 0.614549 63.8795
0.912883 -0.0241824 -0.407504 105.995
0.317951 0.668204 0.672615 435.425
0.256031 -0.743585 0.617681 63.7619
0.914281 -0.0298627 -0.403978 105.806
0.316872 0.674 0.66732 435.494
0.252353 -0.738128 0.625688 63.8447
0.914733 -0.0317198 -0.402812 105.866
0.31657 0.675768 0.665674 435.547
0.251092 -0.736432 0.628188 63.8547
0.915061 -0.0344892 -0.401838 105.735
0.31675 0.678221 0.663088 435.654
0.249666 -0.734048 0.631538 64.0232
0.914971 -0.0350675 -0.401992 105.686
0.31673 0.679666 0.661616 435.636
0.250019 -0.732683 0.632982 64.0182
0.915345 -0.0366039 -0.401003 105.687
0.316895 0.679903 0.661294 435.572
0.248437 -0.732388 0.633946 63.9744
0.91525 -0.0361035 -0.401266 105.671
0.31691 0.679497 0.661704 435.637
0.248769 -0.73279 0.633351 64.0495
0.915308 -0.035783 -0.401162 105.561
0.316698 0.679309 0.661998 435.693
0.248825 -0.732979 0.63311 64.0679
0.914549 -0.0343492 -0.403015 105.568
0.317437 0.678448 0.662526 435.712
0.250667 -0.733845 0.631378 64.0429
0.914368 -0.0339696 -0.403456 105.549
0.317709 0.677895 0.662962 435.695
0.25098 -0.734373 0.630639 64.0306
0.914622 -0.0339542 -0.402882 105.611
0.31737 0.677644 0.663381 435.645
0.250486 -0.734606 0.630564 64.1902
0.914306 -0.0333371 -0.403649 105.472
0.317827 0.67681 0.664014 435.669
0.251057 -0.735403 0.629407 63.8982
0.914225 -0.0327571 -0.403881 105.549
0.317721 0.676558 0.664321 435.665
0.251488 -0.735661 0.628934 63.9656
0.913903 -0.0316211 -0.404698 105.408
0.317718 0.676244 0.664642 435.638
0.252658 -0.735999 0.628068 64.2969
0.913799 -0.0318075 -0.40492 105.48
0.317829 0.676726 0.664098 435.691
0.252896 -0.735547 0.628501 64.3414
0.914412 -0.0322014 -0.403503 105.438
0.317294 0.675993 0.6651 435.683
0.251348 -0.736204 0.628354 64.1236
0.914507 -0.0334551 -0.403183 105.362
0.317582 0.676753 0.664189 435.738
0.250635 -0.73545 0.62952 64.0707
0.914544 -0.0342596 -0.403032 105.351
0.317578 0.677912 0.663008 435.754
0.250506 -0.734345 0.63086 64.1843
0.913653 -0.0355248 -0.40494 105.305
0.319299 0.679222 0.660837 435.784
0.251568 -0.733073 0.631916 64.4619
0.914147 -0.0371642 -0.403677 105.102
0.318962 0.68053 0.659653 435.885
0.250199 -0.731777 0.633958 64.3964
0.914009 -0.0392511 -0.403792 105.065
0.319718 0.682381 0.657371 435.954
0.249737 -0.729942 0.636252 64.4849
0.9143 -0.0427287 -0.402778 104.915
0.320303 0.684938 0.65442 436.082
0.247916 -0.727348 0.639925 64.5019
0.913691 -0.0425793 -0.404173 104.966
0.320978 0.685604 0.653391 436.073
0.249282 -0.726728 0.640098 64.6502
0.913924 -0.0449016 -0.403393 104.818
0.321378 0.687089 0.651633 436.03
0.247908 -0.725185 0.642378 64.8723
0.913962 -0.0468477 -0.403087 104.771
0.322303 0.687345 0.650905 436.066
0.246567 -0.724819 0.643306 64.6566
0.913954 -0.0518103 -0.402497 104.699
0.323911 0.690637 0.646608 436.14
0.244478 -0.721343 0.647993 64.5649
0.914192 -0.0540867 -0.401655 104.658
0.323993 0.692921 0.644119 436.049
0.243477 -0.718982 0.650987 64.8745
0.914128 -0.055725 -0.401578 104.679
0.324958 0.692996 0.643551 436.086
0.24243 -0.718784 0.651596 64.7063
0.913543 -0.058917 -0.402453 104.538
0.326757 0.695529 0.639897 436.145
0.242217 -0.716078 0.654647 64.919
0.912798 -0.0596465 -0.404032 104.51
0.327737 0.697272 0.637495 436.287
0.243695 -0.714321 0.656017 64.8333
0.912635 -0.0622269 -0.404012 104.496
0.328696 0.699281 0.634795 436.258
0.243017 -0.712133 0.658642 64.7548
0.913075 -0.0642284 -0.402701 104.432
0.328867 0.699887 0.634038 436.302
0.241122 -0.711359 0.660173 64.9258
0.913334 -0.0652393 -0.401951 104.358
0.32893 0.700089 0.633783 436.31
0.240054 -0.71107 0.660874 64.8578
0.913193 -0.0653798 -0.402248 104.276
0.32905 0.700611 0.633143 436.345
0.240425 -0.710542 0.661306 65.0193
0.912693 -0.0647881 -0.403476 104.324
0.329667 0.700179 0.6333 436.343
0.241476 -0.711021 0.660408 64.9514
0.912913 -0.0654634 -0.402871 104.167
0.32948 0.700777 0.632736 436.341
0.240902 -0.71037 0.661317 65.316
0.913102 -0.0650202 -0.402514 104.196
0.329356 0.699567 0.634138 436.359
0.240354 -0.711603 0.66019 65.1228
0.913116 -0.0648478 -0.40251 104.1
0.329181 0.699746 0.634031 436.406
0.240539 -0.711443 0.660296 65.329
0.912923 -0.0655423 -0.402834 104.116
0.330028 0.699232 0.634158 436.412
0.24011 -0.711884 0.659976 65.2574
0.912546 -0.0648008 -0.403809 104.006
0.330477 0.698493 0.634738 436.454
0.240926 -0.712677 0.658822 65.2116
0.912392 -0.0630928 -0.404425 104.045
0.330003 0.69792 0.635614 436.4
0.242153 -0.713391 0.657598 65.4306
0.912365 -0.0628526 -0.404524 104.002
0.329894 0.69799 0.635595 436.42
0.242405 -0.713344 0.657556 65.4497
0.911734 -0.0599109 -0.406389 103.889
0.329809 0.696524 0.637244 436.51
0.244882 -0.715028 0.654804 65.3002
0.912077 -0.0605633 -0.40552 103.887
0.329549 0.696731 0.637152 436.51
0.243951 -0.714771 0.655432 65.3271
0.911878 -0.0600745 -0.406041 103.85
0.329576 0.696801 0.637062 436.484
0.244658 -0.714744 0.655197 65.5476
0.911976 -0.0607022 -0.405728 103.884
0.329686 0.697015 0.636771 436.517
0.244145 -0.714482 0.655674 65.4436
0.911745 -0.05845 -0.406576 103.864
0.329049 0.696396 0.637776 436.547
0.24586 -0.715273 0.654169 65.4944
0.911671 -0.05743 -0.406888 103.846
0.328796 0.695871 0.63848 436.586
0.246474 -0.715867 0.653288 65.5028
0.911534 -0.0596826 -0.406872 103.803
0.329891 0.696843 0.636853 436.559
0.245516 -0.714737 0.654884 65.5768
0.911522 -0.0608872 -0.406719 103.669
0.330034 0.698364 0.63511 436.6
0.245368 -0.713148 0.656669 65.6819
0.91132 -0.0601331 -0.407284 103.8
0.330156 0.697747 0.635725 436.515
0.245953 -0.713816 0.655724 65.7958
0.911391 -0.0611729 -0.406969 103.758
0.330561 0.697871 0.635378 436.631
0.245144 -0.713606 0.656255 65.5251
0.911402 -0.061401 -0.406911 103.723
0.33036 0.698761 0.634504 436.7
0.245374 -0.712715 0.657137 65.8286
0.911755 -0.0627079 -0.405919 103.634
0.330489 0.69882 0.634372 436.692
0.243884 -0.712543 0.657877 65.7562
0.911895 -0.0618137 -0.405741 103.708
0.329962 0.69832 0.635196 436.585
0.244073 -0.713111 0.657191 65.6302
0.911728 -0.0635773 -0.405844 103.599
0.330582 0.700029 0.632989 436.774
0.243859 -0.711278 0.659254 65.7594
0.911941 -0.0628209 -0.405483 103.526
0.329796 0.70017 0.633243 436.833
0.244126 -0.711207 0.659232 65.8907
0.911985 -0.062417 -0.405448 103.528
0.329605 0.699899 0.633642 436.825
0.244222 -0.71151 0.65887 65.7761
0.912952 -0.0661695 -0.402666 103.374
0.329087 0.702857 0.63063 436.772
0.241288 -0.708247 0.66345 66.0145
0.912463 -0.0688164 -0.40333 103.428
0.330385 0.705422 0.627077 436.828
0.241365 -0.705439 0.666407 66.0075
0.912694 -0.0730895 -0.402055 103.333
0.331269 0.708419 0.62322 436.827
0.239273 -0.701997 0.670782 66.0593
0.91312 -0.0781091 -0.400139 103.205
0.332011 0.712064 0.618654 436.881
0.236602 -0.697756 0.676133 66.0638
0.913264 -0.0842015 -0.398571 103.214
0.333528 0.716319 0.6129 436.998
0.233897 -0.692674 0.682272 66.0662
0.913384 -0.0861825 -0.397873 103.117
0.333729 0.718223 0.610558 437.021
0.233142 -0.690455 0.684775 66.0789
0.913959 -0.088709 -0.395991 103
0.333457 0.720287 0.60827 436.983
0.231268 -0.68798 0.687894 66.2133
0.914308 -0.0908327 -0.394703 102.93
0.333443 0.721995 0.60625 437.032
0.229906 -0.68591 0.690413 66.3483
0.915132 -0.0943279 -0.391964 102.815
0.333156 0.724433 0.603493 437.064
0.227026 -0.682861 0.694378 66.7119
0.915407 -0.0958213 -0.390958 102.631
0.332737 0.726718 0.600971 437.186
0.226531 -0.680219 0.697126 66.6801
0.915976 -0.0977774 -0.389136 102.677
0.332078 0.729077 0.598474 437.167
0.225193 -0.677412 0.700287 66.6659
0.916037 -0.0990251 -0.388677 102.544
0.332145 0.73051 0.596687 437.261
0.224845 -0.675684 0.702065 66.6029
0.916583 -0.100065 -0.387122 102.437
0.331707 0.7309 0.596452 437.202
0.223263 -0.675109 0.703123 66.5063
0.916869 -0.101164 -0.386156 102.579
0.330913 0.733657 0.593501 437.191
0.223265 -0.671947 0.706145 66.6099
0.917215 -0.103396 -0.384742 102.504
0.330241 0.737509 0.589086 437.188
0.222842 -0.667375 0.710599 66.6098
0.917255 -0.104259 -0.384414 102.478
0.330168 0.738865 0.587425 437.178
0.222785 -0.66574 0.71215 66.6536
0.918229 -0.107485 -0.381186 102.364
0.329457 0.741459 0.584548 437.311
0.219804 -0.662333 0.716241 66.7929
0.918996 -0.110163 -0.378564 102.266
0.329183 0.742837 0.582951 437.361
0.216992 -0.660347 0.718928 66.7413
0.919764 -0.113382 -0.375738 102.092
0.328668 0.745757 0.579503 437.493
0.214504 -0.656499 0.723185 66.8579
0.919825 -0.113258 -0.375627 101.938
0.328339 0.746284 0.579011 437.391
0.214747 -0.655922 0.723637 67.2472
0.920107 -0.114989 -0.374407 102.036
0.328614 0.746776 0.57822 437.455
0.213109 -0.65506 0.724901 67.0427
0.920445 -0.117107 -0.372918 101.97
0.328938 0.747439 0.577178 437.43
0.211142 -0.653927 0.726497 67.0991
0.920549 -0.118171 -0.372325 101.969
0.329026 0.748317 0.575989 437.383
0.210552 -0.652731 0.727743 67.2505
0.921691 -0.124975 -0.367242 101.99
0.329446 0.75201 0.570917 437.287
0.204819 -0.647196 0.734293 67.0907
0.92197 -0.129054 -0.365124 101.97
0.330041 0.755087 0.566494 437.3
0.202592 -0.642797 0.738762 66.9281
0.921489 -0.130529 -0.365813 102.037
0.330945 0.756861 0.563593 437.352
0.203305 -0.640409 0.740637 66.8933
0.921251 -0.132971 -0.365533 101.946
0.3321 0.758129 0.561205 437.457
0.202498 -0.638404 0.742587 66.8944
0.920916 -0.135513 -0.365444 101.903
0.333529 0.759135 0.558992 437.437
0.201671 -0.636671 0.744298 66.8425
0.920709 -0.136161 -0.365726 102.029
0.333847 0.760121 0.55746 437.346
0.202091 -0.635355 0.745307 66.9154
0.921704 -0.139768 -0.361838 101.893
0.332796 0.764153 0.552555 437.392
0.19927 -0.62971 0.750837 67.2196
0.92186 -0.140908 -0.360996 101.918
0.332767 0.765231 0.551079 437.44
0.198594 -0.628146 0.752325 67.0447
0.922028 -0.142721 -0.359854 101.974
0.333088 0.766169 0.549579 437.372
0.197273 -0.62659 0.753968 66.8804
0.921855 -0.142868 -0.360238 101.922
0.333029 0.767414 0.547875 437.32
0.198178 -0.625032 0.755024 66.8231
0.921991 -0.145523 -0.358826 101.888
0.333308 0.769917 0.544181 437.388
0.197075 -0.62133 0.758361 66.9576
0.921632 -0.150117 -0.357854 101.928
0.334887 0.77359 0.537967 437.328
0.196074 -0.615649 0.763238 66.8885
0.921714 -0.150066 -0.357664 101.905
0.334783 0.773454 0.538228 437.27
0.195867 -0.615832 0.763143 66.787
0.921712 -0.152454 -0.356659 101.849
0.335479 0.774865 0.53576 437.25
0.194684 -0.613468 0.765347 66.8538
0.922015 -0.155342 -0.354623 101.951
0.335133 0.77885 0.530168 437.281
0.193841 -0.607669 0.770172 66.9834
0.922534 -0.159265 -0.35152 101.975
0.334994 0.782715 0.524534 437.271
0.1916 -0.601658 0.775434 67.2535
0.922763 -0.160732 -0.350248 101.878
0.335438 0.782425 0.524683 437.232
0.18971 -0.601645 0.775908 66.7671
0.922798 -0.163292 -0.34897 101.907
0.335753 0.785091 0.520483 437.293
0.188983 -0.597468 0.779306 66.8535
0.922483 -0.166698 -0.34819 101.977
0.336602 0.788942 0.514071 437.204
0.189007 -0.591423 0.783897 66.9963
0.922278 -0.170722 -0.34678 101.935
0.3378 0.792061 0.508458 437.155
0.187866 -0.586083 0.788171 67.0456
0.922096 -0.173104 -0.346084 101.916
0.338951 0.792789 0.506555 437.245
0.186684 -0.584398 0.789701 66.7517
0.921949 -0.175086 -0.345477 101.867
0.339506 0.794618 0.503306 437.226
0.1864 -0.581314 0.792041 66.856
0.922176 -0.17712 -0.343831 101.944
0.339732 0.795846 0.50121 437.113
0.184862 -0.579015 0.794083 66.9894
0.921987 -0.181736 -0.341922 101.93
0.341206 0.798794 0.495486 437.143
0.183078 -0.573498 0.798488 66.8697
0.922674 -0.187667 -0.33683 101.846
0.341714 0.80266 0.488845 437.185
0.17862 -0.566144 0.804721 67.0912
0.922823 -0.188782 -0.335795 101.876
0.341717 0.80358 0.487329 437.109
0.177839 -0.564465 0.806072 66.8929
0.923315 -0.194757 -0.330997 101.872
0.341851 0.809542 0.477262 437.061
0.175006 -0.553815 0.81404 67.1901
0.923587 -0.200125 -0.327013 101.903
0.342787 0.813063 0.470559 437.077
0.171712 -0.546698 0.819534 67.0257
0.923688 -0.202507 -0.325257 102.022
0.343302 0.814381 0.467896 436.933
0.170131 -0.543852 0.821755 67.1728
0.923079 -0.205743 -0.324953 101.979
0.344954 0.816529 0.462912 436.916
0.170093 -0.539398 0.824693 67.0623
0.923069 -0.205465 -0.325157 101.947
0.344665 0.817092 0.462133 436.896
0.170731 -0.538651 0.825049 67.0739
0.923466 -0.20994 -0.321146 101.89
0.345004 0.820592 0.455633 436.893
0.167874 -0.531559 0.830219 66.9673
0.923473 -0.213149 -0.319006 101.938
0.345643 0.823082 0.450628 436.913
0.166517 -0.526406 0.833768 66.9227
0.923098 -0.214025 -0.319505 101.86
0.34627 0.824004 0.448458 436.924
0.167292 -0.524606 0.834747 67.1217
0.923173 -0.215977 -0.317971 101.894
0.346599 0.825381 0.445663 436.802
0.166195 -0.521632 0.836827 67.0744
0.922826 -0.218345 -0.31736 101.846
0.34739 0.827727 0.440668 436.868
0.16647 -0.516907 0.839699 67.0289
0.922993 -0.224479 -0.31256 101.847
0.347696 0.834533 0.42739 436.854
0.164902 -0.503154 0.848318 67.092
0.923072 -0.225221 -0.31179 101.863
0.347819 0.834836 0.426697 436.768
0.164192 -0.502319 0.84895 67.2158
0.922875 -0.226978 -0.3111 101.815
0.348648 0.83553 0.424658 436.777
0.163545 -0.500371 0.850225 67.0409
0.922301 -0.226943 -0.312821 101.879
0.34914 0.836353 0.42263 436.803
0.165716 -0.49901 0.850604 66.9305
0.922264 -0.226364 -0.31335 101.902
0.349095 0.835855 0.423649 436.719
0.166017 -0.500106 0.849902 66.9798
0.920865 -0.227194 -0.316845 101.96
0.351298 0.835993 0.421551 436.661
0.169106 -0.499498 0.84965 66.9643
0.919849 -0.228301 -0.318993 102.005
0.353207 0.835803 0.42033 436.557
0.170653 -0.499311 0.849451 66.5075
0.91954 -0.227658 -0.320341 102.042
0.353318 0.835822 0.4202 436.54
0.172086 -0.499573 0.849007 66.604
0.918872 -0.229251 -0.321121 101.972
0.354357 0.837413 0.416138 436.671
0.173511 -0.496169 0.850711 66.878
0.919672 -0.230744 -0.317742 101.942
0.353715 0.838204 0.41509 436.589
0.170553 -0.494137 0.852491 66.7125
0.920799 -0.232774 -0.312963 101.959
0.352266 0.840787 0.41108 436.553
0.167446 -0.488768 0.856194 67.0007
0.92242 -0.236118 -0.305597 101.982
0.350308 0.84467 0.404744 436.496
0.162561 -0.480397 0.861854 66.9454
0.923379 -0.237487 -0.301616 101.988
0.349028 0.846507 0.402003 436.502
0.159849 -0.476473 0.864536 66.6865
0.923984 -0.239704 -0.297987 102.089
0.348398 0.848934 0.397404 436.467
0.157712 -0.471013 0.867913 66.761
0.924393 -0.241646 -0.295136 102.055
0.348152 0.850629 0.39398 436.456
0.155848 -0.466944 0.870445 66.7999
0.924476 -0.243962 -0.292961 102.067
0.348738 0.851626 0.391299 436.51
0.154031 -0.463914 0.872387 66.7859
0.924656 -0.245411 -0.291178 102.131
0.348823 0.852578 0.389144 436.412
0.152751 -0.461394 0.873946 66.9435
0.925263 -0.249392 -0.285819 102.14
0.348952 0.855049 0.383566 436.361
0.148731 -0.454636 0.878171 66.8942
0.925373 -0.251178 -0.28389 102.194
0.349197 0.856243 0.38067 436.302
0.147463 -0.451395 0.880055 66.6909
0.925515 -0.25151 -0.283135 102.246
0.348763 0.857434 0.37838 436.286
0.147603 -0.448943 0.881285 66.7272
0.925293 -0.252095 -0.283338 102.309
0.349493 0.856894 0.378929 436.204
0.147265 -0.449645 0.880984 66.6536
0.924272 -0.25247 -0.286322 102.242
0.350917 0.857185 0.37695 436.343
0.150263 -0.448879 0.880868 66.8154
0.923626 -0.252922 -0.288004 102.415
0.352059 0.856902 0.376528 436.269
0.151558 -0.449165 0.8805 66.6293
0.923738 -0.254035 -0.28666 102.424
0.352217 0.857451 0.375128 436.202
0.150501 -0.447487 0.881536 66.769
0.924175 -0.255162 -0.284239 102.367
0.351865 0.85827 0.373582 436.256
0.14863 -0.445269 0.882975 66.7175
0.924705 -0.256232 -0.281543 102.291
0.351172 0.859666 0.371015 436.215
0.146967 -0.44195 0.884919 66.8367
0.925301 -0.257218 -0.278669 102.375
0.350356 0.861055 0.368559 436.24
0.145149 -0.438661 0.886853 66.8026
0.926556 -0.257423 -0.274276 102.311
0.348292 0.862528 0.367067 436.211
0.142079 -0.435636 0.888839 66.6795
0.92687 -0.258384 -0.272303 102.345
0.348101 0.863107 0.365884 436.216
0.140489 -0.433916 0.889932 66.7433
0.926414 -0.259773 -0.272535 102.259
0.349131 0.86368 0.363545 436.377
0.140944 -0.431943 0.89082 66.7173
0.926436 -0.261732 -0.270577 102.368
0.349783 0.864198 0.361683 436.248
0.139167 -0.429719 0.892174 66.8021
0.926449 -0.262648 -0.269644 102.376
0.350035 0.864587 0.360506 436.2
0.138445 -0.428375 0.892932 66.7683
0.926109 -0.26434 -0.26916 102.25
0.351036 0.865158 0.358156 436.19
0.138191 -0.426176 0.894023 66.8989
0.926162 -0.269516 -0.263789 102.278
0.352535 0.867175 0.351747 436.11
0.13395 -0.41877 0.898159 67.0337
0.926581 -0.269255 -0.262584 102.22
0.351492 0.868341 0.349909 436.122
0.133798 -0.416515 0.899229 66.9702
0.927132 -0.268899 -0.260999 102.298
0.34984 0.870713 0.345646 436.154
0.134311 -0.411767 0.901337 66.9724
0.927542 -0.269105 -0.259323 102.102
0.348911 0.872165 0.342913 436.307
0.133893 -0.408546 0.902864 67.1355
0.927725 -0.269675 -0.258073 102.057
0.348638 0.873012 0.341031 436.326
0.133333 -0.406357 0.903934 66.9739
0.929104 -0.273684 -0.248722 102.229
0.346623 0.878896 0.32771 436.394
0.128912 -0.390689 0.911451 67.3055
0.92974 -0.274407 -0.245528 102.136
0.345764 0.879904 0.325907 436.263
0.12661 -0.387904 0.912963 67.4256
0.929341 -0.274135 -0.247335 102.201
0.34625 0.879672 0.326018 436.327
0.128201 -0.388622 0.912435 67.2785
0.929135 -0.275463 -0.246634 102.103
0.347171 0.879452 0.325634 436.313
0.127203 -0.388182 0.912762 67.232
0.92907 -0.276158 -0.246103 102.132
0.34708 0.880901 0.321791 436.261
0.127927 -0.384384 0.914267 67.4017
0.929232 -0.277834 -0.243592 102.154
0.347087 0.882433 0.317558 436.315
0.126725 -0.379632 0.916417 67.2705
0.929828 -0.27844 -0.240606 101.987
0.346149 0.883701 0.315044 436.348
0.124903 -0.376222 0.918072 67.4734
0.930207 -0.280311 -0.23694 102.161
0.345665 0.886112 0.308742 436.371
0.123411 -0.369096 0.921161 67.5504
0.929833 -0.282771 -0.235479 102.115
0.347034 0.886669 0.30559 436.221
0.12238 -0.365867 0.922586 67.6429
0.929825 -0.284495 -0.233426 102.203
0.347827 0.886558 0.305011 436.038
0.120172 -0.364798 0.923299 67.4152
0.929405 -0.286121 -0.233114 102.296
0.348481 0.888336 0.299032 436.136
0.121524 -0.359157 0.925331 67.5706
0.929666 -0.289273 -0.228126 102.082
0.348685 0.890781 0.291425 436.173
0.11891 -0.350472 0.928994 67.6019
0.930077 -0.290829 -0.224445 102.098
0.348501 0.891758 0.288642 436.231
0.116205 -0.346678 0.930758 67.7295
0.929661 -0.293239 -0.223028 102.054
0.349941 0.892151 0.285672 436.205
0.115204 -0.343625 0.932014 67.575
0.930042 -0.294053 -0.220351 102.173
0.349538 0.892937 0.283702 436.167
0.113336 -0.340876 0.933252 67.8263
0.929823 -0.29494 -0.220089 102.149
0.349993 0.893552 0.281192 436.222
0.113726 -0.338489 0.934073 67.7967
0.929716 -0.294544 -0.221071 102.125
0.349831 0.893932 0.280186 436.164
0.115096 -0.337831 0.934143 67.6284
0.929327 -0.296111 -0.220613 102.079
0.350808 0.894489 0.27717 436.164
0.115262 -0.334975 0.935151 67.8394
0.928898 -0.299072 -0.218412 102.116
0.35256 0.894668 0.274355 436.132
0.113354 -0.331851 0.936496 67.7969
0.929371 -0.300366 -0.214594 102.093
0.352241 0.895485 0.27209 436.138
0.110439 -0.328462 0.938038 67.8357
0.929625 -0.300443 -0.213382 102.185
0.351868 0.895731 0.271762 436.124
0.109484 -0.327719 0.93841 67.7498
0.929516 -0.300945 -0.213147 102.126
0.352006 0.896369 0.269472 436.145
0.109962 -0.325508 0.939123 67.9484
0.929978 -0.30068 -0.211501 102.065
0.351101 0.896981 0.268612 436.196
0.108946 -0.324061 0.939742 67.9785
0.931002 -0.299598 -0.208511 102.014
0.349103 0.89766 0.268948 436.275
0.106596 -0.323183 0.940314 68.0731
0.93063 -0.300205 -0.209295 101.957
0.34939 0.898994 0.264077 436.369
0.108878 -0.318884 0.941519 68.457
0.930665 -0.30043 -0.208817 101.933
0.349416 0.899073 0.263772 436.436
0.108497 -0.318448 0.941711 68.2986
0.931376 -0.29791 -0.209256 101.843
0.347147 0.899896 0.263962 436.531
0.109671 -0.318491 0.94156 68.3341
0.93192 -0.296345 -0.209055 101.939
0.345694 0.90014 0.265037 436.413
0.109636 -0.319262 0.941303 68.3569
0.932531 -0.296448 -0.206166 101.937
0.344872 0.900394 0.265244 436.534
0.106999 -0.318449 0.941882 68.2889
0.932407 -0.296551 -0.206578 101.781
0.34499 0.900649 0.264224 436.61
0.107699 -0.317631 0.942078 68.2833
0.933068 -0.295414 -0.205219 101.762
0.343321 0.901617 0.263091 436.694
0.107309 -0.315938 0.942692 68.6386
0.933467 -0.295098 -0.203853 101.735
0.342566 0.901922 0.263029 436.739
0.10624 -0.315362 0.943006 68.7145
0.933533 -0.294343 -0.204644 101.632
0.34217 0.901874 0.26371 436.76
0.106942 -0.316205 0.942644 68.6526
0.933731 -0.294796 -0.20308 101.605
0.342007 0.902184 0.26286 436.831
0.105726 -0.314895 0.94322 68.901
0.93351 -0.294533 -0.204472 101.505
0.342178 0.902181 0.262648 436.963
0.107112 -0.315151 0.942978 68.8769
0.933792 -0.29388 -0.204123 101.51
0.341225 0.903074 0.260813 437.105
0.10769 -0.313197 0.943563 69.1818
0.933702 -0.29499 -0.202933 101.385
0.341867 0.902957 0.260374 437.163
0.106432 -0.312488 0.94394 69.2161
0.933439 -0.295095 -0.203987 101.272
0.341988 0.903711 0.257588 437.355
0.108332 -0.310203 0.944478 69.6348
0.933685 -0.2957 -0.201974 101.307
0.3419 0.903831 0.257283 437.439
0.106472 -0.309276 0.944993 69.6562
0.933702 -0.294396 -0.203791 101.311
0.341318 0.903791 0.258192 437.426
0.108174 -0.310632 0.944355 69.7
0.933612 -0.293877 -0.204953 101.298
0.341336 0.903414 0.259487 437.52
0.108901 -0.312218 0.943748 69.4476
0.933723 -0.293592 -0.204853 101.266
0.340985 0.903653 0.259115 437.571
0.109042 -0.311794 0.943872 69.5878
0.933704 -0.293706 -0.204778 101.295
0.341035 0.903725 0.258797 437.786
0.109053 -0.311476 0.943976 69.6551
0.934301 -0.29265 -0.203562 101.157
0.339709 0.904015 0.259529 437.882
0.108072 -0.31163 0.944038 70.0014
0.934428 -0.291569 -0.204527 101.146
0.339197 0.903644 0.261484 438.044
0.108579 -0.313712 0.94329 69.9067
0.93423 -0.291374 -0.205707 101.031
0.339329 0.903741 0.260977 438.29
0.109864 -0.313615 0.943173 70.2249
0.934061 -0.291713 -0.205995 101.077
0.339601 0.904004 0.259708 438.508
0.11046 -0.312539 0.943461 70.575
0.933876 -0.292099 -0.206285 101.069
0.340166 0.903548 0.260552 438.705
0.110281 -0.313495 0.943164 70.7657
0.933734 -0.291854 -0.207274 101.011
0.340082 0.903985 0.259145 438.957
0.11174 -0.312463 0.943335 70.8118
0.933679 -0.293442 -0.205269 100.814
0.340956 0.903706 0.258969 439.049
0.10951 -0.311782 0.943822 71.196
0.934384 -0.292724 -0.203072 100.735
0.339666 0.903925 0.259897 439.065
0.107483 -0.31182 0.944042 71.4704
0.934242 -0.291907 -0.204897 100.739
0.339476 0.903956 0.260039 439.197
0.109311 -0.312497 0.943608 71.3396
0.934449 -0.291039 -0.205187 100.646
0.339038 0.903349 0.262704 439.194
0.108898 -0.31505 0.942807 71.2974
0.934137 -0.291876 -0.205416 100.563
0.339664 0.903757 0.260484 439.273
0.109617 -0.3131 0.943373 71.6743
0.93382 -0.291281 -0.207692 100.413
0.340023 0.903124 0.262205 439.295
0.111196 -0.315472 0.942397 71.6501
0.933752 -0.290616 -0.208927 100.276
0.339956 0.902721 0.263676 439.425
0.111975 -0.317234 0.941713 71.6818
0.933496 -0.28866 -0.212744 100.237
0.339576 0.902229 0.265838 439.505
0.115206 -0.320402 0.94025 71.897
0.93328 -0.288661 -0.213691 100.222
0.340081 0.901579 0.267394 439.61
0.115473 -0.322226 0.939594 71.7374
0.933208 -0.288431 -0.214313 100.073
0.340301 0.900926 0.269308 439.704
0.115404 -0.324251 0.938905 71.7124
0.932622 -0.288746 -0.216432 100.055
0.341133 0.901041 0.26787 439.704
0.117668 -0.323654 0.93883 72.0352
0.932278 -0.288642 -0.218046 99.7841
0.34184 0.900137 0.269999 439.756
0.118338 -0.326251 0.937847 72.1074
0.932161 -0.289982 -0.216763 99.706
0.342557 0.900212 0.268835 439.843
0.117175 -0.324851 0.938479 72.2798
0.932147 -0.289892 -0.216944 99.7858
0.342509 0.900285 0.268655 439.864
0.11743 -0.324731 0.938488 72.2543
0.932406 -0.290051 -0.215616 99.6535
0.342169 0.900534 0.268251 439.948
0.116363 -0.323896 0.938909 72.3488
0.932035 -0.2908 -0.216208 99.5939
0.342939 0.900602 0.267038 440.088
0.117063 -0.323035 0.939119 72.5083
0.931849 -0.290562 -0.217328 99.5345
0.3431 0.900497 0.267185 440.251
0.11807 -0.323542 0.938819 72.6578
0.931992 -0.290538 -0.216746 99.4329
0.343009 0.900231 0.268194 440.312
0.117201 -0.324301 0.938666 72.5906
0.931615 -0.291589 -0.216953 99.3415
0.343804 0.900613 0.265887 440.4
0.117862 -0.322294 0.939274 72.9855
0.931723 -0.291355 -0.216805 99.2864
0.343536 0.9007 0.265939 440.425
0.117793 -0.322262 0.939293 73.0198
0.931733 -0.292549 -0.215149 99.2115
0.3441 0.900583 0.265604 440.51
0.116057 -0.321505 0.939769 73.1589
0.931766 -0.293067 -0.214299 99.2058
0.344361 0.900382 0.265946 440.509
0.115011 -0.321596 0.939866 73.2302
0.931729 -0.292913 -0.214669 99.2173
0.344471 0.900013 0.267051 440.573
0.114983 -0.322767 0.939468 73.1313
0.931812 -0.29197 -0.215593 99.1305
0.343757 0.900547 0.266168 440.687
0.116439 -0.32213 0.939508 73.4193
0.931693 -0.292122 -0.215898 99.2479
0.344186 0.899951 0.267626 440.632
0.116118 -0.323654 0.939023 73.3295
0.93116 -0.293325 -0.216566 99.1777
0.34532 0.900113 0.265614 440.8
0.117023 -0.322114 0.93944 73.5366
0.930696 -0.29338 -0.218481 99.1354
0.345879 0.9002 0.26459 440.888
0.119051 -0.321821 0.939286 73.7121
0.930903 -0.293333 -0.21766 99.158
0.345594 0.900234 0.264846 440.993
0.118257 -0.321767 0.939405 73.912
0.931119 -0.29377 -0.216138 99.3188
0.345709 0.899725 0.266421 440.937
0.116199 -0.322791 0.93931 73.6522
0.931174 -0.292894 -0.217092 99.3208
0.345147 0.900015 0.26617 440.999
0.117427 -0.322779 0.939162 73.7978
0.930944 -0.293762 -0.216904 99.2054
0.345886 0.899821 0.265866 441.113
0.117074 -0.32253 0.939291 73.6684
0.930758 -0.294007 -0.217369 99.2651
0.34624 0.899773 0.265569 441.168
0.117504 -0.322442 0.939268 73.8628
0.93065 -0.293632 -0.218336 99.2581
0.346255 0.899634 0.26602 441.185
0.118311 -0.323172 0.938916 73.8198
0.930952 -0.292563 -0.218483 99.2935
0.345156 0.900324 0.265112 441.28
0.119144 -0.322217 0.939138 74.0008
0.931084 -0.292647 -0.217808 99.3498
0.345155 0.899995 0.266229 441.255
0.118115 -0.323059 0.938979 73.927
0.931441 -0.292338 -0.216693 99.4377
0.344531 0.900125 0.266596 441.348
0.117114 -0.322975 0.939133 73.8882
0.931653 -0.291938 -0.21632 99.3939
0.343951 0.900513 0.266034 441.437
0.117134 -0.322255 0.939378 74.1102
0.931652 -0.29171 -0.216631 99.5693
0.343781 0.900702 0.265615 441.534
0.117638 -0.321934 0.939425 74.1712
0.931369 -0.291316 -0.218373 99.7845
0.343896 0.900848 0.26497 441.586
0.119531 -0.321882 0.939204 74.2295
0.931502 -0.290957 -0.218285 99.7716
0.343483 0.901088 0.264687 441.662
0.119681 -0.321534 0.939304 74.4852
0.931377 -0.290372 -0.219593 99.8977
0.343325 0.901207 0.264489 441.764
0.121099 -0.321731 0.939055 74.4412
0.930827 -0.290896 -0.221223 99.9295
0.344314 0.900962 0.264035 441.81
0.122507 -0.321941 0.9388 74.352
0.930595 -0.290015 -0.223348 99.9446
0.344225 0.90087 0.264468 441.841
0.124508 -0.322994 0.938175 74.3882
0.930352 -0.290713 -0.223454 100.041
0.344809 0.900927 0.263509 442.042
0.12471 -0.322205 0.93842 74.4517
0.929476 -0.29291 -0.224228 100.089
0.347027 0.900443 0.262249 442.143
0.12509 -0.321567 0.938588 74.5064
0.928347 -0.295352 -0.225697 100.124
0.349472 0.900379 0.259204 442.417
0.126656 -0.319506 0.939082 75.0728
0.927766 -0.296764 -0.226235 100.052
0.350765 0.900412 0.257335 442.651
0.127337 -0.318102 0.939466 74.963
0.927552 -0.298437 -0.224904 100.107
0.351737 0.900492 0.255727 442.766
0.126205 -0.316307 0.940225 75.1849
0.927428 -0.300053 -0.223263 100.193
0.352548 0.900648 0.254055 442.87
0.124852 -0.314329 0.941068 75.331
0.927527 -0.299904 -0.223051 100.066
0.352421 0.900515 0.2547 442.925
0.124475 -0.314849 0.940944 75.3693
0.927576 -0.300597 -0.22191 100.155
0.352657 0.900565 0.254195 442.92
0.123434 -0.314044 0.94135 75.4496
0.927164 -0.3016 -0.222273 100.243
0.353613 0.90048 0.253169 442.938
0.123796 -0.313327 0.941542 75.4959
0.927312 -0.301458 -0.221847 100.216
0.353183 0.900978 0.251994 443.079
0.123914 -0.312029 0.941957 75.6541
0.927187 -0.301806 -0.221896 100.119
0.35345 0.901057 0.251333 443.168
0.124087 -0.311462 0.942122 75.7569
0.927142 -0.30245 -0.221204 100.009
0.353737 0.901193 0.25044 443.261
0.123602 -0.310442 0.942522 75.9333
0.927257 -0.301954 -0.221399 100.029
0.353353 0.901267 0.250716 443.255
0.123835 -0.31071 0.942403 76.0519
0.92737 -0.302789 -0.219782 99.9923
0.353554 0.90139 0.24999 443.409
0.122415 -0.309538 0.942974 76.0624
0.927289 -0.302256 -0.220853 100.138
0.353512 0.90112 0.251024 443.369
0.123141 -0.310846 0.94245 75.8876
0.927515 -0.301994 -0.220263 100.097
0.353046 0.901349 0.250857 443.41
0.122776 -0.310436 0.942632 76.0346
0.927479 -0.302442 -0.219799 99.9917
0.35321 0.90155 0.2499 443.565
0.122579 -0.309412 0.942995 76.1578
0.927517 -0.302812 -0.21913 99.8667
0.353237 0.901794 0.24898 443.654
0.122215 -0.308338 0.943393 76.2625
0.927351 -0.30286 -0.219765 99.8666
0.353336 0.902071 0.247834 443.677
0.123184 -0.307479 0.943548 76.5254
0.927869 -0.299785 -0.221782 99.9808
0.351445 0.901852 0.251297 443.629
0.124679 -0.311115 0.942158 76.3852
0.928069 -0.299449 -0.221399 99.9018
0.351184 0.901553 0.25273 443.649
0.123923 -0.312302 0.941865 76.3405
0.92823 -0.300108 -0.219827 99.8226
0.35111 0.902027 0.251136 443.78
0.122922 -0.310295 0.94266 76.4681
0.928177 -0.299722 -0.220575 99.7896
0.351089 0.901794 0.251999 443.8
0.123383 -0.311341 0.942254 76.2477
0.928089 -0.300786 -0.219495 99.8199
0.351666 0.901805 0.251157 443.795
0.122397 -0.310285 0.942731 76.4727
0.927591 -0.3016 -0.220484 99.7737
0.352713 0.901525 0.250693 443.752
0.123163 -0.310308 0.942624 76.4091
0.927422 -0.301337 -0.22155 99.6669
0.352679 0.90179 0.249786 443.798
0.124522 -0.309793 0.942615 76.5939
0.927473 -0.301795 -0.220711 99.6154
0.352813 0.901831 0.249448 443.929
0.123762 -0.309226 0.942901 76.5834
0.927627 -0.300316 -0.222078 99.7434
0.351936 0.90191 0.250398 443.867
0.125096 -0.310433 0.942328 76.5563
0.927733 -0.299143 -0.223215 99.7284
0.351283 0.901911 0.25131 443.801
0.126142 -0.31156 0.941817 76.6615
0.927752 -0.299332 -0.222883 99.7211
0.351404 0.901772 0.251641 443.961
0.125665 -0.311782 0.941807 76.3456
0.928177 -0.299017 -0.221531 99.6704
0.350616 0.902178 0.251283 443.937
0.124722 -0.310908 0.942221 76.7341
0.928359 -0.2979 -0.222272 99.6662
0.349981 0.901976 0.252888 443.932
0.125148 -0.312562 0.941617 76.6943
0.928404 -0.29818 -0.221708 99.5972
0.349968 0.902202 0.2521 443.929
0.124854 -0.311641 0.941961 76.8035
0.928375 -0.298886 -0.220878 99.6092
0.350305 0.902245 0.251476 444.01
0.124123 -0.310838 0.942323 76.6629
0.928433 -0.298304 -0.22142 99.6273
0.350004 0.90217 0.252165 443.933
0.124537 -0.311616 0.942012 76.6996
