0.934929 -0.0730509 -0.347233 107.328
0.28516 0.737044 0.61274 434.097
0.211165 -0.671885 0.709915 61.9647
0.934929 -0.0730509 -0.347233 107.328
0.28516 0.737044 0.61274 434.097
0.211165 -0.671885 0.709915 61.9647
0.935319 -0.0730673 -0.346178 107.174
0.284564 0.736778 0.613336 434.225
0.210242 -0.672175 0.709915 61.9067
0.935116 -0.0730706 -0.346725 107.323
0.285081 0.736277 0.613697 434.166
0.210442 -0.672723 0.709336 61.7345
0.935567 -0.0734361 -0.34543 107.232
0.284473 0.736315 0.613934 434.162
0.20926 -0.672642 0.709762 61.8731
0.935641 -0.0729793 -0.345326 107.271
0.284472 0.735082 0.615411 434.124
0.208931 -0.674039 0.708533 61.6384
0.935376 -0.0720913 -0.346228 107.313
0.284406 0.735227 0.615268 434.189
0.210201 -0.673976 0.708217 61.8422
0.935151 -0.0715824 -0.346943 107.176
0.284846 0.734196 0.616294 434.127
0.210608 -0.675153 0.706974 61.8151
0.934215 -0.0708096 -0.349611 107.316
0.286217 0.733735 0.616208 434.184
0.212888 -0.675736 0.705734 61.8016
0.93441 -0.0690006 -0.349452 107.175
0.285303 0.732352 0.618274 434.205
0.213261 -0.677421 0.704003 61.9157
0.934674 -0.0669984 -0.349136 107.3
0.284056 0.731276 0.620118 434.187
0.213768 -0.678783 0.702536 61.9855
0.934644 -0.0661443 -0.34938 107.304
0.283791 0.730771 0.620836 434.262
0.214252 -0.679411 0.701781 61.917
0.934987 -0.0648093 -0.348711 107.279
0.282869 0.729381 0.622888 434.242
0.213974 -0.681031 0.700294 61.8137
0.934536 -0.0635963 -0.350141 107.256
0.283308 0.728377 0.623861 434.201
0.215359 -0.682218 0.698712 61.9243
0.934275 -0.0620742 -0.351107 107.345
0.283331 0.727059 0.625386 434.213
0.216456 -0.683763 0.696861 61.9193
0.934081 -0.0618356 -0.351665 107.271
0.283762 0.726364 0.625999 434.261
0.216728 -0.684523 0.69603 61.9565
0.933875 -0.0612636 -0.352313 107.204
0.284063 0.725558 0.626797 434.258
0.217224 -0.685429 0.694983 62.059
0.933383 -0.060381 -0.353767 107.182
0.284674 0.724817 0.627377 434.269
0.218534 -0.686291 0.69372 61.9962
0.932846 -0.0603683 -0.355182 107.152
0.285785 0.72429 0.62748 434.379
0.219375 -0.686847 0.692904 61.8348
0.932581 -0.0585962 -0.356172 107.247
0.285738 0.722769 0.629253 434.249
0.220558 -0.688601 0.690784 61.8733
0.932341 -0.0572075 -0.357026 107.286
0.285972 0.72091 0.631276 434.231
0.22127 -0.690663 0.688494 61.8775
0.931857 -0.0566539 -0.358375 107.268
0.287393 0.718163 0.633757 434.275
0.221467 -0.693565 0.685507 61.6668
0.931363 -0.05519 -0.359886 107.211
0.287367 0.718381 0.633522 434.311
0.223571 -0.693458 0.684933 61.9245
0.930997 -0.0544957 -0.360937 107.151
0.287907 0.717481 0.634295 434.373
0.224399 -0.694443 0.683662 62.0629
0.930487 -0.0524122 -0.362556 107.25
0.288307 0.71535 0.636517 434.342
0.225994 -0.696798 0.680734 61.9911
0.930532 -0.053275 -0.362315 107.322
0.288727 0.715326 0.636353 434.393
0.225272 -0.696757 0.681016 61.9595
0.930663 -0.0526521 -0.362069 107.291
0.288359 0.714655 0.637273 434.351
0.225201 -0.697492 0.680286 61.8333
0.930391 -0.0520836 -0.36285 107.173
0.288745 0.713943 0.637896 434.404
0.225831 -0.698264 0.679285 61.8104
0.930039 -0.0506513 -0.363952 107.277
0.288708 0.713442 0.638473 434.473
0.227319 -0.698881 0.678153 61.8455
0.930175 -0.0512036 -0.363529 107.209
0.289002 0.712774 0.639086 434.458
0.226391 -0.699522 0.677803 61.8978
0.930418 -0.0505194 -0.363001 107.124
0.288483 0.711849 0.64035 434.46
0.226052 -0.700513 0.676891 61.9184
0.9303 -0.0496108 -0.363429 107.234
0.28815 0.711921 0.64042 434.422
0.226961 -0.700505 0.676596 61.9096
0.93058 -0.0503106 -0.362615 107.132
0.288198 0.711479 0.64089 434.475
0.225749 -0.700905 0.676587 61.8653
0.930855 -0.0506205 -0.361865 107.124
0.287746 0.71192 0.640603 434.547
0.225192 -0.700433 0.677261 61.9959
0.931075 -0.0507616 -0.361278 107.075
0.287682 0.711153 0.641483 434.457
0.224362 -0.701202 0.67674 61.9244
0.930671 -0.0506737 -0.36233 107.116
0.287981 0.712293 0.640083 434.541
0.22565 -0.700051 0.677504 62.3001
0.931006 -0.0511089 -0.361407 106.954
0.287697 0.712102 0.640422 434.51
0.224628 -0.700213 0.677675 62.2545
0.931275 -0.0522346 -0.360554 106.975
0.287891 0.712005 0.640443 434.585
0.223263 -0.700229 0.67811 62.02
0.931387 -0.0521916 -0.360271 107.09
0.287498 0.712536 0.640029 434.559
0.223302 -0.699692 0.678651 62.1705
0.931835 -0.0527562 -0.359027 107.057
0.287226 0.711886 0.640874 434.578
0.221776 -0.700311 0.678513 62.1827
0.931612 -0.0513235 -0.359813 107.075
0.287229 0.710575 0.642326 434.551
0.222707 -0.701748 0.676721 62.1947
0.931768 -0.0515574 -0.359375 106.938
0.286567 0.7122 0.64082 434.641
0.222908 -0.70008 0.67838 62.6441
0.931875 -0.0518492 -0.359055 106.988
0.286935 0.710959 0.642033 434.654
0.221984 -0.70132 0.677402 62.3557
0.931226 -0.0503354 -0.360949 106.976
0.287284 0.710801 0.642051 434.642
0.224245 -0.70159 0.676377 62.4878
0.93113 -0.050344 -0.361195 106.964
0.287716 0.709998 0.642746 434.658
0.224089 -0.702402 0.675585 62.2868
0.930963 -0.0502432 -0.361639 107.028
0.287982 0.709915 0.642718 434.674
0.224441 -0.702492 0.675374 62.4116
0.930649 -0.0502623 -0.362444 106.888
0.288607 0.709737 0.642635 434.7
0.224939 -0.702671 0.675022 62.5099
0.930412 -0.0491972 -0.363199 106.95
0.289046 0.707791 0.64458 434.7
0.225357 -0.704707 0.672758 62.6325
0.930436 -0.0474371 -0.363372 106.812
0.288288 0.706903 0.645894 434.686
0.226229 -0.705718 0.671403 62.9153
0.930346 -0.0469744 -0.363662 106.769
0.28853 0.705824 0.646965 434.752
0.226291 -0.706828 0.670214 62.7576
0.92939 -0.0453513 -0.366303 106.848
0.289906 0.70394 0.648401 434.776
0.22845 -0.70881 0.667382 62.6578
0.929114 -0.043777 -0.367192 106.887
0.290308 0.701418 0.650948 434.692
0.229059 -0.711404 0.664406 62.6449
0.928566 -0.0446932 -0.368466 106.766
0.291371 0.702745 0.64904 434.692
0.22993 -0.710037 0.665568 62.9096
0.928719 -0.0449602 -0.368049 106.756
0.291078 0.703288 0.648583 434.773
0.229684 -0.709482 0.666244 62.7739
0.928218 -0.0442498 -0.369395 106.856
0.291561 0.703264 0.648392 434.857
0.231091 -0.70955 0.665684 62.7388
0.928371 -0.0438736 -0.369056 106.779
0.291381 0.702329 0.649485 434.795
0.230703 -0.710499 0.664806 62.7361
0.92813 -0.0447859 -0.369552 106.728
0.292033 0.703228 0.648218 434.854
0.230848 -0.709552 0.665766 62.7284
0.928271 -0.0443034 -0.369256 106.696
0.291552 0.7031 0.648574 434.825
0.23089 -0.70971 0.665584 62.9194
0.928424 -0.0449823 -0.36879 106.619
0.291669 0.703106 0.648514 434.87
0.230127 -0.70966 0.665901 62.8486
0.928015 -0.0452137 -0.369788 106.711
0.292418 0.703413 0.647844 434.95
0.230822 -0.709342 0.666 62.9177
0.927976 -0.0446582 -0.369955 106.623
0.292348 0.70287 0.648465 435.011
0.231071 -0.709915 0.665302 62.8186
0.928355 -0.0433374 -0.36916 106.671
0.291134 0.702235 0.649697 434.871
0.231081 -0.710625 0.664541 62.9023
0.928266 -0.0439473 -0.369312 106.734
0.291334 0.703175 0.64859 435
0.231187 -0.709657 0.665537 62.8086
0.927981 -0.0420514 -0.370247 106.596
0.291131 0.701996 0.649957 434.978
0.23258 -0.710938 0.663682 62.9515
0.927657 -0.0413845 -0.371132 106.589
0.291507 0.701411 0.65042 435.051
0.233399 -0.711554 0.662733 62.9334
0.92703 -0.0383308 -0.373024 106.635
0.291534 0.699322 0.652653 435.088
0.235847 -0.713778 0.659467 63.0291
0.926384 -0.0360391 -0.374853 106.7
0.292257 0.696545 0.655294 435.06
0.237486 -0.716607 0.655801 62.9438
0.926116 -0.0363606 -0.375484 106.655
0.292958 0.696404 0.655132 435.081
0.237667 -0.716729 0.655602 62.9053
0.925448 -0.0362303 -0.377139 106.572
0.293823 0.697066 0.654039 435.116
0.239195 -0.716091 0.655744 63.1037
0.92537 -0.0368241 -0.377271 106.516
0.294478 0.696537 0.654308 435.163
0.238689 -0.716575 0.655399 63.1136
0.92479 -0.0352213 -0.378843 106.448
0.295146 0.694767 0.655886 435.132
0.240107 -0.718372 0.65291 63.1966
0.924237 -0.0342575 -0.380279 106.481
0.296007 0.693387 0.656959 435.258
0.241174 -0.719751 0.650994 63.1611
0.922951 -0.0293023 -0.3838 106.42
0.29789 0.685838 0.663994 435.189
0.243768 -0.727164 0.641724 63.2691
0.921356 -0.0278838 -0.387719 106.318
0.301561 0.680652 0.667663 435.215
0.245285 -0.732076 0.635531 63.2866
0.920467 -0.0299224 -0.389674 106.471
0.303756 0.68215 0.665135 435.157
0.245914 -0.7306 0.636985 63.2016
0.919496 -0.0316675 -0.391823 106.512
0.306337 0.682358 0.663736 435.209
0.246345 -0.730332 0.637126 63.1344
0.918409 -0.0304637 -0.394457 106.563
0.308223 0.680175 0.665102 435.115
0.248038 -0.732416 0.634069 63.3462
0.916405 -0.0279689 -0.399275 106.466
0.313276 0.671006 0.672018 435.144
0.24912 -0.740924 0.623675 63.173
0.914465 -0.0279781 -0.403697 106.45
0.318275 0.665822 0.67482 435.227
0.24991 -0.745586 0.617776 63.1446
0.913915 -0.0289044 -0.404874 106.333
0.31881 0.668495 0.671919 435.263
0.251235 -0.743155 0.620163 63.4056
0.913094 -0.028123 -0.406779 106.299
0.320645 0.665801 0.673718 435.136
0.251887 -0.745599 0.616956 63.481
0.912442 -0.0270245 -0.408312 106.258
0.321203 0.665516 0.673734 435.233
0.253531 -0.745894 0.615926 63.5174
0.912663 -0.0259257 -0.40789 106.277
0.320266 0.665383 0.67431 435.217
0.253921 -0.746051 0.615574 63.5453
0.912389 -0.024035 -0.408618 106.253
0.31975 0.665098 0.674837 435.152
0.255551 -0.746369 0.614513 63.4844
0.912578 -0.0245197 -0.408167 106.17
0.319514 0.665676 0.674378 435.263
0.255172 -0.745838 0.615316 63.5904
0.912357 -0.0240714 -0.408688 106.257
0.319957 0.664708 0.675122 435.34
0.255407 -0.746715 0.614153 63.4903
0.912229 -0.0225687 -0.409058 106.233
0.319566 0.663982 0.676022 435.437
0.25635 -0.747408 0.612916 63.5994
0.911573 -0.0209843 -0.410601 106.16
0.320016 0.663204 0.676572 435.373
0.258115 -0.748145 0.611274 63.6877
0.911882 -0.0217932 -0.409873 106.101
0.319906 0.66338 0.676452 435.415
0.257159 -0.747966 0.611896 63.6404
0.911898 -0.0209779 -0.409881 106.035
0.319394 0.663448 0.676627 435.33
0.257741 -0.747928 0.611697 63.7384
0.911864 -0.0221702 -0.409894 106.02
0.319853 0.664244 0.675628 435.473
0.257291 -0.747187 0.612791 63.5983
0.912301 -0.0223263 -0.408911 105.979
0.318675 0.665827 0.674627 435.402
0.257202 -0.745772 0.614549 63.8795
0.912883 -0.0241824 -0.407504 105.995
0.317951 0.668204 0.672615 435.425
0.256031 -0.743585 0.617681 63.7619
0.914281 -0.0298627 -0.403978 105.806
0.316872 0.674 0.66732 435.494
0.252353 -0.738128 0.625688 63.8447
0.914727 -0.0317078 -0.402827 105.868
0.316574 0.675765 0.665674 435.545
0.25111 -0.736435 0.628178 63.8555
0.915061 -0.0344892 -0.401838 105.735
0.31675 0.678221 0.663088 435.654
0.249666 -0.734048 0.631538 64.0232
0.914971 -0.0350675 -0.401992 105.686
0.31673 0.679666 0.661616 435.636
0.250019 -0.732683 0.632982 64.0182
0.915345 -0.0366039 -0.401003 105.687
0.316895 0.679903 0.661294 435.572
0.248437 -0.732388 0.633946 63.9744
0.91525 -0.0361035 -0.401266 105.671
0.31691 0.679497 0.661704 435.637
0.248769 -0.73279 0.633351 64.0495
0.915308 -0.035783 -0.401162 105.561
0.316698 0.679309 0.661998 435.693
0.248825 -0.732979 0.63311 64.0679
0.91457 -0.0343943 -0.402963 105.567
0.31742 0.678472 0.662511 435.712
0.250612 -0.733821 0.631428 64.0448
0.914364 -0.0339604 -0.403466 105.55
0.31771 0.677898 0.662959 435.695
0.250994 -0.734371 0.630635 64.0301
0.914622 -0.0339542 -0.402882 105.611
0.31737 0.677644 0.663381 435.645
0.250486 -0.734606 0.630564 64.1902
0.914308 -0.033363 -0.403642 105.471
0.317833 0.676824 0.663996 435.669
0.251042 -0.735388 0.62943 63.8972
0.914225 -0.0327471 -0.403882 105.548
0.317718 0.67655 0.66433 435.665
0.251491 -0.735668 0.628924 63.9649
0.913903 -0.0316211 -0.404698 105.408
0.317718 0.676244 0.664642 435.638
0.252658 -0.735999 0.628068 64.2969
0.913799 -0.0318075 -0.40492 105.48
0.317829 0.676726 0.664098 435.691
0.252896 -0.735547 0.628501 64.3414
0.914412 -0.0322014 -0.403503 105.438
0.317294 0.675993 0.6651 435.683
0.251348 -0.736204 0.628354 64.1236
0.914504 -0.0334276 -0.403194 105.362
0.317581 0.676728 0.664215 435.736
0.250649 -0.735474 0.629486 64.0697
0.914544 -0.0342596 -0.403032 105.351
0.317578 0.677912 0.663008 435.754
0.250506 -0.734345 0.63086 64.1843
0.913653 -0.0355248 -0.40494 105.305
0.319299 0.679222 0.660837 435.784
0.251568 -0.733073 0.631916 64.4619
0.914149 -0.0371428 -0.403672 105.103
0.318951 0.680513 0.659676 435.884
0.250202 -0.731794 0.633937 64.3943
0.91401 -0.0392012 -0.403794 105.064
0.319704 0.682335 0.657425 435.952
0.249751 -0.729988 0.636194 64.4848
0.9143 -0.0427287 -0.402778 104.915
0.320303 0.684938 0.65442 436.082
0.247916 -0.727348 0.639925 64.5019
0.913687 -0.0425336 -0.404188 104.968
0.320971 0.685575 0.653425 436.074
0.249309 -0.726758 0.640053 64.6458
0.913924 -0.0449016 -0.403393 104.818
0.321378 0.687089 0.651633 436.03
0.247908 -0.725185 0.642378 64.8723
0.913963 -0.0468051 -0.403089 104.768
0.322282 0.687331 0.650931 436.067
0.246589 -0.724835 0.643279 64.6624
0.913953 -0.0516882 -0.402514 104.702
0.323876 0.690547 0.646721 436.137
0.244527 -0.721438 0.647869 64.5638
0.914192 -0.0540867 -0.401655 104.658
0.323993 0.692921 0.644119 436.049
0.243477 -0.718982 0.650987 64.8745
0.914128 -0.055725 -0.401578 104.679
0.324958 0.692996 0.643551 436.086
0.24243 -0.718784 0.651596 64.7063
0.913547 -0.0588864 -0.402448 104.538
0.326741 0.695511 0.639926 436.146
0.242224 -0.716098 0.654622 64.9151
0.912798 -0.0596465 -0.404032 104.51
0.327737 0.697272 0.637495 436.287
0.243695 -0.714321 0.656017 64.8333
0.912635 -0.0622269 -0.404012 104.496
0.328696 0.699281 0.634795 436.258
0.243017 -0.712133 0.658642 64.7548
0.913068 -0.064212 -0.402721 104.433
0.328869 0.69989 0.634034 436.304
0.241148 -0.711359 0.660164 64.9274
0.913334 -0.0652393 -0.401951 104.358
0.32893 0.700089 0.633783 436.31
0.240054 -0.71107 0.660874 64.8578
0.913193 -0.0653798 -0.402248 104.276
0.32905 0.700611 0.633143 436.345
0.240425 -0.710542 0.661306 65.0193
0.91271 -0.0648026 -0.403437 104.32
0.329642 0.7002 0.63329 436.341
0.241448 -0.710999 0.660441 64.9595
0.912913 -0.0654634 -0.402871 104.167
0.32948 0.700777 0.632736 436.341
0.240902 -0.71037 0.661317 65.316
0.913088 -0.0650137 -0.402547 104.201
0.329376 0.699562 0.634133 436.359
0.240379 -0.711608 0.660176 65.1207
0.913116 -0.0648478 -0.40251 104.1
0.329181 0.699746 0.634031 436.406
0.240539 -0.711443 0.660296 65.329
0.912923 -0.0655423 -0.402834 104.116
0.330028 0.699232 0.634158 436.412
0.24011 -0.711884 0.659976 65.2574
0.912546 -0.0648008 -0.403809 104.006
0.330477 0.698493 0.634738 436.454
0.240926 -0.712677 0.658822 65.2116
0.912392 -0.0630928 -0.404425 104.045
0.330003 0.69792 0.635614 436.4
0.242153 -0.713391 0.657598 65.4306
0.912366 -0.0628435 -0.404524 104.004
0.329886 0.697997 0.635591 436.419
0.242414 -0.713338 0.657559 65.4537
0.911734 -0.0599109 -0.406389 103.889
0.329809 0.696524 0.637244 436.51
0.244882 -0.715028 0.654804 65.3002
0.912096 -0.0606039 -0.405472 103.885
0.329544 0.696723 0.637164 436.51
0.243887 -0.714776 0.65545 65.3202
0.911878 -0.0600745 -0.406041 103.85
0.329576 0.696801 0.637062 436.484
0.244658 -0.714744 0.655197 65.5476
0.911976 -0.0607022 -0.405728 103.884
0.329686 0.697015 0.636771 436.517
0.244145 -0.714482 0.655674 65.4436
0.911744 -0.0585538 -0.406565 103.867
0.329088 0.696454 0.637694 436.549
0.245814 -0.715209 0.654256 65.4878
0.911675 -0.0574029 -0.406884 103.845
0.328781 0.695855 0.638505 436.584
0.24648 -0.715885 0.653266 65.5064
0.911534 -0.0596826 -0.406872 103.803
0.329891 0.696843 0.636853 436.559
0.245516 -0.714737 0.654884 65.5768
0.91153 -0.0609231 -0.406696 103.663
0.330032 0.698391 0.635083 436.604
0.245341 -0.713119 0.65671 65.6764
0.91132 -0.0601211 -0.407286 103.802
0.330152 0.697743 0.635732 436.514
0.24596 -0.713821 0.655716 65.7977
0.91139 -0.0611589 -0.406974 103.757
0.330555 0.697872 0.63538 436.629
0.245157 -0.713606 0.65625 65.5304
0.911402 -0.0614031 -0.40691 103.724
0.330367 0.698744 0.634519 436.7
0.245364 -0.712731 0.657123 65.8207
0.91175 -0.0626874 -0.405935 103.635
0.330486 0.698821 0.634372 436.692
0.243909 -0.712544 0.657867 65.7584
0.911895 -0.0618137 -0.405741 103.708
0.329962 0.69832 0.635196 436.585
0.244073 -0.713111 0.657191 65.6302
0.911726 -0.0636186 -0.405843 103.599
0.330607 0.700031 0.632973 436.775
0.243834 -0.711273 0.659269 65.7549
0.911937 -0.062806 -0.405494 103.528
0.329796 0.700164 0.633249 436.83
0.244141 -0.711214 0.659219 65.891
0.911985 -0.062417 -0.405448 103.528
0.329605 0.699899 0.633642 436.825
0.244222 -0.71151 0.65887 65.7761
0.912952 -0.0661695 -0.402666 103.374
0.329087 0.702857 0.63063 436.772
0.241288 -0.708247 0.66345 66.0145
0.912463 -0.0688164 -0.40333 103.428
0.330385 0.705422 0.627077 436.828
0.241365 -0.705439 0.666407 66.0075
0.912688 -0.0729934 -0.402084 103.336
0.331248 0.708354 0.623305 436.826
0.239321 -0.702073 0.670685 66.0572
0.91312 -0.0781091 -0.400139 103.205
0.332011 0.712064 0.618654 436.881
0.236602 -0.697756 0.676133 66.0638
0.913264 -0.0842015 -0.398571 103.214
0.333528 0.716319 0.6129 436.998
0.233897 -0.692674 0.682272 66.0662
0.913384 -0.0861825 -0.397873 103.117
0.333729 0.718223 0.610558 437.021
0.233142 -0.690455 0.684775 66.0789
0.91397 -0.0886831 -0.395973 103.001
0.333448 0.720224 0.608349 436.978
0.231239 -0.68805 0.687834 66.2047
0.914296 -0.0907917 -0.394741 102.931
0.333446 0.721979 0.606268 437.032
0.229951 -0.685933 0.690376 66.3485
0.915132 -0.0943279 -0.391964 102.815
0.333156 0.724433 0.603493 437.064
0.227026 -0.682861 0.694378 66.7119
0.915407 -0.0958213 -0.390958 102.631
0.332737 0.726718 0.600971 437.186
0.226531 -0.680219 0.697126 66.6801
0.915978 -0.0977769 -0.389132 102.677
0.332081 0.729058 0.598496 437.165
0.225181 -0.677432 0.700271 66.6657
0.916037 -0.0990251 -0.388677 102.544
0.332145 0.73051 0.596687 437.261
0.224845 -0.675684 0.702065 66.6029
0.916573 -0.100055 -0.387146 102.438
0.331717 0.7309 0.596447 437.204
0.223288 -0.67511 0.703114 66.5076
0.916861 -0.101156 -0.386178 102.58
0.33093 0.733634 0.593521 437.19
0.223275 -0.671974 0.706116 66.6132
0.917213 -0.103352 -0.384759 102.506
0.330244 0.73744 0.58917 437.188
0.222845 -0.667459 0.71052 66.6076
0.917255 -0.104259 -0.384414 102.478
0.330168 0.738865 0.587425 437.178
0.222785 -0.66574 0.71215 66.6536
0.918229 -0.107485 -0.381186 102.364
0.329457 0.741459 0.584548 437.311
0.219804 -0.662333 0.716241 66.7929
0.918996 -0.110163 -0.378564 102.266
0.329183 0.742837 0.582951 437.361
0.216992 -0.660347 0.718928 66.7413
0.919761 -0.11337 -0.375749 102.092
0.328671 0.745744 0.579519 437.493
0.214513 -0.656516 0.723167 66.8571
0.919825 -0.113258 -0.375627 101.938
0.328339 0.746284 0.579011 437.391
0.214747 -0.655922 0.723637 67.2472
0.920105 -0.114979 -0.374414 102.039
0.328614 0.74677 0.578228 437.456
0.213117 -0.655068 0.724891 67.039
0.920436 -0.11705 -0.372957 101.969
0.328929 0.747425 0.577202 437.431
0.211196 -0.653954 0.726458 67.1018
0.920549 -0.118171 -0.372325 101.969
0.329026 0.748317 0.575989 437.383
0.210552 -0.652731 0.727743 67.2505
0.921691 -0.124975 -0.367242 101.99
0.329446 0.75201 0.570917 437.287
0.204819 -0.647196 0.734293 67.0907
0.921977 -0.129019 -0.365121 101.968
0.330022 0.755062 0.566539 437.299
0.202595 -0.642834 0.738729 66.9326
0.921489 -0.130529 -0.365813 102.037
0.330945 0.756861 0.563593 437.352
0.203305 -0.640409 0.740637 66.8933
0.921251 -0.132971 -0.365533 101.946
0.3321 0.758129 0.561205 437.457
0.202498 -0.638404 0.742587 66.8944
0.920919 -0.135479 -0.365451 101.901
0.333507 0.759144 0.558993 437.438
0.201698 -0.636668 0.744293 66.8472
0.920709 -0.136161 -0.365726 102.029
0.333847 0.760121 0.55746 437.346
0.202091 -0.635355 0.745307 66.9154
0.921704 -0.139768 -0.361838 101.893
0.332796 0.764153 0.552555 437.392
0.19927 -0.62971 0.750837 67.2196
0.921849 -0.140875 -0.361038 101.916
0.33277 0.765226 0.551084 437.439
0.198641 -0.628159 0.752302 67.0494
0.922028 -0.142721 -0.359854 101.974
0.333088 0.766169 0.549579 437.372
0.197273 -0.62659 0.753968 66.8804
0.921854 -0.142877 -0.360238 101.922
0.333039 0.767401 0.547888 437.319
0.198166 -0.625046 0.755015 66.8246
0.921996 -0.145463 -0.358836 101.885
0.333289 0.76986 0.544274 437.391
0.197082 -0.621415 0.758289 66.957
0.921632 -0.150098 -0.357861 101.931
0.334877 0.773592 0.537971 437.326
0.19609 -0.615651 0.763232 66.8917
0.921714 -0.150066 -0.357664 101.905
0.334783 0.773454 0.538228 437.27
0.195867 -0.615832 0.763143 66.787
0.921712 -0.152454 -0.356659 101.849
0.335479 0.774865 0.53576 437.25
0.194684 -0.613468 0.765347 66.8538
0.922008 -0.155267 -0.354674 101.952
0.335131 0.77878 0.530273 437.278
0.193878 -0.607778 0.770076 66.9867
0.922524 -0.159206 -0.351571 101.974
0.334999 0.782655 0.524621 437.273
0.191636 -0.601751 0.775352 67.2451
0.922763 -0.160732 -0.350248 101.878
0.335438 0.782425 0.524683 437.232
0.18971 -0.601645 0.775908 66.7671
0.922801 -0.163259 -0.348977 101.906
0.335752 0.78503 0.520575 437.294
0.188969 -0.597557 0.779241 66.8484
0.92249 -0.16662 -0.348209 101.977
0.336572 0.788889 0.514172 437.205
0.189028 -0.591516 0.783822 66.9986
0.922279 -0.17068 -0.346801 101.936
0.337792 0.792023 0.508523 437.156
0.18788 -0.586147 0.78812 67.0429
0.922101 -0.173084 -0.346081 101.917
0.338942 0.792764 0.5066 437.245
0.186677 -0.584438 0.789674 66.7509
0.921944 -0.175044 -0.345512 101.865
0.339502 0.794593 0.503349 437.228
0.186433 -0.581362 0.791998 66.8529
0.922176 -0.17712 -0.343831 101.944
0.339732 0.795846 0.50121 437.113
0.184862 -0.579015 0.794083 66.9894
0.921987 -0.181736 -0.341922 101.93
0.341206 0.798794 0.495486 437.143
0.183078 -0.573498 0.798488 66.8697
0.922654 -0.187564 -0.336942 101.847
0.341717 0.802592 0.488954 437.186
0.178717 -0.566274 0.804608 67.0843
0.922823 -0.188782 -0.335795 101.876
0.341717 0.80358 0.487329 437.109
0.177839 -0.564465 0.806072 66.8929
0.923311 -0.194624 -0.331087 101.873
0.341834 0.809425 0.477474 437.061
0.175063 -0.554034 0.81388 67.1855
0.923583 -0.200074 -0.327056 101.902
0.342775 0.813047 0.470596 437.077
0.171758 -0.54674 0.819496 67.0324
0.923688 -0.202507 -0.325257 102.022
0.343302 0.814381 0.467896 436.933
0.170131 -0.543852 0.821755 67.1728
0.923081 -0.205762 -0.324936 101.978
0.344961 0.816524 0.462915 436.917
0.170068 -0.539398 0.824698 67.0615
0.923069 -0.205465 -0.325157 101.947
0.344665 0.817092 0.462133 436.896
0.170731 -0.538651 0.825049 67.0739
0.923466 -0.20994 -0.321146 101.89
0.345004 0.820592 0.455633 436.893
0.167874 -0.531559 0.830219 66.9673
0.92348 -0.213087 -0.319027 101.937
0.345618 0.823044 0.450717 436.911
0.166531 -0.52649 0.833712 66.9231
0.923098 -0.214025 -0.319505 101.86
0.34627 0.824004 0.448458 436.924
0.167292 -0.524606 0.834747 67.1217
0.923177 -0.21592 -0.317998 101.893
0.346578 0.825351 0.445736 436.799
0.166217 -0.521704 0.836778 67.0777
0.922836 -0.218315 -0.317351 101.849
0.347383 0.827661 0.440796 436.869
0.166427 -0.517025 0.839635 67.0265
0.922993 -0.224479 -0.31256 101.847
0.347696 0.834533 0.42739 436.854
0.164902 -0.503154 0.848318 67.092
0.923072 -0.225221 -0.31179 101.863
0.347819 0.834836 0.426697 436.768
0.164192 -0.502319 0.84895 67.2158
0.922884 -0.226958 -0.311087 101.813
0.348634 0.835507 0.424715 436.777
0.163523 -0.500418 0.850201 67.0418
0.922301 -0.226943 -0.312821 101.879
0.34914 0.836353 0.42263 436.803
0.165716 -0.49901 0.850604 66.9305
0.922264 -0.226368 -0.313348 101.902
0.349095 0.835862 0.423636 436.721
0.166018 -0.500092 0.849909 66.9786
0.920875 -0.227161 -0.316839 101.96
0.351275 0.83598 0.421596 436.661
0.169101 -0.499535 0.849629 66.9641
0.919866 -0.22832 -0.31893 102.003
0.353183 0.835832 0.420292 436.561
0.170611 -0.499253 0.849493 66.5232
0.91954 -0.227658 -0.320341 102.042
0.353318 0.835822 0.4202 436.54
0.172086 -0.499573 0.849007 66.604
0.918872 -0.229251 -0.321121 101.972
0.354357 0.837413 0.416138 436.671
0.173511 -0.496169 0.850711 66.878
0.919672 -0.230744 -0.317742 101.942
0.353715 0.838204 0.41509 436.589
0.170553 -0.494137 0.852491 66.7125
0.920782 -0.232726 -0.313049 101.958
0.352282 0.840741 0.411159 436.553
0.167506 -0.488869 0.856124 66.9977
0.92242 -0.236118 -0.305597 101.982
0.350308 0.84467 0.404744 436.496
0.162561 -0.480397 0.861854 66.9454
0.923374 -0.237472 -0.301642 101.988
0.349035 0.846484 0.402045 436.503
0.15986 -0.476521 0.864507 66.6838
0.923969 -0.239648 -0.298077 102.086
0.34841 0.848881 0.397507 436.467
0.15777 -0.471137 0.867836 66.7617
0.924393 -0.241646 -0.295136 102.055
0.348152 0.850629 0.39398 436.456
0.155848 -0.466944 0.870445 66.7999
0.924469 -0.243957 -0.292987 102.064
0.348749 0.851612 0.391319 436.512
0.154046 -0.463941 0.872369 66.7855
0.924658 -0.245338 -0.291235 102.133
0.3488 0.852547 0.389233 436.414
0.152798 -0.46149 0.873888 66.9352
0.925263 -0.249392 -0.285819 102.14
0.348952 0.855049 0.383566 436.361
0.148731 -0.454636 0.878171 66.8942
0.925373 -0.251178 -0.28389 102.194
0.349197 0.856243 0.38067 436.302
0.147463 -0.451395 0.880055 66.6909
0.925522 -0.251511 -0.28311 102.242
0.348755 0.85743 0.378396 436.287
0.147576 -0.44895 0.881286 66.7276
0.925294 -0.252077 -0.283353 102.31
0.349479 0.856912 0.378901 436.205
0.147296 -0.44962 0.880991 66.6554
0.924272 -0.25247 -0.286322 102.242
0.350917 0.857185 0.37695 436.343
0.150263 -0.448879 0.880868 66.8154
0.923622 -0.252905 -0.288032 102.415
0.352059 0.856894 0.376547 436.271
0.151582 -0.449191 0.880483 66.6252
0.923738 -0.254035 -0.28666 102.424
0.352217 0.857451 0.375128 436.202
0.150501 -0.447487 0.881536 66.769
0.924162 -0.255144 -0.284299 102.368
0.351879 0.858256 0.373601 436.257
0.148679 -0.445307 0.882948 66.7165
0.924705 -0.256232 -0.281543 102.291
0.351172 0.859666 0.371015 436.215
0.146967 -0.44195 0.884919 66.8367
0.925281 -0.257188 -0.278763 102.381
0.350371 0.86105 0.368555 436.24
0.145241 -0.438687 0.886825 66.8057
0.926556 -0.257423 -0.274276 102.311
0.348292 0.862528 0.367067 436.211
0.142079 -0.435636 0.888839 66.6795
0.92687 -0.258384 -0.272303 102.345
0.348101 0.863107 0.365884 436.216
0.140489 -0.433916 0.889932 66.7433
0.926417 -0.259735 -0.272561 102.258
0.349113 0.863668 0.363588 436.379
0.140966 -0.431989 0.890794 66.7136
0.926431 -0.261706 -0.270622 102.364
0.34978 0.864193 0.361697 436.25
0.139211 -0.429746 0.892154 66.804
0.926453 -0.262643 -0.269636 102.378
0.35003 0.864581 0.360526 436.199
0.138433 -0.428392 0.892926 66.7678
0.926109 -0.26434 -0.26916 102.25
0.351036 0.865158 0.358156 436.19
0.138191 -0.426176 0.894023 66.8989
0.926164 -0.269513 -0.263785 102.279
0.352533 0.867169 0.351764 436.11
0.133942 -0.418784 0.898154 67.0363
0.926568 -0.269264 -0.262618 102.22
0.351519 0.868321 0.349934 436.122
0.133812 -0.416553 0.89921 66.9686
0.927126 -0.268902 -0.261014 102.297
0.349858 0.87068 0.345711 436.153
0.134297 -0.411836 0.901308 66.9729
0.927542 -0.269105 -0.259323 102.102
0.348911 0.872165 0.342913 436.307
0.133893 -0.408546 0.902864 67.1355
0.927725 -0.269675 -0.258073 102.057
0.348638 0.873012 0.341031 436.326
0.133333 -0.406357 0.903934 66.9739
0.929083 -0.273685 -0.248799 102.228
0.346661 0.878866 0.327752 436.397
0.12896 -0.390758 0.911415 67.3015
0.929743 -0.274377 -0.24555 102.14
0.345747 0.879906 0.325921 436.263
0.126636 -0.387921 0.912952 67.4263
0.929349 -0.274155 -0.247283 102.197
0.346247 0.879677 0.32601 436.325
0.128152 -0.388598 0.912452 67.2816
0.929135 -0.275463 -0.246634 102.103
0.347171 0.879452 0.325634 436.313
0.127203 -0.388182 0.912762 67.232
0.92907 -0.276158 -0.246103 102.132
0.34708 0.880901 0.321791 436.261
0.127927 -0.384384 0.914267 67.4017
0.929232 -0.277834 -0.243592 102.154
0.347087 0.882433 0.317558 436.315
0.126725 -0.379632 0.916417 67.2705
0.929823 -0.278435 -0.240631 101.989
0.346157 0.88369 0.315067 436.348
0.124918 -0.376253 0.918057 67.4708
0.930207 -0.280311 -0.23694 102.161
0.345665 0.886112 0.308742 436.371
0.123411 -0.369096 0.921161 67.5504
0.929846 -0.282689 -0.235528 102.116
0.346989 0.886651 0.305695 436.226
0.122415 -0.365975 0.922538 67.6398
0.929825 -0.284495 -0.233426 102.203
0.347827 0.886558 0.305011 436.038
0.120172 -0.364798 0.923299 67.4152
0.929405 -0.286121 -0.233114 102.296
0.348481 0.888336 0.299032 436.136
0.121524 -0.359157 0.925331 67.5706
0.929674 -0.289238 -0.228138 102.083
0.348667 0.890758 0.291516 436.17
0.118898 -0.350559 0.928963 67.5979
0.930077 -0.290829 -0.224445 102.098
0.348501 0.891758 0.288642 436.231
0.116205 -0.346678 0.930758 67.7295
0.929661 -0.293239 -0.223028 102.054
0.349941 0.892151 0.285672 436.205
0.115204 -0.343625 0.932014 67.575
0.930046 -0.294011 -0.220392 102.173
0.349519 0.892925 0.283764 436.164
0.113364 -0.340945 0.933223 67.8234
0.929826 -0.294967 -0.220043 102.149
0.350002 0.893549 0.281191 436.224
0.113677 -0.338474 0.934084 67.8014
0.929717 -0.294536 -0.221079 102.125
0.349828 0.893926 0.280208 436.164
0.115097 -0.337854 0.934135 67.629
0.929349 -0.296015 -0.22065 102.079
0.350741 0.894485 0.277268 436.161
0.115292 -0.33507 0.935113 67.8426
0.928886 -0.299058 -0.218482 102.114
0.352571 0.894663 0.274356 436.139
0.11342 -0.331876 0.93648 67.7938
0.929371 -0.300366 -0.214594 102.093
0.352241 0.895485 0.27209 436.138
0.110439 -0.328462 0.938038 67.8357
0.92963 -0.300439 -0.213365 102.186
0.351862 0.895725 0.271791 436.125
0.10946 -0.32774 0.938406 67.745
0.929512 -0.300929 -0.213187 102.126
0.35201 0.89635 0.269529 436.143
0.109981 -0.325575 0.939098 67.9475
0.929967 -0.3007 -0.211518 102.066
0.351124 0.896978 0.268593 436.196
0.108961 -0.324052 0.939743 67.9783
0.931002 -0.299598 -0.208511 102.014
0.349103 0.89766 0.268948 436.275
0.106596 -0.323183 0.940314 68.0731
0.93063 -0.300205 -0.209295 101.957
0.34939 0.898994 0.264077 436.369
0.108878 -0.318884 0.941519 68.457
0.93066 -0.300455 -0.208801 101.934
0.349435 0.899066 0.263772 436.436
0.108475 -0.318444 0.941715 68.2964
0.931376 -0.29791 -0.209256 101.843
0.347147 0.899896 0.263962 436.531
0.109671 -0.318491 0.94156 68.3341
0.931915 -0.296315 -0.209122 101.939
0.345688 0.90014 0.265042 436.41
0.109703 -0.319287 0.941287 68.3616
0.932514 -0.296471 -0.206209 101.937
0.344908 0.900384 0.265231 436.533
0.107034 -0.318455 0.941876 68.2871
0.932407 -0.296551 -0.206578 101.781
0.34499 0.900649 0.264224 436.61
0.107699 -0.317631 0.942078 68.2833
0.933068 -0.295414 -0.205219 101.762
0.343321 0.901617 0.263091 436.694
0.107309 -0.315938 0.942692 68.6386
0.933467 -0.295098 -0.203853 101.735
0.342566 0.901922 0.263029 436.739
0.10624 -0.315362 0.943006 68.7145
0.933533 -0.294343 -0.204644 101.632
0.34217 0.901874 0.26371 436.76
0.106942 -0.316205 0.942644 68.6526
0.933731 -0.294796 -0.20308 101.605
0.342007 0.902184 0.26286 436.831
0.105726 -0.314895 0.94322 68.901
0.93351 -0.294533 -0.204472 101.505
0.342178 0.902181 0.262648 436.963
0.107112 -0.315151 0.942978 68.8769
0.933792 -0.29388 -0.204123 101.51
0.341225 0.903074 0.260813 437.105
0.10769 -0.313197 0.943563 69.1818
0.933708 -0.29496 -0.20295 101.387
0.341846 0.90296 0.260393 437.162
0.10645 -0.312509 0.943932 69.2144
0.933439 -0.295095 -0.203987 101.272
0.341988 0.903711 0.257588 437.355
0.108332 -0.310203 0.944478 69.6348
0.933685 -0.2957 -0.201974 101.307
0.3419 0.903831 0.257283 437.439
0.106472 -0.309276 0.944993 69.6562
0.933702 -0.294396 -0.203791 101.311
0.341318 0.903791 0.258192 437.426
0.108174 -0.310632 0.944355 69.7
0.933611 -0.293882 -0.204949 101.297
0.341341 0.903407 0.259504 437.52
0.108889 -0.312233 0.943745 69.4447
0.933723 -0.293592 -0.204853 101.266
0.340985 0.903653 0.259115 437.571
0.109042 -0.311794 0.943872 69.5878
0.933705 -0.293703 -0.204777 101.294
0.341032 0.903724 0.258804 437.782
0.109051 -0.311482 0.943974 69.6542
0.934301 -0.29265 -0.203562 101.157
0.339709 0.904015 0.259529 437.882
0.108072 -0.31163 0.944038 70.0014
0.934426 -0.291605 -0.204485 101.149
0.339214 0.903647 0.261449 438.041
0.108543 -0.313669 0.943308 69.9071
0.93423 -0.291374 -0.205707 101.031
0.339329 0.903741 0.260977 438.29
0.109864 -0.313615 0.943173 70.2249
0.934061 -0.291713 -0.205995 101.077
0.339601 0.904004 0.259708 438.508
0.11046 -0.312539 0.943461 70.575
0.933876 -0.292099 -0.206285 101.069
0.340166 0.903548 0.260552 438.705
0.110281 -0.313495 0.943164 70.7657
0.933734 -0.291854 -0.207274 101.011
0.340082 0.903985 0.259145 438.957
0.11174 -0.312463 0.943335 70.8118
0.933694 -0.293413 -0.205243 100.819
0.340925 0.903703 0.259018 439.045
0.10948 -0.311816 0.943814 71.1865
0.934384 -0.292724 -0.203072 100.735
0.339666 0.903925 0.259897 439.065
0.107483 -0.31182 0.944042 71.4704
0.934242 -0.291907 -0.204897 100.739
0.339476 0.903956 0.260039 439.197
0.109311 -0.312497 0.943608 71.3396
0.934449 -0.291039 -0.205187 100.646
0.339038 0.903349 0.262704 439.194
0.108898 -0.31505 0.942807 71.2974
0.934139 -0.29187 -0.205415 100.566
0.339662 0.903748 0.260517 439.273
0.109606 -0.313131 0.943364 71.6672
0.933825 -0.291293 -0.207651 100.415
0.340017 0.903137 0.262167 439.295
0.11117 -0.315423 0.942417 71.6521
0.933752 -0.290616 -0.208927 100.276
0.339956 0.902721 0.263676 439.425
0.111975 -0.317234 0.941713 71.6818
0.933501 -0.28866 -0.212722 100.237
0.339565 0.902244 0.265803 439.503
0.1152 -0.320361 0.940265 71.9006
0.93328 -0.288661 -0.213691 100.222
0.340081 0.901579 0.267394 439.61
0.115473 -0.322226 0.939594 71.7374
0.933208 -0.288431 -0.214313 100.073
0.340301 0.900926 0.269308 439.704
0.115404 -0.324251 0.938905 71.7124
0.932622 -0.288746 -0.216432 100.055
0.341133 0.901041 0.26787 439.704
0.117668 -0.323654 0.93883 72.0352
0.932284 -0.288637 -0.218027 99.7907
0.341826 0.90015 0.269973 439.753
0.118333 -0.326219 0.937858 72.1032
0.932161 -0.289982 -0.216763 99.706
0.342557 0.900212 0.268835 439.843
0.117175 -0.324851 0.938479 72.2798
0.932141 -0.289891 -0.216973 99.7876
0.342517 0.900281 0.268654 439.862
0.117456 -0.32474 0.938482 72.2556
0.932406 -0.290051 -0.215616 99.6535
0.342169 0.900534 0.268251 439.948
0.116363 -0.323896 0.938909 72.3488
0.932044 -0.290787 -0.216188 99.5934
0.342921 0.900604 0.267053 440.085
0.117044 -0.32304 0.93912 72.5089
0.93185 -0.29057 -0.217313 99.5357
0.343101 0.900498 0.267179 440.249
0.118056 -0.323531 0.938824 72.655
0.931992 -0.290538 -0.216746 99.4329
0.343009 0.900231 0.268194 440.312
0.117201 -0.324301 0.938666 72.5906
0.931615 -0.291589 -0.216953 99.3415
0.343804 0.900613 0.265887 440.4
0.117862 -0.322294 0.939274 72.9855
0.931723 -0.291355 -0.216805 99.2864
0.343536 0.9007 0.265939 440.425
0.117793 -0.322262 0.939293 73.0198
0.931739 -0.292538 -0.215137 99.213
0.344085 0.900588 0.265606 440.508
0.11605 -0.321501 0.939771 73.1608
0.93176 -0.29306 -0.214333 99.2048
0.344365 0.900384 0.265935 440.51
0.115048 -0.321596 0.939862 73.2266
0.931729 -0.292913 -0.214669 99.2173
0.344471 0.900013 0.267051 440.573
0.114983 -0.322767 0.939468 73.1313
0.931812 -0.29197 -0.215593 99.1305
0.343757 0.900547 0.266168 440.687
0.116439 -0.32213 0.939508 73.4193
0.931693 -0.292122 -0.215898 99.2479
0.344186 0.899951 0.267626 440.632
0.116118 -0.323654 0.939023 73.3295
0.93116 -0.293325 -0.216566 99.1777
0.34532 0.900113 0.265614 440.8
0.117023 -0.322114 0.93944 73.5366
0.930692 -0.293383 -0.21849 99.1343
0.345886 0.900197 0.264593 440.887
0.119057 -0.321827 0.939283 73.7072
0.930902 -0.293328 -0.217671 99.1597
0.345591 0.900241 0.264828 440.992
0.118275 -0.321753 0.939407 73.9156
0.931119 -0.29377 -0.216138 99.3188
0.345709 0.899725 0.266421 440.937
0.116199 -0.322791 0.93931 73.6522
0.931174 -0.292894 -0.217092 99.3208
0.345147 0.900015 0.26617 440.999
0.117427 -0.322779 0.939162 73.7978
0.930945 -0.293761 -0.216899 99.205
0.345884 0.899822 0.265867 441.113
0.117069 -0.32253 0.939292 73.6617
0.930764 -0.293997 -0.217355 99.2631
0.346227 0.899774 0.26558 441.166
0.117491 -0.322447 0.939268 73.8646
0.93065 -0.293632 -0.218336 99.2581
0.346255 0.899634 0.26602 441.185
0.118311 -0.323172 0.938916 73.8198
0.930952 -0.292563 -0.218483 99.2935
0.345156 0.900324 0.265112 441.28
0.119144 -0.322217 0.939138 74.0008
0.931084 -0.292647 -0.217808 99.3498
0.345155 0.899995 0.266229 441.255
0.118115 -0.323059 0.938979 73.927
0.931441 -0.292338 -0.216693 99.4377
0.344531 0.900125 0.266596 441.348
0.117114 -0.322975 0.939133 73.8882
0.931653 -0.291938 -0.21632 99.3939
0.343951 0.900513 0.266034 441.437
0.117134 -0.322255 0.939378 74.1102
0.931657 -0.291717 -0.216601 99.5655
0.343779 0.900699 0.265626 441.533
0.117605 -0.321935 0.939429 74.1702
0.931369 -0.291316 -0.218373 99.7845
0.343896 0.900848 0.26497 441.586
0.119531 -0.321882 0.939204 74.2295
0.9315 -0.290998 -0.218237 99.7642
0.343502 0.901093 0.264645 441.661
0.11964 -0.321482 0.939327 74.5004
0.931377 -0.290372 -0.219593 99.8977
0.343325 0.901207 0.264489 441.764
0.121099 -0.321731 0.939055 74.4412
0.930827 -0.290896 -0.221223 99.9295
0.344314 0.900962 0.264035 441.81
0.122507 -0.321941 0.9388 74.352
0.930595 -0.290015 -0.223348 99.9446
0.344225 0.90087 0.264468 441.841
0.124508 -0.322994 0.938175 74.3882
0.930352 -0.290713 -0.223454 100.041
0.344809 0.900927 0.263509 442.042
0.12471 -0.322205 0.93842 74.4517
0.929494 -0.292863 -0.224214 100.088
0.34698 0.900453 0.262279 442.141
0.125082 -0.321584 0.938583 74.5065
0.928347 -0.295352 -0.225697 100.124
0.349472 0.900379 0.259204 442.417
0.126656 -0.319506 0.939082 75.0728
0.927769 -0.296748 -0.226243 100.052
0.350755 0.900413 0.257349 442.65
0.127344 -0.318116 0.93946 74.9602
0.927555 -0.298398 -0.224944 100.104
0.351717 0.900488 0.255768 442.763
0.126239 -0.316355 0.940204 75.1813
0.927428 -0.300053 -0.223263 100.193
0.352548 0.900648 0.254055 442.87
0.124852 -0.314329 0.941068 75.331
0.927527 -0.299904 -0.223051 100.066
0.352421 0.900515 0.2547 442.925
0.124475 -0.314849 0.940944 75.3693
0.927572 -0.30058 -0.221949 100.154
0.35265 0.900573 0.254178 442.921
0.123481 -0.314039 0.941346 75.4538
0.927164 -0.3016 -0.222273 100.243
0.353613 0.90048 0.253169 442.938
0.123796 -0.313327 0.941542 75.4959
0.927313 -0.30145 -0.22185 100.218
0.353178 0.900978 0.252 443.077
0.123917 -0.312036 0.941955 75.6535
0.927187 -0.301806 -0.221896 100.119
0.35345 0.901057 0.251333 443.168
0.124087 -0.311462 0.942122 75.7569
0.927142 -0.30245 -0.221204 100.009
0.353737 0.901193 0.25044 443.261
0.123602 -0.310442 0.942522 75.9333
0.927257 -0.301976 -0.221372 100.028
0.353366 0.901264 0.250712 443.257
0.123806 -0.3107 0.942411 76.0486
0.92737 -0.302789 -0.219782 99.9923
0.353554 0.90139 0.24999 443.409
0.122415 -0.309538 0.942974 76.0624
0.927287 -0.302251 -0.220867 100.138
0.353509 0.901127 0.251002 443.368
0.123164 -0.310829 0.942452 75.8921
0.927515 -0.301994 -0.220263 100.097
0.353046 0.901349 0.250857 443.41
0.122776 -0.310436 0.942632 76.0346
0.927479 -0.302442 -0.219799 99.9917
0.35321 0.90155 0.2499 443.565
0.122579 -0.309412 0.942995 76.1578
0.927513 -0.302791 -0.219173 99.8682
0.353235 0.901785 0.249014 443.652
0.122248 -0.308384 0.943374 76.2596
0.927357 -0.30287 -0.219727 99.8658
0.353335 0.902068 0.247846 443.677
0.123143 -0.307479 0.943553 76.5202
0.927869 -0.299785 -0.221782 99.9808
0.351445 0.901852 0.251297 443.629
0.124679 -0.311115 0.942158 76.3852
0.928067 -0.299442 -0.221418 99.9022
0.351188 0.901543 0.252759 443.647
0.123931 -0.312337 0.941853 76.3384
0.928228 -0.300095 -0.219852 99.8246
0.351108 0.902025 0.251144 443.779
0.122944 -0.310311 0.942651 76.4668
0.928177 -0.299722 -0.220575 99.7896
0.351089 0.901794 0.251999 443.8
0.123383 -0.311341 0.942254 76.2477
0.928089 -0.300786 -0.219495 99.8199
0.351666 0.901805 0.251157 443.795
0.122397 -0.310285 0.942731 76.4727
0.927592 -0.3016 -0.220479 99.7744
0.352713 0.901521 0.250706 443.752
0.123154 -0.310318 0.942622 76.4069
0.927422 -0.301337 -0.22155 99.6669
0.352679 0.90179 0.249786 443.798
0.124522 -0.309793 0.942615 76.5939
0.927473 -0.301795 -0.220711 99.6154
0.352813 0.901831 0.249448 443.929
0.123762 -0.309226 0.942901 76.5834
0.927627 -0.300316 -0.222078 99.7434
0.351936 0.90191 0.250398 443.867
0.125096 -0.310433 0.942328 76.5563
0.927731 -0.299162 -0.223199 99.7284
0.351298 0.901903 0.25132 443.802
0.126118 -0.311566 0.941818 76.6551
0.927752 -0.299332 -0.222883 99.7211
0.351404 0.901772 0.251641 443.961
0.125665 -0.311782 0.941807 76.3456
0.928177 -0.299017 -0.221531 99.6704
0.350616 0.902178 0.251283 443.937
0.124722 -0.310908 0.942221 76.7341
0.928362 -0.297912 -0.222244 99.6652
0.349981 0.901984 0.252861 443.932
0.12513 -0.312528 0.941631 76.6988
0.928401 -0.298165 -0.22174 99.5995
0.349969 0.902191 0.252137 443.929
0.124873 -0.311687 0.941944 76.7978
0.928376 -0.298878 -0.220883 99.6083
0.350299 0.902248 0.251476 444.008
0.124131 -0.310839 0.942322 76.6671
0.928433 -0.298304 -0.22142 99.6273
