-0.262796 -0.283357 -0.922305 151.456
0.639252 0.664865 -0.386409 433.598
0.7227 -0.691132 0.00641252 50.9447
-0.262796 -0.283357 -0.922305 151.456
0.639252 0.664865 -0.386409 433.598
0.7227 -0.691132 0.00641252 50.9447
-0.261918 -0.284543 -0.92219 151.396
0.639015 0.664946 -0.386661 433.647
0.723228 -0.690567 0.00766583 50.936
-0.261914 -0.284355 -0.922249 151.27
0.639254 0.664798 -0.38652 433.651
0.723019 -0.690786 0.00765484 50.9137
-0.260924 -0.28329 -0.922857 151.433
0.640151 0.664782 -0.385061 433.592
0.722583 -0.69124 0.00789041 50.8312
-0.261411 -0.281615 -0.923232 151.419
0.639892 0.665533 -0.384193 433.616
0.722636 -0.691201 0.00622536 50.9123
-0.261589 -0.280724 -0.923453 151.35
0.639618 0.666095 -0.383675 433.548
0.722814 -0.691022 0.00531307 50.9665
-0.262255 -0.279745 -0.923561 151.384
0.638547 0.66726 -0.383434 433.62
0.723519 -0.690294 0.00363769 50.8207
-0.262498 -0.27913 -0.923678 151.333
0.63899 0.666996 -0.383155 433.606
0.72304 -0.690799 0.00327571 50.8782
-0.263288 -0.280022 -0.923183 151.133
0.638001 0.667256 -0.384349 433.658
0.723626 -0.690186 0.00297396 50.9768
-0.265459 -0.280468 -0.922426 151.003
0.636073 0.668044 -0.386173 433.748
0.72453 -0.689243 0.00105983 51.0689
-0.266145 -0.281974 -0.921769 150.75
0.635123 0.668041 -0.387738 433.756
0.725111 -0.688631 0.00129185 51.1487
-0.267022 -0.282554 -0.921337 150.656
0.634517 0.66802 -0.388763 433.795
0.725319 -0.688413 0.000908959 51.1252
-0.267527 -0.281976 -0.921368 150.709
0.63482 0.667774 -0.388691 433.69
0.724867 -0.688889 0.000356157 51.1965
-0.269442 -0.284862 -0.919921 150.317
0.632462 0.668017 -0.392104 433.813
0.726218 -0.687464 0.000172098 51.4917
-0.270634 -0.284881 -0.919565 150.187
0.63268 0.66732 -0.392938 433.834
0.725585 -0.688133 -0.000361354 51.2805
-0.270343 -0.285429 -0.919481 150.122
0.632145 0.667711 -0.393135 433.908
0.726159 -0.687527 -7.84104e-05 51.2487
-0.269999 -0.285627 -0.91952 150.09
0.632047 0.667858 -0.393042 433.933
0.726373 -0.687301 0.000208711 51.2479
-0.270172 -0.286374 -0.919237 149.976
0.63121 0.66826 -0.393704 433.93
0.727036 -0.6866 0.000217014 51.4598
-0.271073 -0.284721 -0.919485 149.952
0.632315 0.667557 -0.393123 433.868
0.725739 -0.687969 -0.00092374 51.4199
-0.271702 -0.284845 -0.919261 149.639
0.631163 0.66834 -0.393643 433.939
0.726507 -0.687157 -0.0018058 51.5444
-0.272152 -0.284927 -0.919103 149.639
0.631094 0.668187 -0.394013 433.968
0.726398 -0.687272 -0.00203279 51.5915
-0.271502 -0.284841 -0.919322 149.597
0.631568 0.668039 -0.393504 433.943
0.726229 -0.687452 -0.00147754 51.6345
-0.271085 -0.286366 -0.918971 149.527
0.630687 0.668387 -0.394326 434.017
0.72715 -0.686479 -0.000582454 51.7124
-0.270258 -0.287448 -0.918877 149.471
0.631583 0.667412 -0.394543 434.044
0.72668 -0.686976 0.00117408 51.4414
-0.27017 -0.285383 -0.919546 149.358
0.631912 0.668021 -0.392983 433.977
0.726427 -0.687244 -0.0001421 51.7284
-0.271231 -0.284256 -0.919583 149.328
0.631251 0.668699 -0.392892 434.034
0.726606 -0.687052 -0.00193507 51.8081
-0.270855 -0.284989 -0.919467 149.346
0.631742 0.668073 -0.393167 434.056
0.72632 -0.687357 -0.000911079 51.5399
-0.274719 -0.283186 -0.918877 149.119
0.630593 0.668365 -0.394512 434.093
0.725866 -0.687818 -0.0050372 51.8929
-0.274258 -0.284719 -0.918541 148.801
0.629996 0.66846 -0.395305 434.184
0.726559 -0.687093 -0.00395867 51.8303
-0.273977 -0.284505 -0.918691 148.82
0.630509 0.66818 -0.39496 434.148
0.726219 -0.687453 -0.00368281 51.9184
-0.273551 -0.285321 -0.918565 148.791
0.630006 0.668479 -0.395257 434.164
0.726817 -0.686824 -0.00310942 52.0017
-0.272846 -0.286642 -0.918364 148.829
0.629576 0.668602 -0.395733 434.17
0.727454 -0.686154 -0.00196233 51.9758
-0.271732 -0.286275 -0.918808 148.779
0.631075 0.667797 -0.394704 434.168
0.726571 -0.687091 -0.000800478 51.8939
-0.272166 -0.284818 -0.919132 148.728
0.631538 0.667808 -0.393945 434.126
0.726007 -0.687685 -0.00188096 51.978
-0.27176 -0.284956 -0.91921 148.476
0.630815 0.668598 -0.393763 434.16
0.726787 -0.686861 -0.00194375 52.1579
-0.272237 -0.284731 -0.919138 148.444
0.630835 0.668482 -0.393928 434.142
0.726591 -0.687066 -0.00236754 52.2183
-0.27098 -0.285391 -0.919305 148.398
0.631334 0.668237 -0.393545 434.143
0.726627 -0.687031 -0.000901629 52.1309
-0.272754 -0.285147 -0.918856 148.33
0.629983 0.668899 -0.394583 434.3
0.727136 -0.686488 -0.00280696 52.2454
-0.272638 -0.286582 -0.918444 148.209
0.629196 0.669072 -0.395545 434.318
0.727861 -0.685722 -0.00209806 52.2918
-0.272529 -0.285951 -0.918673 148.127
0.629924 0.668701 -0.395013 434.266
0.727272 -0.686346 -0.00211251 52.2999
-0.273031 -0.285238 -0.918746 148.02
0.629603 0.669106 -0.394838 434.307
0.727361 -0.686248 -0.00310017 52.3901
-0.27276 -0.286148 -0.918543 147.867
0.629584 0.668843 -0.395314 434.372
0.72748 -0.686125 -0.0022794 52.3351
-0.275055 -0.28578 -0.917973 147.739
0.628648 0.668951 -0.396619 434.4
0.727424 -0.686174 -0.00434374 52.4036
-0.274671 -0.287807 -0.917455 147.566
0.628061 0.668784 -0.397829 434.384
0.728077 -0.685489 -0.0029351 52.3306
-0.276126 -0.287013 -0.917267 147.494
0.627908 0.668677 -0.398249 434.522
0.727657 -0.685926 -0.00442147 52.2773
-0.274946 -0.285936 -0.917957 147.509
0.627757 0.669767 -0.396652 434.45
0.728234 -0.685312 -0.00465153 52.619
-0.274737 -0.285912 -0.918027 147.43
0.628047 0.669589 -0.396493 434.425
0.728063 -0.685496 -0.00439447 52.6247
-0.27398 -0.286693 -0.91801 147.302
0.627764 0.669826 -0.396542 434.476
0.728593 -0.684938 -0.0035437 52.7318
-0.273819 -0.286896 -0.917994 147.139
0.628573 0.669043 -0.396583 434.551
0.727956 -0.685618 -0.00286149 52.5815
-0.274468 -0.285846 -0.918128 147.014
0.628081 0.669696 -0.396261 434.519
0.728136 -0.68542 -0.0042759 52.9276
-0.271812 -0.285782 -0.918938 147.117
0.629463 0.669498 -0.394397 434.529
0.727938 -0.685639 -0.00208837 52.5037
-0.271574 -0.285267 -0.919168 147.021
0.629596 0.66969 -0.393858 434.538
0.727913 -0.685666 -0.00226745 52.7329
-0.270149 -0.283275 -0.920204 146.933
0.630531 0.670232 -0.391432 434.461
0.727633 -0.685962 -0.00244931 52.827
-0.26968 -0.282147 -0.920688 146.823
0.630144 0.671264 -0.390287 434.477
0.728143 -0.685418 -0.00323321 52.8521
-0.26939 -0.282847 -0.920558 146.654
0.629769 0.671435 -0.390597 434.475
0.728574 -0.684962 -0.00274951 52.8765
-0.268207 -0.283428 -0.920725 146.563
0.63009 0.671359 -0.39021 434.424
0.728733 -0.684796 -0.00147826 52.9335
-0.26666 -0.281884 -0.921648 146.58
0.631356 0.671436 -0.388026 434.476
0.728205 -0.685358 -0.00107597 52.632
-0.267672 -0.282564 -0.921146 146.286
0.630117 0.671912 -0.389213 434.517
0.728906 -0.684611 -0.00180358 52.8408
-0.267766 -0.284363 -0.920565 146.122
0.628823 0.672326 -0.390588 434.519
0.729988 -0.683459 -0.00121228 53.0983
-0.266539 -0.279224 -0.922492 146.126
0.632545 0.671479 -0.38601 434.512
0.727217 -0.686404 -0.00235341 52.9978
-0.267318 -0.277857 -0.922679 146.095
0.631797 0.672448 -0.385546 434.582
0.72758 -0.68601 -0.00420852 53.0872
-0.267311 -0.280198 -0.921973 145.873
0.631147 0.672083 -0.387244 434.499
0.728147 -0.685415 -0.00280839 53.3148
-0.264879 -0.284365 -0.921399 145.884
0.630652 0.671756 -0.388616 434.498
0.729463 -0.684018 0.0014011 52.9042
-0.263832 -0.283734 -0.921894 145.732
0.631478 0.67166 -0.387438 434.425
0.729128 -0.684374 0.00196612 52.9918
-0.263408 -0.281915 -0.922573 145.625
0.632258 0.671857 -0.385822 434.472
0.728606 -0.684932 0.00127051 53.0442
-0.262966 -0.282648 -0.922474 145.622
0.631564 0.672375 -0.386055 434.53
0.729367 -0.684121 0.00169887 52.878
-0.262461 -0.282582 -0.922639 145.616
0.631831 0.672351 -0.38566 434.447
0.729317 -0.684173 0.0020784 53.0104
-0.261842 -0.283384 -0.922568 145.442
0.631529 0.672542 -0.385823 434.464
0.729801 -0.683653 0.00286503 53.1155
-0.260317 -0.28256 -0.923252 145.352
0.632378 0.672686 -0.384177 434.492
0.729612 -0.683852 0.00357341 53.1325
-0.260387 -0.28193 -0.923425 145.252
0.632543 0.672766 -0.383765 434.563
0.729444 -0.684034 0.00315323 53.0002
-0.258998 -0.282461 -0.923653 145.209
0.632136 0.673466 -0.383207 434.532
0.73029 -0.683124 0.0041272 53.1319
-0.258618 -0.284316 -0.923191 145.074
0.631146 0.673768 -0.384307 434.629
0.731281 -0.682057 0.00519618 53.0197
-0.2582 -0.282246 -0.923943 144.906
0.631604 0.674362 -0.382508 434.565
0.731033 -0.682329 0.00414717 53.1191
-0.257602 -0.281227 -0.92442 144.906
0.63138 0.675222 -0.381358 434.513
0.731438 -0.681899 0.00362272 53.1359
-0.258223 -0.28259 -0.923831 144.613
0.630153 0.675562 -0.382783 434.679
0.732276 -0.680998 0.00362958 53.1402
-0.25619 -0.281997 -0.924578 144.619
0.631204 0.675611 -0.380961 434.46
0.732085 -0.681196 0.00491234 53.3893
-0.256672 -0.282478 -0.924297 144.262
0.630527 0.675857 -0.381645 434.601
0.732499 -0.680752 0.00463632 53.4443
-0.255481 -0.28415 -0.924115 144.251
0.630767 0.675401 -0.382056 434.561
0.732709 -0.680509 0.00668076 53.2934
-0.254567 -0.284097 -0.924383 144.067
0.630759 0.675781 -0.381397 434.539
0.733034 -0.680154 0.00716513 53.4078
-0.254375 -0.283292 -0.924683 143.946
0.631194 0.675782 -0.380675 434.556
0.732726 -0.680489 0.00690982 53.2645
-0.254678 -0.283 -0.924689 143.918
0.630767 0.676182 -0.380671 434.583
0.732988 -0.680212 0.00629811 53.3397
-0.254944 -0.279358 -0.925723 143.868
0.631708 0.676701 -0.378182 434.565
0.732086 -0.681201 0.00395174 53.2529
-0.254547 -0.279349 -0.925835 143.784
0.63124 0.67729 -0.377908 434.574
0.732626 -0.68062 0.00393449 53.3559
-0.255025 -0.279726 -0.92559 143.514
0.630969 0.677207 -0.37851 434.616
0.732694 -0.680547 0.0037937 53.3677
-0.254027 -0.278646 -0.926189 143.442
0.631215 0.677796 -0.37704 434.547
0.732829 -0.680403 0.00370695 53.5377
-0.255176 -0.278066 -0.926048 143.381
0.630893 0.677897 -0.377399 434.543
0.732707 -0.68054 0.00244721 53.659
-0.254346 -0.278339 -0.926194 143.316
0.631249 0.67777 -0.377032 434.619
0.732689 -0.680555 0.00331339 53.3641
-0.25521 -0.278087 -0.926032 143.113
0.630511 0.67823 -0.377438 434.557
0.733024 -0.680199 0.00224577 53.567
-0.254705 -0.280002 -0.925594 143.099
0.629978 0.678134 -0.3785 434.505
0.733658 -0.679509 0.0036704 53.6605
-0.253432 -0.281218 -0.925575 142.808
0.630505 0.677631 -0.378524 434.472
0.733645 -0.67951 0.00557657 53.6339
-0.253268 -0.280234 -0.925918 142.603
0.630986 0.677649 -0.377689 434.533
0.733289 -0.679898 0.00519684 53.6331
-0.25301 -0.279214 -0.926297 142.486
0.630583 0.678535 -0.376769 434.59
0.733724 -0.679433 0.00439124 53.6722
-0.252903 -0.280738 -0.925865 142.211
0.629998 0.678496 -0.377817 434.603
0.734263 -0.678844 0.00527089 53.602
-0.25232 -0.281756 -0.925715 142.138
0.629854 0.678433 -0.37817 434.567
0.734587 -0.678485 0.00628328 53.7111
-0.250627 -0.281993 -0.926103 141.977
0.630278 0.678583 -0.377194 434.5
0.734803 -0.678237 0.00766294 53.8414
-0.251063 -0.280225 -0.926521 141.928
0.630982 0.678487 -0.376187 434.447
0.734049 -0.679065 0.00647402 53.8357
-0.252036 -0.280027 -0.926317 141.692
0.630057 0.679057 -0.376709 434.509
0.734511 -0.678577 0.00528598 53.8999
-0.252178 -0.279943 -0.926303 141.658
0.630506 0.678623 -0.37674 434.547
0.734076 -0.679046 0.00537201 53.8246
-0.251722 -0.280386 -0.926294 141.609
0.630224 0.678875 -0.376758 434.545
0.734475 -0.678611 0.00581857 53.8999
-0.252732 -0.277824 -0.92679 141.455
0.630799 0.679004 -0.375561 434.478
0.733634 -0.679535 0.00364525 54.0474
-0.25247 -0.277389 -0.926992 141.42
0.631013 0.67908 -0.375064 434.57
0.733541 -0.679636 0.00358905 53.8325
-0.251143 -0.279207 -0.926807 141.25
0.630373 0.679433 -0.375501 434.471
0.734546 -0.678538 0.00536924 54.1201
-0.25116 -0.278657 -0.926967 141.311
0.630901 0.679161 -0.375106 434.493
0.734086 -0.679036 0.00522679 53.9323
-0.251997 -0.279645 -0.926443 141.203
0.630719 0.678615 -0.376397 434.469
0.733956 -0.679176 0.00536824 54.0349
-0.251524 -0.280065 -0.926444 141.158
0.631058 0.678308 -0.376382 434.463
0.733826 -0.679309 0.00612633 53.9838
-0.250351 -0.280477 -0.926637 141.161
0.631666 0.67802 -0.375883 434.478
0.733705 -0.679428 0.00742428 53.7768
-0.249045 -0.282774 -0.926291 140.929
0.6318 0.677453 -0.376677 434.535
0.734034 -0.67904 0.00994081 53.9687
-0.249217 -0.284225 -0.925801 140.9
0.631288 0.677271 -0.377862 434.544
0.734416 -0.678617 0.0106406 53.9418
-0.249318 -0.284583 -0.925664 140.82
0.630943 0.677406 -0.378197 434.504
0.734678 -0.678332 0.010666 54.0114
-0.248028 -0.283731 -0.926272 140.756
0.63154 0.677687 -0.376693 434.451
0.734601 -0.678408 0.0111023 53.9569
-0.247344 -0.285575 -0.925888 140.712
0.631457 0.67727 -0.377582 434.461
0.734904 -0.67805 0.0128096 53.8783
-0.247289 -0.28371 -0.926475 140.717
0.631891 0.677648 -0.376174 434.41
0.734549 -0.678455 0.0116989 53.9221
-0.248636 -0.280925 -0.926963 140.571
0.632263 0.677928 -0.375042 434.429
0.733774 -0.679334 0.0090607 53.9746
-0.247981 -0.280746 -0.927193 140.551
0.632052 0.678441 -0.374471 434.423
0.734177 -0.678896 0.00920559 53.9415
-0.24725 -0.280572 -0.927441 140.525
0.632338 0.678519 -0.373844 434.441
0.734177 -0.678889 0.00965263 53.8473
-0.24591 -0.279004 -0.92827 140.358
0.632735 0.67928 -0.371786 434.338
0.734285 -0.678775 0.00949422 54.0888
-0.2457 -0.277071 -0.928904 140.558
0.633296 0.679611 -0.370223 434.285
0.733872 -0.679235 0.00848737 53.996
-0.245425 -0.278721 -0.928484 140.241
0.632356 0.679923 -0.371255 434.316
0.734774 -0.678247 0.0093809 54.0901
-0.246075 -0.278734 -0.928307 140.145
0.631998 0.680008 -0.371709 434.312
0.734864 -0.678157 0.00882688 53.8374
-0.248228 -0.280558 -0.927184 139.885
0.629498 0.680779 -0.374529 434.308
0.736285 -0.676629 0.00762153 54.1829
-0.246518 -0.281685 -0.927298 139.712
0.630464 0.680071 -0.374191 434.238
0.736033 -0.676873 0.00994254 54.1475
-0.247054 -0.281159 -0.927315 139.541
0.630582 0.679975 -0.374165 434.275
0.735751 -0.677188 0.00930314 54.2038
-0.246936 -0.280611 -0.927513 139.329
0.630927 0.679922 -0.37368 434.241
0.735495 -0.677468 0.00914801 54.1313
-0.245442 -0.282753 -0.927259 139.119
0.63096 0.679583 -0.37424 434.26
0.735967 -0.676918 0.0116078 54.1096
-0.24343 -0.282894 -0.927746 139.068
0.632362 0.678982 -0.372964 434.155
0.735432 -0.677462 0.0136071 54.1729
-0.244003 -0.281829 -0.92792 139.063
0.632484 0.679085 -0.372569 434.158
0.735137 -0.677802 0.0125535 54.2268
-0.243953 -0.282475 -0.927736 138.773
0.632081 0.679215 -0.373015 434.133
0.7355 -0.677403 0.012851 54.4141
-0.245337 -0.282558 -0.927346 138.708
0.631297 0.679391 -0.374022 434.139
0.735713 -0.677192 0.0116988 54.3111
-0.245895 -0.283672 -0.926858 138.446
0.630159 0.679779 -0.375233 434.234
0.736502 -0.676336 0.0116041 54.3411
-0.245234 -0.28223 -0.927473 138.434
0.631412 0.679455 -0.37371 434.147
0.735649 -0.677264 0.0115776 54.1957
-0.240618 -0.282871 -0.928487 138.142
0.632964 0.679474 -0.37104 434.103
0.735839 -0.676977 0.0155536 54.2895
-0.238132 -0.283219 -0.929021 138.077
0.633543 0.679715 -0.36961 434.051
0.73615 -0.676591 0.0175691 54.1531
-0.237131 -0.285507 -0.928577 137.801
0.632915 0.679746 -0.370627 434.066
0.737013 -0.675597 0.0195123 54.3906
-0.236384 -0.285428 -0.928791 137.598
0.633948 0.679102 -0.37004 434.046
0.736364 -0.676277 0.0204171 54.2962
-0.2367 -0.286842 -0.928275 137.573
0.633164 0.679142 -0.371308 434.084
0.736938 -0.675639 0.0208653 54.3582
-0.23616 -0.287876 -0.928093 137.407
0.632743 0.679311 -0.371715 434.168
0.737472 -0.675028 0.0217256 54.3854
-0.23642 -0.28607 -0.928585 137.094
0.632444 0.680212 -0.370576 434.101
0.737645 -0.67489 0.0201074 54.6397
-0.236252 -0.284525 -0.929102 136.923
0.632571 0.680773 -0.369327 434.043
0.73759 -0.674977 0.0191487 54.5182
-0.234354 -0.28572 -0.929216 136.63
0.632945 0.680645 -0.368921 434.067
0.737875 -0.674601 0.0213329 54.5314
-0.231388 -0.287755 -0.929331 136.499
0.633751 0.680176 -0.368401 433.966
0.738119 -0.674208 0.024981 54.5739
-0.231582 -0.289922 -0.928609 136.277
0.633295 0.679662 -0.370132 434.058
0.738449 -0.673799 0.0262089 54.6412
-0.231232 -0.289972 -0.928681 136.106
0.634016 0.67911 -0.369909 434.03
0.73794 -0.674334 0.0268147 54.4844
-0.228219 -0.292474 -0.928642 135.817
0.634434 0.678828 -0.369711 433.976
0.738519 -0.673536 0.0306342 54.7768
-0.224759 -0.294298 -0.928909 135.644
0.635909 0.678012 -0.368673 433.942
0.738311 -0.673564 0.0347577 54.642
-0.223882 -0.295355 -0.928785 135.488
0.635866 0.677949 -0.368863 433.835
0.738614 -0.673165 0.0360251 54.6855
-0.221789 -0.295833 -0.929135 135.209
0.636306 0.678115 -0.367799 433.777
0.738867 -0.672788 0.037842 54.7441
-0.221729 -0.295409 -0.929285 135.151
0.636747 0.677902 -0.367426 433.755
0.738505 -0.673188 0.0377903 54.8068
-0.221971 -0.296403 -0.92891 134.776
0.637078 0.677119 -0.368295 433.765
0.738147 -0.673539 0.0385314 54.8908
-0.220639 -0.297884 -0.928754 134.809
0.637004 0.677081 -0.368494 433.804
0.73861 -0.672924 0.0403627 54.7561
-0.21955 -0.299817 -0.92839 134.5
0.637009 0.676702 -0.369179 433.866
0.73893 -0.672446 0.0424162 54.8098
-0.220126 -0.297413 -0.929026 134.435
0.63782 0.676709 -0.367765 433.798
0.738059 -0.673506 0.0407341 54.952
-0.219104 -0.301642 -0.927904 134.224
0.637581 0.675617 -0.37018 433.702
0.738569 -0.672721 0.0442906 54.8203
-0.219595 -0.305317 -0.926585 134.063
0.636674 0.67479 -0.373236 433.656
0.739206 -0.671893 0.046207 54.7766
-0.217865 -0.305888 -0.926805 133.936
0.636731 0.67514 -0.372504 433.617
0.739668 -0.671281 0.0476789 54.8485
-0.218162 -0.30441 -0.927222 133.768
0.63722 0.675181 -0.371593 433.618
0.739159 -0.671911 0.0466775 54.9275
-0.21575 -0.306305 -0.927162 133.567
0.638039 0.674555 -0.371323 433.617
0.73916 -0.671679 0.0498993 54.7443
-0.213049 -0.306897 -0.927591 133.459
0.639482 0.673989 -0.369868 433.56
0.738697 -0.671977 0.0526627 54.8229
-0.211633 -0.31036 -0.926762 133.151
0.638581 0.673936 -0.371516 433.61
0.739883 -0.670438 0.0555625 55.0721
-0.208598 -0.311389 -0.927105 132.86
0.640421 0.672957 -0.370122 433.547
0.739153 -0.670944 0.0590429 54.9372
-0.207686 -0.312885 -0.926806 132.626
0.640375 0.672731 -0.370611 433.543
0.73945 -0.670474 0.0606469 55.1858
-0.204379 -0.316864 -0.926189 132.352
0.640675 0.672065 -0.3713 433.535
0.740111 -0.669273 0.0656509 55.2192
-0.203838 -0.316615 -0.926394 132.233
0.641053 0.67202 -0.37073 433.536
0.739934 -0.669436 0.0659836 55.3542
-0.203389 -0.317251 -0.926275 132.062
0.641439 0.671578 -0.370862 433.521
0.739722 -0.669578 0.0669052 55.4008
-0.201184 -0.318811 -0.92622 131.864
0.641942 0.671297 -0.370501 433.533
0.739889 -0.669119 0.0696042 55.2831
-0.197686 -0.320589 -0.92636 131.694
0.643294 0.670628 -0.369366 433.434
0.739657 -0.668941 0.0736595 55.3361
-0.198861 -0.320714 -0.926065 131.494
0.642777 0.670621 -0.370277 433.453
0.739792 -0.668887 0.0727877 55.5926
-0.196379 -0.322544 -0.925959 131.312
0.643637 0.670009 -0.369891 433.496
0.739707 -0.66862 0.0760253 55.3154
-0.194746 -0.32518 -0.925382 131.274
0.642869 0.670236 -0.370813 433.529
0.740806 -0.667114 0.0785227 55.4968
-0.192836 -0.324893 -0.925883 131.093
0.64414 0.669894 -0.369223 433.431
0.740202 -0.667597 0.0800967 55.5083
-0.191064 -0.327895 -0.925192 130.754
0.643908 0.669541 -0.370266 433.429
0.740862 -0.666483 0.0832094 55.7254
-0.190746 -0.328867 -0.924912 130.711
0.643932 0.669246 -0.370759 433.466
0.740924 -0.666301 0.0841115 55.6795
-0.187769 -0.327709 -0.925932 130.667
0.645282 0.669561 -0.36783 433.416
0.740509 -0.666555 0.0857417 55.6443
-0.18693 -0.328606 -0.925784 130.541
0.644875 0.669871 -0.36798 433.428
0.741076 -0.665801 0.0866909 55.6325
-0.187412 -0.329209 -0.925472 130.538
0.644513 0.669784 -0.368773 433.428
0.741269 -0.665591 0.086654 55.7191
-0.187769 -0.328717 -0.925574 130.423
0.644829 0.669568 -0.368611 433.399
0.740903 -0.666051 0.0862424 55.7408
-0.186578 -0.330473 -0.92519 130.31
0.644987 0.669153 -0.369088 433.364
0.741067 -0.665599 0.0883016 55.7308
-0.186574 -0.333271 -0.924186 130.055
0.643892 0.669016 -0.371242 433.387
0.74202 -0.66434 0.0897693 55.8792
-0.187383 -0.335743 -0.923128 130.09
0.643315 0.668244 -0.373626 433.407
0.742316 -0.663873 0.0907711 55.7564
-0.187706 -0.337108 -0.922564 129.918
0.643113 0.667753 -0.374848 433.451
0.74241 -0.663674 0.0914574 55.8076
-0.186959 -0.339411 -0.921871 129.609
0.642943 0.66724 -0.376053 433.372
0.742746 -0.663017 0.0934756 55.8417
-0.188419 -0.337237 -0.922372 129.623
0.642805 0.667717 -0.375441 433.352
0.742496 -0.663645 0.0909668 55.8371
-0.18787 -0.337877 -0.92225 129.456
0.643306 0.667209 -0.375486 433.353
0.742201 -0.663831 0.0920094 55.8549
-0.188157 -0.339492 -0.921598 129.214
0.642882 0.666824 -0.376893 433.432
0.742495 -0.663394 0.0927862 55.9256
-0.184776 -0.342631 -0.92112 128.976
0.643386 0.666324 -0.376916 433.406
0.742908 -0.662281 0.0973234 55.8233
-0.181537 -0.346273 -0.920402 128.91
0.644044 0.665428 -0.377376 433.412
0.743136 -0.661287 0.102215 55.8111
-0.181138 -0.345614 -0.920728 128.924
0.644634 0.665318 -0.376562 433.321
0.742722 -0.661743 0.10228 55.9846
-0.181448 -0.344607 -0.921044 128.705
0.645189 0.665122 -0.375957 433.317
0.742164 -0.662465 0.101652 56.1306
-0.181297 -0.346173 -0.920487 128.581
0.645673 0.664104 -0.376924 433.298
0.74178 -0.662669 0.103114 55.9663
-0.180945 -0.345291 -0.920887 128.285
0.646197 0.664125 -0.375989 433.203
0.74141 -0.663108 0.102956 56.1881
-0.17937 -0.345921 -0.920959 127.958
0.6467 0.663993 -0.375356 433.15
0.741354 -0.662912 0.104606 56.2919
-0.179305 -0.34863 -0.91995 127.818
0.645622 0.663872 -0.377421 433.239
0.742309 -0.661613 0.106047 56.3395
-0.178824 -0.345929 -0.921062 127.907
0.647711 0.663284 -0.374867 433.156
0.740603 -0.663617 0.105451 56.1892
-0.179339 -0.349486 -0.919618 127.386
0.646776 0.662478 -0.377894 433.121
0.741295 -0.662558 0.107231 56.5043
-0.17787 -0.351616 -0.919091 127.106
0.646879 0.662049 -0.378469 433.136
0.741559 -0.661859 0.109694 56.4583
-0.176874 -0.351676 -0.91926 127.176
0.647442 0.661888 -0.377788 433.118
0.741306 -0.661989 0.110619 56.3887
-0.174946 -0.354959 -0.918367 126.983
0.647271 0.661396 -0.37894 433.195
0.741912 -0.660727 0.114047 56.3652
-0.174091 -0.354869 -0.918564 126.901
0.648265 0.660861 -0.378174 433.154
0.741246 -0.661309 0.114999 56.1773
