-0.262796 -0.283357 -0.922305 151.456
0.639252 0.664865 -0.386409 433.598
0.7227 -0.691132 0.00641252 50.9447
-0.262796 -0.283357 -0.922305 151.456
0.639252 0.664865 -0.386409 433.598
0.7227 -0.691132 0.00641252 50.9447
-0.261894 -0.284575 -0.922187 151.395
0.639009 0.664948 -0.386668 433.648
0.723242 -0.690551 0.00769975 50.9357
-0.261914 -0.284355 -0.922249 151.27
0.639254 0.664798 -0.38652 433.651
0.723019 -0.690786 0.00765484 50.9137
-0.260927 -0.283264 -0.922864 151.431
0.640146 0.664796 -0.385045 433.593
0.722586 -0.691237 0.00786696 50.8349
-0.26142 -0.281598 -0.923235 151.42
0.63989 0.665539 -0.384187 433.616
0.722635 -0.691202 0.00620632 50.9109
-0.261589 -0.280724 -0.923453 151.35
0.639618 0.666095 -0.383675 433.548
0.722814 -0.691022 0.00531307 50.9665
-0.262255 -0.279745 -0.923561 151.384
0.638547 0.66726 -0.383434 433.62
0.723519 -0.690294 0.00363769 50.8207
-0.262498 -0.27913 -0.923678 151.333
0.63899 0.666996 -0.383155 433.606
0.72304 -0.690799 0.00327571 50.8782
-0.263298 -0.280059 -0.923169 151.128
0.637975 0.667262 -0.384383 433.659
0.723645 -0.690166 0.0029819 50.9774
-0.265459 -0.280468 -0.922426 151.003
0.636073 0.668044 -0.386173 433.748
0.72453 -0.689243 0.00105983 51.0689
-0.266145 -0.281974 -0.921769 150.75
0.635123 0.668041 -0.387738 433.756
0.725111 -0.688631 0.00129185 51.1487
-0.267022 -0.282554 -0.921337 150.656
0.634517 0.66802 -0.388763 433.795
0.725319 -0.688413 0.000908959 51.1252
-0.267527 -0.281976 -0.921368 150.709
0.63482 0.667774 -0.388691 433.69
0.724867 -0.688889 0.000356157 51.1965
-0.269442 -0.284862 -0.919921 150.317
0.632462 0.668017 -0.392104 433.813
0.726218 -0.687464 0.000172098 51.4917
-0.270634 -0.284881 -0.919565 150.187
0.63268 0.66732 -0.392938 433.834
0.725585 -0.688133 -0.000361354 51.2805
-0.270328 -0.285437 -0.919483 150.121
0.632141 0.667717 -0.393131 433.909
0.726168 -0.687517 -6.62864e-05 51.2487
-0.269999 -0.285627 -0.91952 150.09
0.632047 0.667858 -0.393042 433.933
0.726373 -0.687301 0.000208711 51.2479
-0.270172 -0.286374 -0.919237 149.976
0.63121 0.66826 -0.393704 433.93
0.727036 -0.6866 0.000217014 51.4598
-0.271073 -0.284721 -0.919485 149.952
0.632315 0.667557 -0.393123 433.868
0.725739 -0.687969 -0.00092374 51.4199
-0.271702 -0.284845 -0.919261 149.639
0.631163 0.66834 -0.393643 433.939
0.726507 -0.687157 -0.0018058 51.5444
-0.272142 -0.284922 -0.919107 149.639
0.631101 0.668187 -0.394002 433.969
0.726396 -0.687274 -0.00202712 51.5897
-0.271502 -0.284841 -0.919322 149.597
0.631568 0.668039 -0.393504 433.943
0.726229 -0.687452 -0.00147754 51.6345
-0.271085 -0.286366 -0.918971 149.527
0.630687 0.668387 -0.394326 434.017
0.72715 -0.686479 -0.000582454 51.7124
-0.270239 -0.287425 -0.91889 149.469
0.631601 0.667413 -0.394513 434.042
0.726672 -0.686984 0.00117679 51.4443
-0.270191 -0.28535 -0.91955 149.358
0.6319 0.668038 -0.392973 433.978
0.726429 -0.687242 -0.000185414 51.7334
-0.271231 -0.284256 -0.919583 149.328
0.631251 0.668699 -0.392892 434.034
0.726606 -0.687052 -0.00193507 51.8081
-0.270855 -0.284989 -0.919467 149.346
0.631742 0.668073 -0.393167 434.056
0.72632 -0.687357 -0.000911079 51.5399
-0.274719 -0.283186 -0.918877 149.119
0.630593 0.668365 -0.394512 434.093
0.725866 -0.687818 -0.0050372 51.8929
-0.274258 -0.284719 -0.918541 148.801
0.629996 0.66846 -0.395305 434.184
0.726559 -0.687093 -0.00395867 51.8303
-0.273977 -0.284505 -0.918691 148.82
0.630509 0.66818 -0.39496 434.148
0.726219 -0.687453 -0.00368281 51.9184
-0.273551 -0.285321 -0.918565 148.791
0.630006 0.668479 -0.395257 434.164
0.726817 -0.686824 -0.00310942 52.0017
-0.272835 -0.286679 -0.918355 148.83
0.629565 0.668601 -0.395753 434.171
0.727467 -0.68614 -0.00193504 51.9733
-0.27174 -0.286247 -0.918815 148.78
0.631088 0.667794 -0.394689 434.167
0.726557 -0.687106 -0.000818783 51.8946
-0.272166 -0.284818 -0.919132 148.728
0.631538 0.667808 -0.393945 434.126
0.726007 -0.687685 -0.00188096 51.978
-0.271746 -0.284966 -0.919211 148.473
0.630802 0.668612 -0.393761 434.16
0.726803 -0.686843 -0.00193538 52.1604
-0.272237 -0.284731 -0.919138 148.444
0.630835 0.668482 -0.393928 434.142
0.726591 -0.687066 -0.00236754 52.2183
-0.27098 -0.285391 -0.919305 148.398
0.631334 0.668237 -0.393545 434.143
0.726627 -0.687031 -0.000901629 52.1309
-0.272812 -0.285151 -0.918838 148.328
0.629937 0.668917 -0.394625 434.304
0.727154 -0.686468 -0.00286082 52.2492
-0.272638 -0.286582 -0.918444 148.209
0.629196 0.669072 -0.395545 434.318
0.727861 -0.685722 -0.00209806 52.2918
-0.272529 -0.285951 -0.918673 148.127
0.629924 0.668701 -0.395013 434.266
0.727272 -0.686346 -0.00211251 52.2999
-0.273037 -0.285228 -0.918747 148.015
0.629596 0.669115 -0.394834 434.307
0.727365 -0.686244 -0.00311461 52.3956
-0.27276 -0.286148 -0.918543 147.867
0.629584 0.668843 -0.395314 434.372
0.72748 -0.686125 -0.0022794 52.3351
-0.275047 -0.285832 -0.917959 147.734
0.628632 0.668946 -0.396652 434.4
0.727441 -0.686157 -0.00430848 52.4026
-0.274671 -0.287807 -0.917455 147.566
0.628061 0.668784 -0.397829 434.384
0.728077 -0.685489 -0.0029351 52.3306
-0.276126 -0.287013 -0.917267 147.494
0.627908 0.668677 -0.398249 434.522
0.727657 -0.685926 -0.00442147 52.2773
-0.274946 -0.285936 -0.917957 147.509
0.627757 0.669767 -0.396652 434.45
0.728234 -0.685312 -0.00465153 52.619
-0.274737 -0.285912 -0.918027 147.43
0.628047 0.669589 -0.396493 434.425
0.728063 -0.685496 -0.00439447 52.6247
-0.27398 -0.286693 -0.91801 147.302
0.627764 0.669826 -0.396542 434.476
0.728593 -0.684938 -0.0035437 52.7318
-0.273836 -0.286882 -0.917994 147.136
0.628589 0.669026 -0.396585 434.552
0.727935 -0.68564 -0.00287271 52.5795
-0.274468 -0.285846 -0.918128 147.014
0.628081 0.669696 -0.396261 434.519
0.728136 -0.68542 -0.0042759 52.9276
-0.271812 -0.285782 -0.918938 147.117
0.629463 0.669498 -0.394397 434.529
0.727938 -0.685639 -0.00208837 52.5037
-0.271574 -0.285267 -0.919168 147.021
0.629596 0.66969 -0.393858 434.538
0.727913 -0.685666 -0.00226745 52.7329
-0.270149 -0.283275 -0.920204 146.933
0.630531 0.670232 -0.391432 434.461
0.727633 -0.685962 -0.00244931 52.827
-0.269691 -0.282157 -0.920681 146.821
0.63013 0.671268 -0.390302 434.479
0.72815 -0.68541 -0.00323967 52.8513
-0.26939 -0.282847 -0.920558 146.654
0.629769 0.671435 -0.390597 434.475
0.728574 -0.684962 -0.00274951 52.8765
-0.268149 -0.283496 -0.92072 146.558
0.630098 0.671345 -0.390221 434.431
0.728747 -0.684781 -0.00139028 52.9308
-0.26666 -0.281884 -0.921648 146.58
0.631356 0.671436 -0.388026 434.476
0.728205 -0.685358 -0.00107597 52.632
-0.267673 -0.282567 -0.921145 146.286
0.630114 0.671912 -0.389216 434.517
0.728908 -0.684609 -0.00180307 52.8414
-0.267766 -0.284363 -0.920565 146.122
0.628823 0.672326 -0.390588 434.519
0.729988 -0.683459 -0.00121228 53.0983
-0.266539 -0.279224 -0.922492 146.126
0.632545 0.671479 -0.38601 434.512
0.727217 -0.686404 -0.00235341 52.9978
-0.267318 -0.277857 -0.922679 146.095
0.631797 0.672448 -0.385546 434.582
0.72758 -0.68601 -0.00420852 53.0872
-0.267311 -0.280198 -0.921973 145.873
0.631147 0.672083 -0.387244 434.499
0.728147 -0.685415 -0.00280839 53.3148
-0.264879 -0.284365 -0.921399 145.884
0.630652 0.671756 -0.388616 434.498
0.729463 -0.684018 0.0014011 52.9042
-0.263832 -0.283734 -0.921894 145.732
0.631478 0.67166 -0.387438 434.425
0.729128 -0.684374 0.00196612 52.9918
-0.263408 -0.281915 -0.922573 145.625
0.632258 0.671857 -0.385822 434.472
0.728606 -0.684932 0.00127051 53.0442
-0.262966 -0.282648 -0.922474 145.622
0.631564 0.672375 -0.386055 434.53
0.729367 -0.684121 0.00169887 52.878
-0.262461 -0.282582 -0.922639 145.616
0.631831 0.672351 -0.38566 434.447
0.729317 -0.684173 0.0020784 53.0104
-0.261842 -0.283384 -0.922568 145.442
0.631529 0.672542 -0.385823 434.464
0.729801 -0.683653 0.00286503 53.1155
-0.2603 -0.282542 -0.923263 145.353
0.632396 0.672683 -0.384152 434.494
0.729602 -0.683862 0.00357943 53.1256
-0.260387 -0.28193 -0.923425 145.252
0.632543 0.672766 -0.383765 434.563
0.729444 -0.684034 0.00315323 53.0002
-0.258998 -0.282461 -0.923653 145.209
0.632136 0.673466 -0.383207 434.532
0.73029 -0.683124 0.0041272 53.1319
-0.258618 -0.284316 -0.923191 145.074
0.631146 0.673768 -0.384307 434.629
0.731281 -0.682057 0.00519618 53.0197
-0.2582 -0.282246 -0.923943 144.906
0.631604 0.674362 -0.382508 434.565
0.731033 -0.682329 0.00414717 53.1191
-0.257594 -0.281218 -0.924425 144.906
0.631374 0.675235 -0.381346 434.512
0.731446 -0.68189 0.00361732 53.1355
-0.258223 -0.28259 -0.923831 144.613
0.630153 0.675562 -0.382783 434.679
0.732276 -0.680998 0.00362958 53.1402
-0.25619 -0.281997 -0.924578 144.619
0.631204 0.675611 -0.380961 434.46
0.732085 -0.681196 0.00491234 53.3893
-0.256672 -0.282478 -0.924297 144.262
0.630527 0.675857 -0.381645 434.601
0.732499 -0.680752 0.00463632 53.4443
-0.255481 -0.28415 -0.924115 144.251
0.630767 0.675401 -0.382056 434.561
0.732709 -0.680509 0.00668076 53.2934
-0.254538 -0.284096 -0.924392 144.063
0.63076 0.675791 -0.381377 434.539
0.733044 -0.680144 0.00718167 53.4088
-0.254375 -0.283292 -0.924683 143.946
0.631194 0.675782 -0.380675 434.556
0.732726 -0.680489 0.00690982 53.2645
-0.254678 -0.283 -0.924689 143.918
0.630767 0.676182 -0.380671 434.583
0.732988 -0.680212 0.00629811 53.3397
-0.254955 -0.279302 -0.925737 143.868
0.631705 0.676721 -0.378149 434.564
0.732083 -0.681204 0.00390267 53.2589
-0.254547 -0.279349 -0.925835 143.784
0.63124 0.67729 -0.377908 434.574
0.732626 -0.68062 0.00393449 53.3559
-0.255025 -0.279726 -0.92559 143.514
0.630969 0.677207 -0.37851 434.616
0.732694 -0.680547 0.0037937 53.3677
-0.254027 -0.278646 -0.926189 143.442
0.631215 0.677796 -0.37704 434.547
0.732829 -0.680403 0.00370695 53.5377
-0.255176 -0.278066 -0.926048 143.381
0.630893 0.677897 -0.377399 434.543
0.732707 -0.68054 0.00244721 53.659
-0.254346 -0.278339 -0.926194 143.316
0.631249 0.67777 -0.377032 434.619
0.732689 -0.680555 0.00331339 53.3641
-0.25521 -0.278087 -0.926032 143.113
0.630511 0.67823 -0.377438 434.557
0.733024 -0.680199 0.00224577 53.567
-0.254687 -0.280049 -0.925585 143.099
0.629969 0.678129 -0.378522 434.505
0.733671 -0.679495 0.00371201 53.6612
-0.253428 -0.281231 -0.925572 142.802
0.630509 0.677623 -0.378531 434.474
0.733643 -0.679512 0.00558979 53.6344
-0.253268 -0.280234 -0.925918 142.603
0.630986 0.677649 -0.377689 434.533
0.733289 -0.679898 0.00519684 53.6331
-0.253004 -0.279232 -0.926293 142.482
0.630562 0.67855 -0.376779 434.593
0.733744 -0.679412 0.00439727 53.6739
-0.252903 -0.280738 -0.925865 142.211
0.629998 0.678496 -0.377817 434.603
0.734263 -0.678844 0.00527089 53.602
-0.252273 -0.281772 -0.925723 142.137
0.629865 0.678434 -0.378149 434.565
0.734594 -0.678478 0.00632777 53.7123
-0.250656 -0.281962 -0.926104 141.972
0.630274 0.678588 -0.377191 434.501
0.734797 -0.678244 0.00762129 53.8466
-0.251063 -0.280225 -0.926521 141.928
0.630982 0.678487 -0.376187 434.447
0.734049 -0.679065 0.00647402 53.8357
-0.252036 -0.280027 -0.926317 141.692
0.630057 0.679057 -0.376709 434.509
0.734511 -0.678577 0.00528598 53.8999
-0.252178 -0.279943 -0.926303 141.658
0.630506 0.678623 -0.37674 434.547
0.734076 -0.679046 0.00537201 53.8246
-0.251722 -0.280386 -0.926294 141.609
0.630224 0.678875 -0.376758 434.545
0.734475 -0.678611 0.00581857 53.8999
-0.252757 -0.277768 -0.9268 141.453
0.630819 0.678999 -0.375538 434.476
0.733609 -0.679563 0.00359927 54.0474
-0.25247 -0.277389 -0.926992 141.42
0.631013 0.67908 -0.375064 434.57
0.733541 -0.679636 0.00358905 53.8325
-0.251143 -0.279207 -0.926807 141.25
0.630373 0.679433 -0.375501 434.471
0.734546 -0.678538 0.00536924 54.1201
-0.25116 -0.278657 -0.926967 141.311
0.630901 0.679161 -0.375106 434.493
0.734086 -0.679036 0.00522679 53.9323
-0.251997 -0.279645 -0.926443 141.203
0.630719 0.678615 -0.376397 434.469
0.733956 -0.679176 0.00536824 54.0349
-0.2515 -0.280087 -0.926444 141.155
0.631076 0.678292 -0.376381 434.463
0.73382 -0.679316 0.00616582 53.9812
-0.250351 -0.280477 -0.926637 141.161
0.631666 0.67802 -0.375883 434.478
0.733705 -0.679428 0.00742428 53.7768
-0.249055 -0.28281 -0.926277 140.929
0.631782 0.677451 -0.376711 434.536
0.734045 -0.679028 0.00995148 53.9679
-0.249217 -0.284225 -0.925801 140.9
0.631288 0.677271 -0.377862 434.544
0.734416 -0.678617 0.0106406 53.9418
-0.249318 -0.284583 -0.925664 140.82
0.630943 0.677406 -0.378197 434.504
0.734678 -0.678332 0.010666 54.0114
-0.248028 -0.283731 -0.926272 140.756
0.63154 0.677687 -0.376693 434.451
0.734601 -0.678408 0.0111023 53.9569
-0.247344 -0.285575 -0.925888 140.712
0.631457 0.67727 -0.377582 434.461
0.734904 -0.67805 0.0128096 53.8783
-0.247289 -0.28371 -0.926475 140.717
0.631891 0.677648 -0.376174 434.41
0.734549 -0.678455 0.0116989 53.9221
-0.248636 -0.280925 -0.926963 140.571
0.632263 0.677928 -0.375042 434.429
0.733774 -0.679334 0.0090607 53.9746
-0.247981 -0.280746 -0.927193 140.551
0.632052 0.678441 -0.374471 434.423
0.734177 -0.678896 0.00920559 53.9415
-0.247246 -0.280542 -0.927451 140.524
0.632357 0.678516 -0.37382 434.44
0.734162 -0.678905 0.00964255 53.8495
-0.24591 -0.279004 -0.92827 140.358
0.632735 0.67928 -0.371786 434.338
0.734285 -0.678775 0.00949422 54.0888
-0.2457 -0.277071 -0.928904 140.558
0.633296 0.679611 -0.370223 434.285
0.733872 -0.679235 0.00848737 53.996
-0.245425 -0.278721 -0.928484 140.241
0.632356 0.679923 -0.371255 434.316
0.734774 -0.678247 0.0093809 54.0901
-0.246075 -0.278734 -0.928307 140.145
0.631998 0.680008 -0.371709 434.312
0.734864 -0.678157 0.00882688 53.8374
-0.248228 -0.280558 -0.927184 139.885
0.629498 0.680779 -0.374529 434.308
0.736285 -0.676629 0.00762153 54.1829
-0.246552 -0.281657 -0.927298 139.711
0.630461 0.680072 -0.374193 434.239
0.736024 -0.676883 0.00990067 54.1505
-0.247054 -0.281159 -0.927315 139.541
0.630582 0.679975 -0.374165 434.275
0.735751 -0.677188 0.00930314 54.2038
-0.246918 -0.28065 -0.927506 139.325
0.63092 0.67992 -0.373696 434.242
0.735507 -0.677454 0.0091833 54.1313
-0.245442 -0.282753 -0.927259 139.119
0.63096 0.679583 -0.37424 434.26
0.735967 -0.676918 0.0116078 54.1096
-0.24343 -0.282894 -0.927746 139.068
0.632362 0.678982 -0.372964 434.155
0.735432 -0.677462 0.0136071 54.1729
-0.244003 -0.281829 -0.92792 139.063
0.632484 0.679085 -0.372569 434.158
0.735137 -0.677802 0.0125535 54.2268
-0.243964 -0.282496 -0.927727 138.773
0.632071 0.679213 -0.373037 434.133
0.735506 -0.677397 0.0128539 54.4102
-0.245337 -0.282558 -0.927346 138.708
0.631297 0.679391 -0.374022 434.139
0.735713 -0.677192 0.0116988 54.3111
-0.245895 -0.283672 -0.926858 138.446
0.630159 0.679779 -0.375233 434.234
0.736502 -0.676336 0.0116041 54.3411
-0.245192 -0.282258 -0.927476 138.43
0.631421 0.679451 -0.373702 434.147
0.735655 -0.677256 0.0116277 54.1981
-0.240618 -0.282871 -0.928487 138.142
0.632964 0.679474 -0.37104 434.103
0.735839 -0.676977 0.0155536 54.2895
-0.238111 -0.283233 -0.929022 138.077
0.633542 0.679717 -0.369606 434.05
0.736157 -0.676582 0.0175916 54.1508
-0.23712 -0.285505 -0.92858 137.797
0.632931 0.679736 -0.370618 434.066
0.737002 -0.675608 0.0195267 54.3891
-0.236384 -0.285428 -0.928791 137.598
0.633948 0.679102 -0.37004 434.046
0.736364 -0.676277 0.0204171 54.2962
-0.2367 -0.286842 -0.928275 137.573
0.633164 0.679142 -0.371308 434.084
0.736938 -0.675639 0.0208653 54.3582
-0.23616 -0.287876 -0.928093 137.407
0.632743 0.679311 -0.371715 434.168
0.737472 -0.675028 0.0217256 54.3854
-0.236426 -0.286033 -0.928595 137.091
0.632446 0.680223 -0.370552 434.1
0.737641 -0.674894 0.0200781 54.6371
-0.236252 -0.284525 -0.929102 136.923
0.632571 0.680773 -0.369327 434.043
0.73759 -0.674977 0.0191487 54.5182
-0.234354 -0.28572 -0.929216 136.63
0.632945 0.680645 -0.368921 434.067
0.737875 -0.674601 0.0213329 54.5314
-0.231388 -0.287755 -0.929331 136.499
0.633751 0.680176 -0.368401 433.966
0.738119 -0.674208 0.024981 54.5739
-0.231574 -0.289924 -0.928611 136.274
0.633303 0.679656 -0.370128 434.058
0.738445 -0.673804 0.0262191 54.6399
-0.231232 -0.289972 -0.928681 136.106
0.634016 0.67911 -0.369909 434.03
0.73794 -0.674334 0.0268147 54.4844
-0.228219 -0.292474 -0.928642 135.817
0.634434 0.678828 -0.369711 433.976
0.738519 -0.673536 0.0306342 54.7768
-0.224759 -0.294298 -0.928909 135.644
0.635909 0.678012 -0.368673 433.942
0.738311 -0.673564 0.0347577 54.642
-0.223882 -0.295355 -0.928785 135.488
0.635866 0.677949 -0.368863 433.835
0.738614 -0.673165 0.0360251 54.6855
-0.221789 -0.295833 -0.929135 135.209
0.636306 0.678115 -0.367799 433.777
0.738867 -0.672788 0.037842 54.7441
-0.221729 -0.295409 -0.929285 135.151
0.636747 0.677902 -0.367426 433.755
0.738505 -0.673188 0.0377903 54.8068
-0.221971 -0.296403 -0.92891 134.776
0.637078 0.677119 -0.368295 433.765
0.738147 -0.673539 0.0385314 54.8908
-0.220639 -0.297884 -0.928754 134.809
0.637004 0.677081 -0.368494 433.804
0.73861 -0.672924 0.0403627 54.7561
-0.21955 -0.299817 -0.92839 134.5
0.637009 0.676702 -0.369179 433.866
0.73893 -0.672446 0.0424162 54.8098
-0.220159 -0.297356 -0.929037 134.437
0.637824 0.676717 -0.367744 433.797
0.738046 -0.673524 0.0406751 54.9536
-0.219104 -0.301642 -0.927904 134.224
0.637581 0.675617 -0.37018 433.702
0.738569 -0.672721 0.0442906 54.8203
-0.219595 -0.305317 -0.926585 134.063
0.636674 0.67479 -0.373236 433.656
0.739206 -0.671893 0.046207 54.7766
-0.217865 -0.305888 -0.926805 133.936
0.636731 0.67514 -0.372504 433.617
0.739668 -0.671281 0.0476789 54.8485
-0.218162 -0.30441 -0.927222 133.768
0.63722 0.675181 -0.371593 433.618
0.739159 -0.671911 0.0466775 54.9275
-0.21575 -0.306305 -0.927162 133.567
0.638039 0.674555 -0.371323 433.617
0.73916 -0.671679 0.0498993 54.7443
-0.213049 -0.306897 -0.927591 133.459
0.639482 0.673989 -0.369868 433.56
0.738697 -0.671977 0.0526627 54.8229
-0.211633 -0.31036 -0.926762 133.151
0.638581 0.673936 -0.371516 433.61
0.739883 -0.670438 0.0555625 55.0721
-0.208592 -0.311397 -0.927104 132.855
0.640429 0.672948 -0.370123 433.547
0.739148 -0.670949 0.0590558 54.9422
-0.207686 -0.312885 -0.926806 132.626
0.640375 0.672731 -0.370611 433.543
0.73945 -0.670474 0.0606469 55.1858
-0.204373 -0.316862 -0.926191 132.349
0.64068 0.672064 -0.371294 433.536
0.740109 -0.669274 0.0656551 55.2218
-0.203838 -0.316615 -0.926394 132.233
0.641053 0.67202 -0.37073 433.536
0.739934 -0.669436 0.0659836 55.3542
-0.203389 -0.31726 -0.926271 132.059
0.64144 0.671573 -0.370869 433.522
0.739721 -0.669578 0.0669129 55.4016
-0.201184 -0.318811 -0.92622 131.864
0.641942 0.671297 -0.370501 433.533
0.739889 -0.669119 0.0696042 55.2831
-0.197686 -0.320589 -0.92636 131.694
0.643294 0.670628 -0.369366 433.434
0.739657 -0.668941 0.0736595 55.3361
-0.198861 -0.320714 -0.926065 131.494
0.642777 0.670621 -0.370277 433.453
0.739792 -0.668887 0.0727877 55.5926
-0.196379 -0.322544 -0.925959 131.312
0.643637 0.670009 -0.369891 433.496
0.739707 -0.66862 0.0760253 55.3154
-0.194746 -0.32518 -0.925382 131.274
0.642869 0.670236 -0.370813 433.529
0.740806 -0.667114 0.0785227 55.4968
-0.192836 -0.324893 -0.925883 131.093
0.64414 0.669894 -0.369223 433.431
0.740202 -0.667597 0.0800967 55.5083
-0.191064 -0.327895 -0.925192 130.754
0.643908 0.669541 -0.370266 433.429
0.740862 -0.666483 0.0832094 55.7254
-0.19069 -0.328852 -0.924929 130.71
0.643958 0.669248 -0.37071 433.464
0.740916 -0.666306 0.0841478 55.6794
-0.187769 -0.327709 -0.925932 130.667
0.645282 0.669561 -0.36783 433.416
0.740509 -0.666555 0.0857417 55.6443
-0.18693 -0.328606 -0.925784 130.541
0.644875 0.669871 -0.36798 433.428
0.741076 -0.665801 0.0866909 55.6325
-0.187404 -0.329198 -0.925478 130.535
0.644525 0.66978 -0.368757 433.426
0.74126 -0.6656 0.0866568 55.7218
-0.187801 -0.328712 -0.92557 130.422
0.644824 0.669563 -0.368629 433.401
0.7409 -0.666058 0.0862166 55.7374
-0.186578 -0.330473 -0.92519 130.31
0.644987 0.669153 -0.369088 433.364
0.741067 -0.665599 0.0883016 55.7308
-0.186585 -0.333317 -0.924168 130.055
0.643882 0.669002 -0.371284 433.388
0.742025 -0.664331 0.0897907 55.8768
-0.187383 -0.335743 -0.923128 130.09
0.643315 0.668244 -0.373626 433.407
0.742316 -0.663873 0.0907711 55.7564
-0.187706 -0.337108 -0.922564 129.918
0.643113 0.667753 -0.374848 433.451
0.74241 -0.663674 0.0914574 55.8076
-0.186959 -0.339411 -0.921871 129.609
0.642943 0.66724 -0.376053 433.372
0.742746 -0.663017 0.0934756 55.8417
-0.188419 -0.337233 -0.922373 129.621
0.642811 0.667713 -0.375437 433.353
0.74249 -0.663651 0.0909668 55.8362
-0.18787 -0.337877 -0.92225 129.456
0.643306 0.667209 -0.375486 433.353
0.742201 -0.663831 0.0920094 55.8549
-0.188157 -0.339492 -0.921598 129.214
0.642882 0.666824 -0.376893 433.432
0.742495 -0.663394 0.0927862 55.9256
-0.184776 -0.342631 -0.92112 128.976
0.643386 0.666324 -0.376916 433.406
0.742908 -0.662281 0.0973234 55.8233
-0.181521 -0.346264 -0.920408 128.91
0.644051 0.665431 -0.377359 433.409
0.743134 -0.661289 0.102222 55.8182
-0.181138 -0.345614 -0.920728 128.924
0.644634 0.665318 -0.376562 433.321
0.742722 -0.661743 0.10228 55.9846
-0.181453 -0.344593 -0.921049 128.698
0.645192 0.665123 -0.37595 433.317
0.742161 -0.66247 0.10164 56.1364
-0.181297 -0.346173 -0.920487 128.581
0.645673 0.664104 -0.376924 433.298
0.74178 -0.662669 0.103114 55.9663
-0.180945 -0.345291 -0.920887 128.285
0.646197 0.664125 -0.375989 433.203
0.74141 -0.663108 0.102956 56.1881
-0.17937 -0.345921 -0.920959 127.958
0.6467 0.663993 -0.375356 433.15
0.741354 -0.662912 0.104606 56.2919
-0.179305 -0.34863 -0.91995 127.818
0.645622 0.663872 -0.377421 433.239
0.742309 -0.661613 0.106047 56.3395
-0.178824 -0.345929 -0.921062 127.907
0.647711 0.663284 -0.374867 433.156
0.740603 -0.663617 0.105451 56.1892
-0.179339 -0.349486 -0.919618 127.386
0.646776 0.662478 -0.377894 433.121
0.741295 -0.662558 0.107231 56.5043
-0.17787 -0.351616 -0.919091 127.106
0.646879 0.662049 -0.378469 433.136
0.741559 -0.661859 0.109694 56.4583
-0.176874 -0.351676 -0.91926 127.176
0.647442 0.661888 -0.377788 433.118
0.741306 -0.661989 0.110619 56.3887
-0.174946 -0.354959 -0.918367 126.983
0.647271 0.661396 -0.37894 433.195
0.741912 -0.660727 0.114047 56.3652
-0.174091 -0.354869 -0.918564 126.901
0.648265 0.660861 -0.378174 433.154
0.741246 -0.661309 0.114999 56.1773
