0.922305 0.262796 -0.283357 146.41
0.386409 -0.639252 0.664865 445.872
-0.00641252 -0.7227 -0.691132 64.8205
0.922305 0.262796 -0.283357 146.41
0.386409 -0.639252 0.664865 445.872
-0.00641252 -0.7227 -0.691132 64.8205
0.92215 0.261612 -0.284955 146.352
0.386749 -0.638933 0.664974 445.932
-0.0081014 -0.723411 -0.69037 64.8224
0.92215 0.261612 -0.284955 146.352
0.386749 -0.638933 0.664974 445.932
-0.0081014 -0.723411 -0.69037 64.8224
0.922143 0.262152 -0.284479 146.19
0.386776 -0.63903 0.664865 445.936
-0.00749541 -0.72313 -0.690671 64.833
0.922143 0.262152 -0.284479 146.19
0.386776 -0.63903 0.664865 445.936
-0.00749541 -0.72313 -0.690671 64.833
0.922718 0.26086 -0.283803 146.466
0.385386 -0.640243 0.664504 445.874
-0.0083604 -0.722524 -0.691296 64.6302
0.922718 0.26086 -0.283803 146.466
0.385386 -0.640243 0.664504 445.874
-0.0083604 -0.722524 -0.691296 64.6302
0.923119 0.261044 -0.282325 146.345
0.384451 -0.639977 0.665303 445.9
-0.00700791 -0.722693 -0.691133 64.8448
0.923119 0.261044 -0.282325 146.345
0.384451 -0.639977 0.665303 445.9
-0.00700791 -0.722693 -0.691133 64.8448
0.92328 0.261568 -0.281313 146.423
0.384083 -0.639855 0.665631 445.903
-0.00589187 -0.722612 -0.691229 64.7623
0.92328 0.261568 -0.281313 146.423
0.384083 -0.639855 0.665631 445.903
-0.00589187 -0.722612 -0.691229 64.7623
0.923473 0.261591 -0.280655 146.317
0.383627 -0.63959 0.66615 445.819
-0.00524511 -0.722838 -0.690998 64.8542
0.923473 0.261591 -0.280655 146.317
0.383627 -0.63959 0.66615 445.819
-0.00524511 -0.722838 -0.690998 64.8542
0.923561 0.262255 -0.279745 146.349
0.383434 -0.638547 0.66726 445.881
-0.00363769 -0.723519 -0.690294 64.7123
0.923561 0.262255 -0.279745 146.349
0.383434 -0.638547 0.66726 445.881
-0.00363769 -0.723519 -0.690294 64.7123
0.923561 0.262255 -0.279745 146.349
0.383434 -0.638547 0.66726 445.881
-0.00363769 -0.723519 -0.690294 64.7123
0.923702 0.262438 -0.279109 146.305
0.383099 -0.639041 0.66698 445.873
-0.00332119 -0.723017 -0.690823 64.7511
0.923702 0.262438 -0.279109 146.305
0.383099 -0.639041 0.66698 445.873
-0.00332119 -0.723017 -0.690823 64.7511
0.923447 0.263093 -0.279335 146.18
0.383716 -0.638485 0.667158 445.899
-0.00282712 -0.72327 -0.690559 64.8533
0.923447 0.263093 -0.279335 146.18
0.383716 -0.638485 0.667158 445.899
-0.00282712 -0.72327 -0.690559 64.8533
0.922851 0.263532 -0.280885 145.95
0.385144 -0.637392 0.66738 445.918
-0.00315807 -0.724073 -0.689716 64.892
0.922851 0.263532 -0.280885 145.95
0.385144 -0.637392 0.66738 445.918
-0.00315807 -0.724073 -0.689716 64.892
0.922426 0.265459 -0.280468 145.906
0.386173 -0.636073 0.668044 445.961
-0.00105983 -0.72453 -0.689243 64.9799
0.922426 0.265459 -0.280468 145.906
0.386173 -0.636073 0.668044 445.961
-0.00105983 -0.72453 -0.689243 64.9799
0.921769 0.266145 -0.281974 145.64
0.387738 -0.635123 0.668041 445.95
-0.00129185 -0.725111 -0.688631 65.0708
0.921769 0.266145 -0.281974 145.64
0.387738 -0.635123 0.668041 445.95
-0.00129185 -0.725111 -0.688631 65.0708
0.921489 0.266363 -0.282683 145.583
0.388403 -0.634456 0.668288 445.936
-0.00134299 -0.725614 -0.6881 65.2169
0.921489 0.266363 -0.282683 145.583
0.388403 -0.634456 0.668288 445.936
-0.00134299 -0.725614 -0.6881 65.2169
0.921266 0.267332 -0.282493 145.504
0.388932 -0.634546 0.667895 445.997
-0.000705253 -0.72518 -0.688559 64.9735
0.921266 0.267332 -0.282493 145.504
0.388932 -0.634546 0.667895 445.997
-0.000705253 -0.72518 -0.688559 64.9735
0.921386 0.267561 -0.281886 145.585
0.38865 -0.634868 0.667753 445.858
-0.000295478 -0.724813 -0.688946 65.1383
0.921386 0.267561 -0.281886 145.585
0.38865 -0.634868 0.667753 445.858
-0.000295478 -0.724813 -0.688946 65.1383
0.919921 0.269442 -0.284862 145.144
0.392104 -0.632462 0.668017 445.956
-0.000172098 -0.726218 -0.687464 65.4351
0.919921 0.269442 -0.284862 145.144
0.392104 -0.632462 0.668017 445.956
-0.000172098 -0.726218 -0.687464 65.4351
0.919681 0.270403 -0.284727 145.002
0.392667 -0.632955 0.667219 445.964
0.000198723 -0.725431 -0.688295 65.2315
0.919681 0.270403 -0.284727 145.002
0.392667 -0.632955 0.667219 445.964
0.000198723 -0.725431 -0.688295 65.2315
0.919412 0.27094 -0.285085 144.976
0.393296 -0.632316 0.667454 446.005
0.000576972 -0.725788 -0.687918 65.1854
0.919412 0.27094 -0.285085 144.976
0.393296 -0.632316 0.667454 446.005
0.000576972 -0.725788 -0.687918 65.1854
0.91952 0.269999 -0.285627 144.906
0.393042 -0.632047 0.667858 446.068
-0.000208711 -0.726373 -0.687301 65.1942
0.91952 0.269999 -0.285627 144.906
0.393042 -0.632047 0.667858 446.068
-0.000208711 -0.726373 -0.687301 65.1942
0.91952 0.269999 -0.285627 144.906
0.393042 -0.632047 0.667858 446.068
-0.000208711 -0.726373 -0.687301 65.1942
0.91952 0.269999 -0.285627 144.906
0.393042 -0.632047 0.667858 446.068
-0.000208711 -0.726373 -0.687301 65.1942
0.91906 0.270169 -0.286945 144.71
0.394117 -0.630917 0.668293 446.067
-0.000486581 -0.727291 -0.686329 65.4286
0.91906 0.270169 -0.286945 144.71
0.394117 -0.630917 0.668293 446.067
-0.000486581 -0.727291 -0.686329 65.4286
0.919314 0.270173 -0.286126 144.822
0.393524 -0.631337 0.668245 446.041
-9.97923e-05 -0.726925 -0.686717 65.4147
0.919314 0.270173 -0.286126 144.822
0.393524 -0.631337 0.668245 446.041
-9.97923e-05 -0.726925 -0.686717 65.4147
0.919485 0.271073 -0.284721 144.747
0.393123 -0.632315 0.667557 446.008
0.00092374 -0.725739 -0.687969 65.3541
0.919485 0.271073 -0.284721 144.747
0.393123 -0.632315 0.667557 446.008
0.00092374 -0.725739 -0.687969 65.3541
0.919261 0.271702 -0.284845 144.422
0.393643 -0.631163 0.66834 446.057
0.0018058 -0.726507 -0.687157 65.4933
0.919261 0.271702 -0.284845 144.422
0.393643 -0.631163 0.66834 446.057
0.0018058 -0.726507 -0.687157 65.4933
0.919067 0.272232 -0.284966 144.41
0.394096 -0.631042 0.668188 446.083
0.00207625 -0.726413 -0.687255 65.5528
0.919067 0.272232 -0.284966 144.41
0.394096 -0.631042 0.668188 446.083
0.00207625 -0.726413 -0.687255 65.5528
0.91929 0.271735 -0.284722 144.433
0.393577 -0.631368 0.668185 446.099
0.0018051 -0.726316 -0.687359 65.4629
0.91929 0.271735 -0.284722 144.433
0.393577 -0.631368 0.668185 446.099
0.0018051 -0.726316 -0.687359 65.4629
0.91934 0.271367 -0.28491 144.356
0.393462 -0.631685 0.667953 446.051
0.00128671 -0.726178 -0.687506 65.6452
0.91934 0.271367 -0.28491 144.356
0.393462 -0.631685 0.667953 446.051
0.00128671 -0.726178 -0.687506 65.6452
0.918962 0.271079 -0.286398 144.321
0.394345 -0.630665 0.668397 446.128
0.000567079 -0.727171 -0.686456 65.6743
0.918962 0.271079 -0.286398 144.321
0.394345 -0.630665 0.668397 446.128
0.000567079 -0.727171 -0.686456 65.6743
0.918648 0.270596 -0.287859 144.318
0.395075 -0.631275 0.667389 446.199
-0.0011253 -0.726822 -0.686825 65.3439
0.918648 0.270596 -0.287859 144.318
0.395075 -0.631275 0.667389 446.199
-0.0011253 -0.726822 -0.686825 65.3439
0.919407 0.26947 -0.286491 144.198
0.393306 -0.6323 0.667463 446.104
-0.00128697 -0.726348 -0.687326 65.5092
0.919407 0.26947 -0.286491 144.198
0.393306 -0.6323 0.667463 446.104
-0.00128697 -0.726348 -0.687326 65.5092
0.919661 0.270758 -0.284453 144.148
0.39271 -0.631586 0.668489 446.115
0.00134227 -0.726491 -0.687174 65.8158
0.919661 0.270758 -0.284453 144.148
0.39271 -0.631586 0.668489 446.115
0.00134227 -0.726491 -0.687174 65.8158
0.919547 0.271443 -0.284168 144.108
0.392973 -0.631102 0.668792 446.171
0.00219959 -0.726657 -0.686997 65.7336
0.919547 0.271443 -0.284168 144.108
0.392973 -0.631102 0.668792 446.171
0.00219959 -0.726657 -0.686997 65.7336
0.919607 0.270255 -0.285107 144.144
0.39284 -0.632015 0.668007 446.153
0.000340129 -0.726305 -0.687372 65.4411
0.919607 0.270255 -0.285107 144.144
0.39284 -0.632015 0.668007 446.153
0.000340129 -0.726305 -0.687372 65.4411
0.919297 0.271578 -0.284848 144.148
0.393561 -0.631412 0.668153 446.224
0.00159918 -0.726336 -0.687338 65.5385
0.919297 0.271578 -0.284848 144.148
0.393561 -0.631412 0.668153 446.224
0.00159918 -0.726336 -0.687338 65.5385
0.918703 0.275988 -0.282514 143.721
0.394896 -0.630262 0.668452 446.191
0.00642696 -0.725673 -0.68801 65.9471
0.918703 0.275988 -0.282514 143.721
0.394896 -0.630262 0.668452 446.191
0.00642696 -0.725673 -0.68801 65.9471
0.918541 0.274258 -0.284719 143.536
0.395305 -0.629996 0.66846 446.28
0.00395867 -0.726559 -0.687093 65.7802
0.918541 0.274258 -0.284719 143.536
0.395305 -0.629996 0.66846 446.28
0.00395867 -0.726559 -0.687093 65.7802
0.918805 0.27399 -0.284124 143.579
0.394693 -0.630733 0.668126 446.225
0.00385334 -0.72602 -0.687663 65.8528
0.918805 0.27399 -0.284124 143.579
0.394693 -0.630733 0.668126 446.225
0.00385334 -0.72602 -0.687663 65.8528
0.918449 0.273949 -0.285314 143.519
0.395526 -0.630033 0.668294 446.317
0.0033212 -0.726643 -0.687007 65.8811
0.918449 0.273949 -0.285314 143.519
0.395526 -0.630033 0.668294 446.317
0.0033212 -0.726643 -0.687007 65.8811
0.918663 0.273215 -0.285326 143.555
0.395031 -0.629982 0.668635 446.212
0.00293086 -0.726963 -0.68667 66.0201
0.918663 0.273215 -0.285326 143.555
0.395031 -0.629982 0.668635 446.212
0.00293086 -0.726963 -0.68667 66.0201
0.918235 0.272688 -0.287204 143.605
0.396033 -0.629403 0.668588 446.277
0.00154869 -0.727663 -0.685933 65.9099
0.918235 0.272688 -0.287204 143.605
0.396033 -0.629403 0.668588 446.277
0.00154869 -0.727663 -0.685933 65.9099
0.918752 0.271664 -0.28652 143.556
0.394835 -0.630963 0.667825 446.291
0.00064031 -0.726694 -0.686961 65.8404
0.918752 0.271664 -0.28652 143.556
0.394835 -0.630963 0.667825 446.291
0.00064031 -0.726694 -0.686961 65.8404
0.91911 0.272096 -0.284958 143.593
0.393998 -0.631678 0.667644 446.249
0.00166198 -0.725911 -0.687786 65.8637
0.91911 0.272096 -0.284958 143.593
0.393998 -0.631678 0.667644 446.249
0.00166198 -0.725911 -0.687786 65.8637
0.91917 0.272285 -0.284582 143.348
0.393854 -0.631301 0.668085 446.256
0.00225267 -0.726168 -0.687513 66.0082
0.91917 0.272285 -0.284582 143.348
0.393854 -0.631301 0.668085 446.256
0.00225267 -0.726168 -0.687513 66.0082
0.919238 0.271391 -0.285217 143.195
0.393699 -0.630474 0.668957 446.282
0.00172675 -0.727221 -0.686402 66.1852
0.919238 0.271391 -0.285217 143.195
0.393699 -0.630474 0.668957 446.282
0.00172675 -0.727221 -0.686402 66.1852
0.919157 0.272472 -0.284444 143.234
0.393881 -0.630797 0.668545 446.252
0.00273332 -0.726536 -0.687123 66.1833
0.919157 0.272472 -0.284444 143.234
0.393881 -0.630797 0.668545 446.252
0.00273332 -0.726536 -0.687123 66.1833
0.919063 0.271328 -0.28584 143.151
0.39411 -0.630981 0.668237 446.263
0.000952318 -0.726804 -0.686844 66.1128
0.919063 0.271328 -0.28584 143.151
0.39411 -0.630981 0.668237 446.263
0.000952318 -0.726804 -0.686844 66.1128
0.919516 0.270677 -0.285 143.233
0.393053 -0.631642 0.668236 446.266
0.000857551 -0.726473 -0.687194 66.0554
0.919516 0.270677 -0.285 143.233
0.393053 -0.631642 0.668236 446.266
0.000857551 -0.726473 -0.687194 66.0554
0.918808 0.272903 -0.285158 143.084
0.394693 -0.629864 0.668946 446.405
0.00294668 -0.727183 -0.686437 66.2172
0.918808 0.272903 -0.285158 143.084
0.394693 -0.629864 0.668946 446.405
0.00294668 -0.727183 -0.686437 66.2172
0.918415 0.272678 -0.286637 142.988
0.395613 -0.629086 0.669134 446.407
0.00213848 -0.72794 -0.685637 66.2623
0.918415 0.272678 -0.286637 142.988
0.395613 -0.629086 0.669134 446.407
0.00213848 -0.72794 -0.685637 66.2623
0.918658 0.272343 -0.286176 142.872
0.395049 -0.629997 0.668611 446.342
0.00180196 -0.727278 -0.68634 66.2994
0.918658 0.272343 -0.286176 142.872
0.395049 -0.629997 0.668611 446.342
0.00180196 -0.727278 -0.68634 66.2994
0.9187 0.272873 -0.285535 142.935
0.394946 -0.629788 0.668868 446.396
0.00269003 -0.72726 -0.686357 66.1968
0.9187 0.272873 -0.285535 142.935
0.394946 -0.629788 0.668868 446.396
0.00269003 -0.72726 -0.686357 66.1968
0.918781 0.273155 -0.285006 142.655
0.394753 -0.629457 0.669293 446.394
0.00342141 -0.727441 -0.686162 66.4797
0.918781 0.273155 -0.285006 142.655
0.394753 -0.629457 0.669293 446.394
0.00342141 -0.727441 -0.686162 66.4797
0.918554 0.272685 -0.286182 142.633
0.395288 -0.629605 0.668838 446.46
0.00220038 -0.727489 -0.686116 66.3004
0.918554 0.272685 -0.286182 142.633
0.395288 -0.629605 0.668838 446.46
0.00220038 -0.727489 -0.686116 66.3004
0.918175 0.275171 -0.285019 142.521
0.396146 -0.628878 0.669015 446.471
0.00485158 -0.727182 -0.686427 66.3796
0.918175 0.275171 -0.285019 142.521
0.396146 -0.628878 0.669015 446.471
0.00485158 -0.727182 -0.686427 66.3796
0.917352 0.2747 -0.288108 142.264
0.398068 -0.627945 0.66875 446.465
0.00278919 -0.728165 -0.685396 66.3413
0.917352 0.2747 -0.288108 142.264
0.398068 -0.627945 0.66875 446.465
0.00278919 -0.728165 -0.685396 66.3413
0.917597 0.274631 -0.287391 142.331
0.397499 -0.62822 0.66883 446.411
0.00313674 -0.727954 -0.685618 66.2661
0.917597 0.274631 -0.287391 142.331
0.397499 -0.62822 0.66883 446.411
0.00313674 -0.727954 -0.685618 66.2661
0.917256 0.276176 -0.287 142.188
0.398274 -0.627898 0.668672 446.583
0.00446421 -0.727648 -0.685937 66.2477
0.917256 0.276176 -0.287 142.188
0.398274 -0.627898 0.668672 446.583
0.00446421 -0.727648 -0.685937 66.2477
0.917957 0.274946 -0.285936 142.23
0.396652 -0.627757 0.669767 446.503
0.00465153 -0.728234 -0.685312 66.6011
0.917957 0.274946 -0.285936 142.23
0.396652 -0.627757 0.669767 446.503
0.00465153 -0.728234 -0.685312 66.6011
0.917957 0.274946 -0.285936 142.23
0.396652 -0.627757 0.669767 446.503
0.00465153 -0.728234 -0.685312 66.6011
0.918027 0.274737 -0.285912 142.155
0.396493 -0.628047 0.669589 446.484
0.00439447 -0.728063 -0.685496 66.6035
0.918027 0.274737 -0.285912 142.155
0.396493 -0.628047 0.669589 446.484
0.00439447 -0.728063 -0.685496 66.6035
0.917995 0.275034 -0.285729 142.096
0.396561 -0.627589 0.669978 446.489
0.00494616 -0.728346 -0.685192 66.8007
0.917995 0.275034 -0.285729 142.096
0.396561 -0.627589 0.669978 446.489
0.00494616 -0.728346 -0.685192 66.8007
0.91802 0.273128 -0.287471 141.998
0.396526 -0.627905 0.669704 446.561
0.00241065 -0.728791 -0.684732 66.6561
0.91802 0.273128 -0.287471 141.998
0.396526 -0.627905 0.669704 446.561
0.00241065 -0.728791 -0.684732 66.6561
0.917993 0.273864 -0.286859 141.874
0.396587 -0.628616 0.669 446.623
0.00289097 -0.727901 -0.685676 66.5519
0.917993 0.273864 -0.286859 141.874
0.396587 -0.628616 0.669 446.623
0.00289097 -0.727901 -0.685676 66.5519
0.918128 0.274468 -0.285846 141.744
0.396261 -0.628081 0.669696 446.579
0.0042759 -0.728136 -0.68542 66.9078
0.918128 0.274468 -0.285846 141.744
0.396261 -0.628081 0.669696 446.579
0.0042759 -0.728136 -0.68542 66.9078
0.918948 0.271792 -0.28577 141.909
0.394374 -0.629505 0.669472 446.614
0.00206311 -0.72791 -0.68567 66.4614
0.918948 0.271792 -0.28577 141.909
0.394374 -0.629505 0.669472 446.614
0.00206311 -0.72791 -0.68567 66.4614
0.918792 0.272119 -0.285959 141.741
0.394734 -0.628831 0.669893 446.626
0.00247036 -0.72837 -0.685179 66.7636
0.918792 0.272119 -0.285959 141.741
0.394734 -0.628831 0.669893 446.626
0.00247036 -0.72837 -0.685179 66.7636
0.919362 0.271293 -0.284911 141.841
0.393408 -0.629989 0.669585 446.627
0.00216344 -0.727677 -0.685916 66.6806
0.919362 0.271293 -0.284911 141.841
0.393408 -0.629989 0.669585 446.627
0.00216344 -0.727677 -0.685916 66.6806
0.920345 0.269956 -0.282999 141.73
0.391099 -0.630623 0.670341 446.557
0.00249753 -0.727625 -0.68597 66.8172
0.920345 0.269956 -0.282999 141.73
0.391099 -0.630623 0.670341 446.557
0.00249753 -0.727625 -0.68597 66.8172
0.920781 0.269511 -0.282003 141.683
0.390066 -0.630342 0.671206 446.557
0.00313875 -0.728034 -0.685534 66.8421
0.920781 0.269511 -0.282003 141.683
0.390066 -0.630342 0.671206 446.557
0.00313875 -0.728034 -0.685534 66.8421
0.920391 0.270215 -0.282603 141.527
0.390984 -0.629516 0.671447 446.635
0.0035324 -0.728487 -0.68505 66.802
0.920391 0.270215 -0.282603 141.527
0.390984 -0.629516 0.671447 446.635
0.0035324 -0.728487 -0.68505 66.802
0.920744 0.268465 -0.283119 141.43
0.390162 -0.630053 0.671421 446.489
0.00187294 -0.728669 -0.684863 66.9358
0.920744 0.268465 -0.283119 141.43
0.390162 -0.630053 0.671421 446.489
0.00187294 -0.728669 -0.684863 66.9358
0.920744 0.268465 -0.283119 141.43
0.390162 -0.630053 0.671421 446.489
0.00187294 -0.728669 -0.684863 66.9358
0.920672 0.267517 -0.284251 141.369
0.390338 -0.630187 0.671194 446.61
0.000424327 -0.728903 -0.684617 66.8967
0.920672 0.267517 -0.284251 141.369
0.390338 -0.630187 0.671194 446.61
0.000424327 -0.728903 -0.684617 66.8967
0.921648 0.26666 -0.281884 141.46
0.388026 -0.631356 0.671436 446.598
0.00107597 -0.728205 -0.685358 66.6136
0.921648 0.26666 -0.281884 141.46
0.388026 -0.631356 0.671436 446.598
0.00107597 -0.728205 -0.685358 66.6136
0.921146 0.267672 -0.282564 141.147
0.389213 -0.630117 0.671912 446.615
0.00180358 -0.728906 -0.684611 66.8358
0.921146 0.267672 -0.282564 141.147
0.389213 -0.630117 0.671912 446.615
0.00180358 -0.728906 -0.684611 66.8358
0.920544 0.26806 -0.284151 140.972
0.390635 -0.628776 0.672343 446.592
0.0015609 -0.729921 -0.68353 67.1343
0.920544 0.26806 -0.284151 140.972
0.390635 -0.628776 0.672343 446.592
0.0015609 -0.729921 -0.68353 67.1343
0.920722 0.265436 -0.286034 141.056
0.390217 -0.6292 0.672189 446.596
-0.00154984 -0.730515 -0.682895 66.9542
0.920722 0.265436 -0.286034 141.056
0.390217 -0.6292 0.672189 446.596
-0.00154984 -0.730515 -0.682895 66.9542
0.922767 0.26671 -0.278148 141.001
0.385347 -0.633072 0.671363 446.667
0.00297138 -0.726695 -0.686954 66.9614
0.922767 0.26671 -0.278148 141.001
0.385347 -0.633072 0.671363 446.667
0.00297138 -0.726695 -0.686954 66.9614
0.922679 0.267318 -0.277857 140.962
0.385546 -0.631797 0.672448 446.713
0.00420852 -0.72758 -0.68601 67.0568
0.922679 0.267318 -0.277857 140.962
0.385546 -0.631797 0.672448 446.713
0.00420852 -0.72758 -0.68601 67.0568
0.922009 0.267709 -0.279699 140.705
0.387153 -0.631065 0.672212 446.636
0.00344915 -0.728072 -0.685492 67.3619
0.922009 0.267709 -0.279699 140.705
0.387153 -0.631065 0.672212 446.636
0.00344915 -0.728072 -0.685492 67.3619
0.921784 0.265292 -0.282727 140.925
0.387704 -0.631565 0.671425 446.523
-0.000436746 -0.728523 -0.685021 66.9572
0.921784 0.265292 -0.282727 140.925
0.387704 -0.631565 0.671425 446.523
-0.000436746 -0.728523 -0.685021 66.9572
0.921219 0.264686 -0.285127 140.74
0.38904 -0.630227 0.671909 446.646
-0.00184975 -0.729901 -0.68355 66.8879
0.921219 0.264686 -0.285127 140.74
0.38904 -0.630227 0.671909 446.646
-0.00184975 -0.729901 -0.68355 66.8879
0.921944 0.263768 -0.28363 140.66
0.387319 -0.631571 0.671642 446.542
-0.0019747 -0.729071 -0.684435 66.9987
0.921944 0.263768 -0.28363 140.66
0.387319 -0.631571 0.671642 446.542
-0.0019747 -0.729071 -0.684435 66.9987
0.922573 0.263408 -0.281915 140.568
0.385822 -0.632258 0.671857 446.611
-0.00127051 -0.728606 -0.684932 67.0334
0.922573 0.263408 -0.281915 140.568
0.385822 -0.632258 0.671857 446.611
-0.00127051 -0.728606 -0.684932 67.0334
0.922573 0.263408 -0.281915 140.568
0.385822 -0.632258 0.671857 446.611
-0.00127051 -0.728606 -0.684932 67.0334
0.922573 0.263408 -0.281915 140.568
0.385822 -0.632258 0.671857 446.611
-0.00127051 -0.728606 -0.684932 67.0334
0.922471 0.26295 -0.282674 140.573
0.386063 -0.63154 0.672393 446.657
-0.00171372 -0.729393 -0.684093 66.8765
0.922471 0.26295 -0.282674 140.573
0.386063 -0.63154 0.672393 446.657
-0.00171372 -0.729393 -0.684093 66.8765
0.922639 0.262461 -0.282582 140.576
0.38566 -0.631831 0.672351 446.578
-0.0020784 -0.729317 -0.684173 67.0133
0.922639 0.262461 -0.282582 140.576
0.38566 -0.631831 0.672351 446.578
-0.0020784 -0.729317 -0.684173 67.0133
0.922568 0.261842 -0.283384 140.414
0.385823 -0.631529 0.672542 446.589
-0.00286503 -0.729801 -0.683653 67.1277
0.922568 0.261842 -0.283384 140.414
0.385823 -0.631529 0.672542 446.589
-0.00286503 -0.729801 -0.683653 67.1277
0.922924 0.26086 -0.283131 140.283
0.384968 -0.6318 0.672777 446.582
-0.00338154 -0.729918 -0.683526 67.3683
0.922924 0.26086 -0.283131 140.283
0.384968 -0.6318 0.672777 446.582
-0.00338154 -0.729918 -0.683526 67.3683
0.923384 0.260098 -0.28233 140.382
0.383859 -0.63261 0.672649 446.655
-0.00365051 -0.729489 -0.683983 67.0497
0.923384 0.260098 -0.28233 140.382
0.383859 -0.63261 0.672649 446.655
-0.00365051 -0.729489 -0.683983 67.0497
0.923429 0.260412 -0.281895 140.241
0.383757 -0.632537 0.672776 446.713
-0.00310983 -0.72944 -0.684038 67.0017
0.923429 0.260412 -0.281895 140.241
0.383757 -0.632537 0.672776 446.713
-0.00310983 -0.72944 -0.684038 67.0017
0.923653 0.258998 -0.282461 140.236
0.383207 -0.632136 0.673466 446.669
-0.0041272 -0.73029 -0.683124 67.1535
0.923653 0.258998 -0.282461 140.236
0.383207 -0.632136 0.673466 446.669
-0.0041272 -0.73029 -0.683124 67.1535
0.923142 0.258533 -0.284553 140.136
0.384422 -0.63115 0.673698 446.713
-0.0054221 -0.731307 -0.682027 67.1117
0.923142 0.258533 -0.284553 140.136
0.384422 -0.63115 0.673698 446.713
-0.0054221 -0.731307 -0.682027 67.1117
0.923242 0.258707 -0.284069 140.081
0.384187 -0.631142 0.67384 446.781
-0.00496041 -0.731253 -0.682088 67.0066
0.923242 0.258707 -0.284069 140.081
0.384187 -0.631142 0.67384 446.781
-0.00496041 -0.731253 -0.682088 67.0066
0.924126 0.258067 -0.281768 139.914
0.382068 -0.631725 0.674498 446.668
-0.00393395 -0.730976 -0.682392 67.1938
0.924126 0.258067 -0.281768 139.914
0.382068 -0.631725 0.674498 446.668
-0.00393395 -0.730976 -0.682392 67.1938
0.924437 0.257574 -0.281195 139.962
0.381317 -0.631359 0.675265 446.633
-0.00360442 -0.731465 -0.68187 67.1787
0.924437 0.257574 -0.281195 139.962
0.381317 -0.631359 0.675265 446.633
-0.00360442 -0.731465 -0.68187 67.1787
0.923876 0.258264 -0.282406 139.868
0.382679 -0.629598 0.676139 446.737
-0.0031799 -0.732739 -0.680503 67.411
0.923876 0.258264 -0.282406 139.868
0.382679 -0.629598 0.676139 446.737
-0.0031799 -0.732739 -0.680503 67.411
0.923824 0.258216 -0.282619 139.622
0.382799 -0.630241 0.675471 446.784
-0.00370079 -0.732203 -0.681077 67.1664
0.923824 0.258216 -0.282619 139.622
0.382799 -0.630241 0.675471 446.784
-0.00370079 -0.732203 -0.681077 67.1664
0.924578 0.25619 -0.281997 139.7
0.380961 -0.631204 0.675611 446.579
-0.00491234 -0.732085 -0.681196 67.4453
0.924578 0.25619 -0.281997 139.7
0.380961 -0.631204 0.675611 446.579
-0.00491234 -0.732085 -0.681196 67.4453
0.924297 0.256672 -0.282478 139.333
0.381645 -0.630527 0.675857 446.707
-0.00463632 -0.732499 -0.680752 67.5083
0.924297 0.256672 -0.282478 139.333
0.381645 -0.630527 0.675857 446.707
-0.00463632 -0.732499 -0.680752 67.5083
0.924142 0.25536 -0.284171 139.373
0.381989 -0.630803 0.675404 446.682
-0.00678531 -0.73272 -0.680496 67.2945
0.924142 0.25536 -0.284171 139.373
0.381989 -0.630803 0.675404 446.682
-0.00678531 -0.73272 -0.680496 67.2945
0.924083 0.255623 -0.284125 139.314
0.382135 -0.630724 0.675396 446.66
-0.0065583 -0.732696 -0.680524 67.4397
0.924083 0.255623 -0.284125 139.314
0.382135 -0.630724 0.675396 446.66
-0.0065583 -0.732696 -0.680524 67.4397
0.924464 0.254283 -0.284089 139.144
0.381199 -0.630768 0.675884 446.647
-0.00732813 -0.733125 -0.680055 67.4934
0.924464 0.254283 -0.284089 139.144
0.381199 -0.630768 0.675884 446.647
-0.00732813 -0.733125 -0.680055 67.4934
0.924683 0.254375 -0.283292 139.062
0.380675 -0.631194 0.675782 446.675
-0.00690982 -0.732726 -0.680489 67.3328
0.924683 0.254375 -0.283292 139.062
0.380675 -0.631194 0.675782 446.675
-0.00690982 -0.732726 -0.680489 67.3328
0.924441 0.254722 -0.28377 139.052
0.381268 -0.63035 0.676235 446.677
-0.00662224 -0.733332 -0.679839 67.5329
0.924441 0.254722 -0.28377 139.052
0.381268 -0.63035 0.676235 446.677
-0.00662224 -0.733332 -0.679839 67.5329
0.925291 0.254569 -0.281126 138.97
0.379219 -0.631781 0.676051 446.732
-0.00550844 -0.732152 -0.681119 67.1217
0.925291 0.254569 -0.281126 138.97
0.379219 -0.631781 0.676051 446.732
-0.00550844 -0.732152 -0.681119 67.1217
0.926044 0.255223 -0.278036 138.974
0.377406 -0.631653 0.677185 446.665
-0.00278906 -0.732035 -0.681261 67.4489
0.926044 0.255223 -0.278036 138.974
0.377406 -0.631653 0.677185 446.665
-0.00278906 -0.732035 -0.681261 67.4489
0.925789 0.254398 -0.279636 138.88
0.378017 -0.63115 0.677312 446.701
-0.00418492 -0.732756 -0.680479 67.4165
0.925789 0.254398 -0.279636 138.88
0.378017 -0.63115 0.677312 446.701
-0.00418492 -0.732756 -0.680479 67.4165
0.925669 0.254971 -0.279513 138.601
0.378316 -0.631259 0.677044 446.697
-0.00381811 -0.732462 -0.680797 67.417
0.925669 0.254971 -0.279513 138.601
0.378316 -0.631259 0.677044 446.697
-0.00381811 -0.732462 -0.680797 67.417
0.925526 0.255067 -0.279897 138.631
0.378665 -0.630734 0.677338 446.757
-0.00377399 -0.732881 -0.680346 67.4502
0.925526 0.255067 -0.279897 138.631
0.378665 -0.630734 0.677338 446.757
-0.00377399 -0.732881 -0.680346 67.4502
0.926189 0.254027 -0.278646 138.564
0.37704 -0.631215 0.677796 446.667
-0.00370695 -0.732829 -0.680403 67.6081
0.926189 0.254027 -0.278646 138.564
0.37704 -0.631215 0.677796 446.667
-0.00370695 -0.732829 -0.680403 67.6081
0.926048 0.255176 -0.278066 138.482
0.377399 -0.630893 0.677897 446.656
-0.00244721 -0.732707 -0.68054 67.727
0.926048 0.255176 -0.278066 138.482
0.377399 -0.630893 0.677897 446.656
-0.00244721 -0.732707 -0.68054 67.727
0.926203 0.254122 -0.278515 138.542
0.377008 -0.631488 0.67756 446.723
-0.00369607 -0.73256 -0.680692 67.3935
0.926203 0.254122 -0.278515 138.542
0.377008 -0.631488 0.67756 446.723
-0.00369607 -0.73256 -0.680692 67.3935
0.926186 0.254553 -0.278176 138.33
0.377055 -0.631026 0.677964 446.753
-0.00295815 -0.732809 -0.680428 67.4672
0.926186 0.254553 -0.278176 138.33
0.377055 -0.631026 0.677964 446.753
-0.00295815 -0.732809 -0.680428 67.4672
0.925972 0.255465 -0.278052 138.168
0.377587 -0.63031 0.678334 446.628
-0.00196836 -0.733107 -0.68011 67.7088
0.925972 0.255465 -0.278052 138.168
0.377587 -0.63031 0.678334 446.628
-0.00196836 -0.733107 -0.68011 67.7088
0.925548 0.254612 -0.28024 138.213
0.378612 -0.629937 0.67811 446.598
-0.0038787 -0.733725 -0.679436 67.7514
0.925548 0.254612 -0.28024 138.213
0.378612 -0.629937 0.67811 446.598
-0.0038787 -0.733725 -0.679436 67.7514
0.925609 0.253472 -0.281068 138.007
0.378442 -0.630461 0.677718 446.551
-0.00541989 -0.73367 -0.679485 67.7149
0.925609 0.253472 -0.281068 138.007
0.378442 -0.630461 0.677718 446.551
-0.00541989 -0.73367 -0.679485 67.7149
0.925462 0.253298 -0.28171 137.728
0.378792 -0.630651 0.677345 446.666
-0.0060906 -0.733566 -0.679591 67.7365
0.925462 0.253298 -0.28171 137.728
0.378792 -0.630651 0.677345 446.666
-0.0060906 -0.733566 -0.679591 67.7365
0.926441 0.253232 -0.278534 137.754
0.376418 -0.631371 0.677997 446.627
-0.00416739 -0.732969 -0.680249 67.6844
0.926441 0.253232 -0.278534 137.754
0.376418 -0.631371 0.677997 446.627
-0.00416739 -0.732969 -0.680249 67.6844
0.926216 0.252886 -0.279593 137.558
0.376965 -0.630143 0.678835 446.737
-0.0045159 -0.734144 -0.678978 67.8017
0.926216 0.252886 -0.279593 137.558
0.376965 -0.630143 0.678835 446.737
-0.0045159 -0.734144 -0.678978 67.8017
0.925842 0.252904 -0.280815 137.342
0.377874 -0.629988 0.678473 446.696
-0.00532133 -0.734271 -0.678835 67.693
0.925842 0.252904 -0.280815 137.342
0.377874 -0.629988 0.678473 446.696
-0.00532133 -0.734271 -0.678835 67.693
0.925538 0.25333 -0.281431 137.316
0.378617 -0.629621 0.6784 446.697
-0.00533536 -0.73444 -0.678653 67.7866
0.925538 0.25333 -0.281431 137.316
0.378617 -0.629621 0.6784 446.697
-0.00533536 -0.73444 -0.678653 67.7866
0.926081 0.250206 -0.282438 137.247
0.377235 -0.630341 0.678501 446.583
-0.00826665 -0.734892 -0.678134 67.875
0.926081 0.250206 -0.282438 137.247
0.377235 -0.630341 0.678501 446.583
-0.00826665 -0.734892 -0.678134 67.875
0.926081 0.250206 -0.282438 137.247
0.377235 -0.630341 0.678501 446.583
-0.00826665 -0.734892 -0.678134 67.875
0.92613 0.251161 -0.281428 137.061
0.377142 -0.630197 0.678687 446.624
-0.00689512 -0.73469 -0.678368 68.0444
0.92613 0.251161 -0.281428 137.061
0.377142 -0.630197 0.678687 446.624
-0.00689512 -0.73469 -0.678368 68.0444
0.926633 0.251035 -0.279881 137.12
0.375915 -0.631207 0.678429 446.545
-0.0063535 -0.733866 -0.679264 67.8966
0.926633 0.251035 -0.279881 137.12
0.375915 -0.631207 0.678429 446.545
-0.0063535 -0.733866 -0.679264 67.8966
0.926317 0.252036 -0.280027 136.853
0.376709 -0.630057 0.679057 446.606
-0.00528598 -0.734511 -0.678577 68.0025
0.926317 0.252036 -0.280027 136.853
0.376709 -0.630057 0.679057 446.606
-0.00528598 -0.734511 -0.678577 68.0025
0.926303 0.252178 -0.279943 136.816
0.37674 -0.630506 0.678623 446.653
-0.00537201 -0.734076 -0.679046 67.9189
0.926303 0.252178 -0.279943 136.816
0.37674 -0.630506 0.678623 446.653
-0.00537201 -0.734076 -0.679046 67.9189
0.926149 0.251707 -0.280875 136.871
0.377104 -0.630433 0.678489 446.657
-0.00629313 -0.734301 -0.678795 67.8191
0.926149 0.251707 -0.280875 136.871
0.377104 -0.630433 0.678489 446.657
-0.00629313 -0.734301 -0.678795 67.8191
0.926413 0.251734 -0.27998 136.698
0.37647 -0.63005 0.679196 446.635
-0.00542446 -0.73462 -0.678457 68.1537
0.926413 0.251734 -0.27998 136.698
0.37647 -0.63005 0.679196 446.635
-0.00542446 -0.73462 -0.678457 68.1537
0.926898 0.253017 -0.277206 136.575
0.375301 -0.631014 0.678948 446.576
-0.00313526 -0.733351 -0.679843 68.1273
0.926898 0.253017 -0.277206 136.575
0.375301 -0.631014 0.678948 446.576
-0.00313526 -0.733351 -0.679843 68.1273
0.926992 0.25247 -0.277389 136.573
0.375064 -0.631013 0.67908 446.686
-0.00358905 -0.733541 -0.679636 67.9165
0.926992 0.25247 -0.277389 136.573
0.375064 -0.631013 0.67908 446.686
-0.00358905 -0.733541 -0.679636 67.9165
0.926786 0.250945 -0.279452 136.408
0.375547 -0.630301 0.679474 446.565
-0.00562833 -0.734675 -0.678396 68.3028
0.926786 0.250945 -0.279452 136.408
0.375547 -0.630301 0.679474 446.565
-0.00562833 -0.734675 -0.678396 68.3028
0.926838 0.25145 -0.278828 136.458
0.37543 -0.630482 0.679371 446.588
-0.00496874 -0.734347 -0.678756 68.1007
0.926838 0.25145 -0.278828 136.458
0.37543 -0.630482 0.679371 446.588
-0.00496874 -0.734347 -0.678756 68.1007
0.927069 0.250934 -0.278524 136.512
0.374852 -0.631228 0.678997 446.62
-0.00542849 -0.733883 -0.679255 67.969
0.927069 0.250934 -0.278524 136.512
0.374852 -0.631228 0.678997 446.62
-0.00542849 -0.733883 -0.679255 67.969
0.926443 0.251997 -0.279645 136.365
0.376397 -0.630719 0.678615 446.579
-0.00536824 -0.733956 -0.679176 68.1269
0.926443 0.251997 -0.279645 136.365
0.376397 -0.630719 0.678615 446.579
-0.00536824 -0.733956 -0.679176 68.1269
0.926443 0.251997 -0.279645 136.365
0.376397 -0.630719 0.678615 446.579
-0.00536824 -0.733956 -0.679176 68.1269
0.926443 0.251997 -0.279645 136.365
0.376397 -0.630719 0.678615 446.579
-0.00536824 -0.733956 -0.679176 68.1269
0.926445 0.251095 -0.280448 136.295
0.376368 -0.631366 0.678029 446.58
-0.00681523 -0.733709 -0.67943 68.0246
0.926445 0.251095 -0.280448 136.295
0.376368 -0.631366 0.678029 446.58
-0.00681523 -0.733709 -0.67943 68.0246
0.926684 0.250171 -0.280484 136.368
0.375765 -0.631738 0.678017 446.612
-0.00757169 -0.733704 -0.679427 67.8251
0.926684 0.250171 -0.280484 136.368
0.375765 -0.631738 0.678017 446.612
-0.00757169 -0.733704 -0.679427 67.8251
0.926352 0.248996 -0.282616 136.149
0.376528 -0.631878 0.677463 446.661
-0.00989314 -0.733983 -0.679096 68.0648
0.926352 0.248996 -0.282616 136.149
0.376528 -0.631878 0.677463 446.661
-0.00989314 -0.733983 -0.679096 68.0648
0.925737 0.249479 -0.284202 136.128
0.378025 -0.631093 0.677361 446.703
-0.0103701 -0.734494 -0.678536 68.0387
0.925737 0.249479 -0.284202 136.128
0.378025 -0.631093 0.677361 446.703
-0.0103701 -0.734494 -0.678536 68.0387
0.925933 0.248668 -0.284274 136.086
0.37752 -0.631696 0.677081 446.585
-0.0112064 -0.734251 -0.678785 68.0508
0.925933 0.248668 -0.284274 136.086
0.37752 -0.631696 0.677081 446.585
-0.0112064 -0.734251 -0.678785 68.0508
0.925487 0.249742 -0.284784 135.998
0.378638 -0.630452 0.677617 446.639
-0.0103138 -0.734956 -0.678037 68.1605
0.925487 0.249742 -0.284784 135.998
0.378638 -0.630452 0.677617 446.639
-0.0103138 -0.734956 -0.678037 68.1605
0.926272 0.248028 -0.283731 135.994
0.376693 -0.63154 0.677687 446.576
-0.0111023 -0.734601 -0.678408 68.0613
0.926272 0.248028 -0.283731 135.994
0.376693 -0.63154 0.677687 446.576
-0.0111023 -0.734601 -0.678408 68.0613
0.925844 0.247411 -0.285658 135.969
0.377686 -0.631553 0.677122 446.594
-0.0128813 -0.734798 -0.678163 67.9502
0.925844 0.247411 -0.285658 135.969
0.377686 -0.631553 0.677122 446.594
-0.0128813 -0.734798 -0.678163 67.9502
0.926008 0.247159 -0.285344 135.947
0.377293 -0.631188 0.677681 446.561
-0.0126108 -0.735197 -0.677737 68.0948
0.926008 0.247159 -0.285344 135.947
0.377293 -0.631188 0.677681 446.561
-0.0126108 -0.735197 -0.677737 68.0948
0.927125 0.247469 -0.281423 136.001
0.374608 -0.632874 0.677598 446.516
-0.0104208 -0.733641 -0.679457 67.9282
0.927125 0.247469 -0.281423 136.001
0.374608 -0.632874 0.677598 446.516
-0.0104208 -0.733641 -0.679457 67.9282
0.926955 0.248693 -0.280901 135.787
0.375063 -0.632233 0.677944 446.571
-0.00899488 -0.73378 -0.679328 68.0696
0.926955 0.248693 -0.280901 135.787
0.375063 -0.632233 0.677944 446.571
-0.00899488 -0.73378 -0.679328 68.0696
0.927187 0.248363 -0.280429 135.777
0.374496 -0.632144 0.678341 446.547
-0.00879695 -0.733968 -0.679127 68.1202
0.927187 0.248363 -0.280429 135.777
0.374496 -0.632144 0.678341 446.547
-0.00879695 -0.733968 -0.679127 68.1202
0.927203 0.247337 -0.281282 135.811
0.374429 -0.631896 0.678609 446.578
-0.00989526 -0.734529 -0.678506 67.8984
0.927203 0.247337 -0.281282 135.811
0.374429 -0.631896 0.678609 446.578
-0.00989526 -0.734529 -0.678506 67.8984
0.927555 0.247207 -0.280232 135.762
0.373564 -0.63255 0.678476 446.583
-0.0095363 -0.734009 -0.679073 67.9651
0.927555 0.247207 -0.280232 135.762
0.373564 -0.63255 0.678476 446.583
-0.0095363 -0.734009 -0.679073 67.9651
0.92827 0.24591 -0.279004 135.637
0.371786 -0.632735 0.67928 446.487
-0.00949422 -0.734285 -0.678775 68.1871
0.92827 0.24591 -0.279004 135.637
0.371786 -0.632735 0.67928 446.487
-0.00949422 -0.734285 -0.678775 68.1871
0.928963 0.245637 -0.276929 135.867
0.370074 -0.633462 0.679537 446.44
-0.00850493 -0.733749 -0.679367 68.0518
0.928963 0.245637 -0.276929 135.867
0.370074 -0.633462 0.679537 446.44
-0.00850493 -0.733749 -0.679367 68.0518
0.928483 0.24615 -0.27808 135.655
0.37128 -0.632111 0.680138 446.474
-0.00836162 -0.734742 -0.678295 68.3315
0.928483 0.24615 -0.27808 135.655
0.37128 -0.632111 0.680138 446.474
-0.00836162 -0.734742 -0.678295 68.3315
0.928483 0.244764 -0.279303 135.415
0.371233 -0.632579 0.679728 446.442
-0.0103083 -0.734802 -0.678203 68.0761
0.928483 0.244764 -0.279303 135.415
0.371233 -0.632579 0.679728 446.442
-0.0103083 -0.734802 -0.678203 68.0761
0.928248 0.246514 -0.278543 135.422
0.371869 -0.631803 0.680102 446.448
-0.00832966 -0.734885 -0.678141 67.9033
0.928248 0.246514 -0.278543 135.422
0.371869 -0.631803 0.680102 446.448
-0.00832966 -0.734885 -0.678141 67.9033
0.92717 0.248483 -0.28038 135.132
0.374571 -0.629383 0.680862 446.401
-0.00728378 -0.736297 -0.67662 68.329
0.92717 0.248483 -0.28038 135.132
0.374571 -0.629383 0.680862 446.401
-0.00728378 -0.736297 -0.67662 68.329
0.927306 0.245984 -0.282127 135.011
0.374155 -0.630507 0.680051 446.334
-0.0106015 -0.736175 -0.676709 68.2355
0.927306 0.245984 -0.282127 135.011
0.374155 -0.630507 0.680051 446.334
-0.0106015 -0.736175 -0.676709 68.2355
0.927278 0.247876 -0.280559 134.899
0.374283 -0.630354 0.680122 446.367
-0.00826549 -0.73567 -0.677289 68.3909
0.927278 0.247876 -0.280559 134.899
0.374283 -0.630354 0.680122 446.367
-0.00826549 -0.73567 -0.677289 68.3909
0.927343 0.246445 -0.281603 134.722
0.374078 -0.630752 0.679867 446.394
-0.0100723 -0.735811 -0.677112 68.2852
0.927343 0.246445 -0.281603 134.722
0.374078 -0.630752 0.679867 446.394
-0.0100723 -0.735811 -0.677112 68.2852
0.927526 0.24697 -0.280539 134.594
0.373649 -0.63094 0.679927 446.353
-0.00908186 -0.735473 -0.677493 68.2523
0.927526 0.24697 -0.280539 134.594
0.373649 -0.63094 0.679927 446.353
-0.00908186 -0.735473 -0.677493 68.2523
0.927074 0.245835 -0.283018 134.37
0.374707 -0.63049 0.679762 446.408
-0.0113307 -0.736239 -0.676627 68.2701
0.927074 0.245835 -0.283018 134.37
0.374707 -0.63049 0.679762 446.408
-0.0113307 -0.736239 -0.676627 68.2701
0.927532 0.24486 -0.282361 134.461
0.37355 -0.631654 0.679318 446.325
-0.012017 -0.735565 -0.677347 68.196
0.927532 0.24486 -0.282361 134.461
0.37355 -0.631654 0.679318 446.325
-0.012017 -0.735565 -0.677347 68.196
0.927746 0.24343 -0.282894 134.395
0.372964 -0.632362 0.678982 446.296
-0.0136071 -0.735432 -0.677462 68.2932
0.927746 0.24343 -0.282894 134.395
0.372964 -0.632362 0.678982 446.296
-0.0136071 -0.735432 -0.677462 68.2932
0.92792 0.244003 -0.281829 134.378
0.372569 -0.632484 0.679085 446.301
-0.0125535 -0.735137 -0.677802 68.3414
0.92792 0.244003 -0.281829 134.378
0.372569 -0.632484 0.679085 446.301
-0.0125535 -0.735137 -0.677802 68.3414
0.92781 0.243863 -0.28231 134.095
0.372832 -0.632169 0.679234 446.265
-0.0128272 -0.735454 -0.677453 68.567
0.92781 0.243863 -0.28231 134.095
0.372832 -0.632169 0.679234 446.265
-0.0128272 -0.735454 -0.677453 68.567
0.927416 0.244339 -0.283191 134.065
0.373806 -0.631701 0.679134 446.284
-0.0129537 -0.735699 -0.677185 68.4005
0.927416 0.244339 -0.283191 134.065
0.373806 -0.631701 0.679134 446.284
-0.0129537 -0.735699 -0.677185 68.4005
0.92728 0.246253 -0.281977 133.936
0.37422 -0.630926 0.679627 446.238
-0.0105462 -0.735726 -0.677198 68.4701
0.92728 0.246253 -0.281977 133.936
0.37422 -0.630926 0.679627 446.238
-0.0105462 -0.735726 -0.677198 68.4701
0.926858 0.245895 -0.283672 133.725
0.375233 -0.630159 0.679779 446.333
-0.0116041 -0.736502 -0.676336 68.4819
0.926858 0.245895 -0.283672 133.725
0.375233 -0.630159 0.679779 446.333
-0.0116041 -0.736502 -0.676336 68.4819
0.927462 0.245431 -0.282097 133.737
0.373746 -0.631373 0.679472 446.269
-0.0113449 -0.735617 -0.677303 68.3086
0.927462 0.245431 -0.282097 133.737
0.373746 -0.631373 0.679472 446.269
-0.0113449 -0.735617 -0.677303 68.3086
0.927592 0.243151 -0.283637 133.598
0.37333 -0.631832 0.679274 446.285
-0.0140446 -0.735979 -0.676858 68.4425
0.927592 0.243151 -0.283637 133.598
0.37333 -0.631832 0.679274 446.285
-0.0140446 -0.735979 -0.676858 68.4425
0.928962 0.23926 -0.282461 133.481
0.369813 -0.633568 0.679581 446.24
-0.0163617 -0.735763 -0.677042 68.4043
0.928962 0.23926 -0.282461 133.481
0.369813 -0.633568 0.679581 446.24
-0.0163617 -0.735763 -0.677042 68.4043
0.929027 0.238026 -0.283291 133.508
0.36959 -0.63354 0.679728 446.212
-0.0176836 -0.736186 -0.676548 68.2761
0.929027 0.238026 -0.283291 133.508
0.36959 -0.63354 0.679728 446.212
-0.0176836 -0.736186 -0.676548 68.2761
0.928567 0.237165 -0.28551 133.256
0.370654 -0.632868 0.679775 446.218
-0.0194715 -0.737042 -0.675567 68.546
0.928567 0.237165 -0.28551 133.256
0.370654 -0.632868 0.679775 446.218
-0.0194715 -0.737042 -0.675567 68.546
0.928792 0.236384 -0.285427 133.06
0.370039 -0.633949 0.679102 446.218
-0.020417 -0.736364 -0.676278 68.4343
0.928792 0.236384 -0.285427 133.06
0.370039 -0.633949 0.679102 446.218
-0.020417 -0.736364 -0.676278 68.4343
0.928792 0.236384 -0.285427 133.06
0.370039 -0.633949 0.679102 446.218
-0.020417 -0.736364 -0.676278 68.4343
0.928275 0.236859 -0.28671 132.999
0.371325 -0.632946 0.679336 446.226
-0.0205653 -0.737074 -0.675499 68.5109
0.928275 0.236859 -0.28671 132.999
0.371325 -0.632946 0.679336 446.226
-0.0205653 -0.737074 -0.675499 68.5109
0.928275 0.236483 -0.287022 133.069
0.371286 -0.63346 0.678878 446.261
-0.0212744 -0.736752 -0.675828 68.5026
0.928275 0.236483 -0.287022 133.069
0.371286 -0.63346 0.678878 446.261
-0.0212744 -0.736752 -0.675828 68.5026
0.927993 0.235983 -0.288342 132.765
0.37195 -0.632351 0.679548 446.347
-0.0219716 -0.737864 -0.674591 68.5679
0.927993 0.235983 -0.288342 132.765
0.37195 -0.632351 0.679548 446.347
-0.0219716 -0.737864 -0.674591 68.5679
0.928583 0.23642 -0.286074 132.555
0.370578 -0.632444 0.68021 446.244
-0.0201108 -0.737645 -0.674889 68.8027
0.928583 0.23642 -0.286074 132.555
0.370578 -0.632444 0.68021 446.244
-0.0201108 -0.737645 -0.674889 68.8027
0.929043 0.236666 -0.284373 132.436
0.369494 -0.632536 0.680715 446.188
-0.0187739 -0.737488 -0.6751 68.6826
0.929043 0.236666 -0.284373 132.436
0.369494 -0.632536 0.680715 446.188
-0.0187739 -0.737488 -0.6751 68.6826
0.929303 0.234826 -0.285049 132.22
0.368752 -0.632692 0.680971 446.19
-0.0204389 -0.737941 -0.674555 68.6704
0.929303 0.234826 -0.285049 132.22
