-0.262796 -0.283357 -0.922305 151.456
0.639252 0.664865 -0.386409 433.598
0.7227 -0.691132 0.00641252 50.9447
-0.262796 -0.283357 -0.922305 151.456
0.639252 0.664865 -0.386409 433.598
0.7227 -0.691132 0.00641252 50.9447
-0.261918 -0.284543 -0.92219 151.396
0.639015 0.664946 -0.386661 433.647
0.723228 -0.690567 0.00766583 50.936
-0.261938 -0.284367 -0.922239 151.265
0.639231 0.664805 -0.386546 433.652
0.72303 -0.690775 0.00763869 50.9173
-0.260924 -0.28329 -0.922857 151.433
0.640151 0.664782 -0.385061 433.592
0.722583 -0.69124 0.00789041 50.8312
-0.261411 -0.281615 -0.923232 151.419
0.639892 0.665533 -0.384193 433.616
0.722636 -0.691201 0.00622536 50.9123
-0.261588 -0.280735 -0.92345 151.352
0.639622 0.666087 -0.383682 433.549
0.722811 -0.691026 0.00532353 50.9651
-0.262255 -0.279745 -0.923561 151.384
0.638547 0.66726 -0.383434 433.62
0.723519 -0.690294 0.00363769 50.8207
-0.262481 -0.279124 -0.923685 151.336
0.639005 0.666992 -0.383139 433.605
0.723033 -0.690805 0.00328879 50.8756
-0.263288 -0.280022 -0.923183 151.133
0.638001 0.667256 -0.384349 433.658
0.723626 -0.690186 0.00297396 50.9768
-0.265459 -0.280468 -0.922426 151.003
0.636073 0.668044 -0.386173 433.748
0.72453 -0.689243 0.00105983 51.0689
-0.266145 -0.281974 -0.921769 150.75
0.635123 0.668041 -0.387738 433.756
0.725111 -0.688631 0.00129185 51.1487
-0.267022 -0.282554 -0.921337 150.656
0.634517 0.66802 -0.388763 433.795
0.725319 -0.688413 0.000908959 51.1252
-0.267523 -0.281987 -0.921366 150.708
0.634814 0.667777 -0.388697 433.692
0.724874 -0.688881 0.00036393 51.1932
-0.269442 -0.284862 -0.919921 150.317
0.632462 0.668017 -0.392104 433.813
0.726218 -0.687464 0.000172098 51.4917
-0.270626 -0.284875 -0.91957 150.187
0.632691 0.667316 -0.392927 433.833
0.725579 -0.688139 -0.000355139 51.2813
-0.270343 -0.285429 -0.919481 150.122
0.632145 0.667711 -0.393135 433.908
0.726159 -0.687527 -7.84104e-05 51.2487
-0.269999 -0.285627 -0.91952 150.09
0.632047 0.667858 -0.393042 433.933
0.726373 -0.687301 0.000208711 51.2479
-0.270172 -0.286374 -0.919237 149.976
0.63121 0.66826 -0.393704 433.93
0.727036 -0.6866 0.000217014 51.4598
-0.271073 -0.284721 -0.919485 149.952
0.632315 0.667557 -0.393123 433.868
0.725739 -0.687969 -0.00092374 51.4199
-0.271702 -0.284845 -0.919261 149.639
0.631163 0.66834 -0.393643 433.939
0.726507 -0.687157 -0.0018058 51.5444
-0.272152 -0.284927 -0.919103 149.639
0.631094 0.668187 -0.394013 433.968
0.726398 -0.687272 -0.00203279 51.5915
-0.271502 -0.284841 -0.919322 149.597
0.631568 0.668039 -0.393504 433.943
0.726229 -0.687452 -0.00147754 51.6345
-0.271085 -0.286366 -0.918971 149.527
0.630687 0.668387 -0.394326 434.017
0.72715 -0.686479 -0.000582454 51.7124
-0.270258 -0.287448 -0.918877 149.471
0.631583 0.667412 -0.394543 434.044
0.72668 -0.686976 0.00117408 51.4414
-0.27017 -0.285383 -0.919546 149.358
0.631912 0.668021 -0.392983 433.977
0.726427 -0.687244 -0.0001421 51.7284
-0.271231 -0.284256 -0.919583 149.328
0.631251 0.668699 -0.392892 434.034
0.726606 -0.687052 -0.00193507 51.8081
-0.270855 -0.284989 -0.919467 149.346
0.631742 0.668073 -0.393167 434.056
0.72632 -0.687357 -0.000911079 51.5399
-0.274719 -0.283186 -0.918877 149.119
0.630593 0.668365 -0.394512 434.093
0.725866 -0.687818 -0.0050372 51.8929
-0.274258 -0.284719 -0.918541 148.801
0.629996 0.66846 -0.395305 434.184
0.726559 -0.687093 -0.00395867 51.8303
-0.273978 -0.28448 -0.918699 148.821
0.630524 0.668177 -0.394942 434.146
0.726206 -0.687467 -0.00369399 51.9181
-0.273566 -0.28532 -0.918561 148.79
0.630007 0.668472 -0.395267 434.166
0.72681 -0.686831 -0.00311744 51.9989
-0.272846 -0.286642 -0.918364 148.829
0.629576 0.668602 -0.395733 434.17
0.727454 -0.686154 -0.00196233 51.9758
-0.271732 -0.286275 -0.918808 148.779
0.631075 0.667797 -0.394704 434.168
0.726571 -0.687091 -0.000800478 51.8939
-0.272166 -0.284818 -0.919132 148.728
0.631538 0.667808 -0.393945 434.126
0.726007 -0.687685 -0.00188096 51.978
-0.27176 -0.284956 -0.91921 148.476
0.630815 0.668598 -0.393763 434.16
0.726787 -0.686861 -0.00194375 52.1579
-0.272237 -0.284731 -0.919138 148.444
0.630835 0.668482 -0.393928 434.142
0.726591 -0.687066 -0.00236754 52.2183
-0.270998 -0.285415 -0.919292 148.396
0.631315 0.668237 -0.393575 434.143
0.726637 -0.687021 -0.00090428 52.1323
-0.272754 -0.285147 -0.918856 148.33
0.629983 0.668899 -0.394583 434.3
0.727136 -0.686488 -0.00280696 52.2454
-0.272638 -0.286582 -0.918444 148.209
0.629196 0.669072 -0.395545 434.318
0.727861 -0.685722 -0.00209806 52.2918
-0.272517 -0.285965 -0.918672 148.125
0.629928 0.668695 -0.395016 434.265
0.727272 -0.686346 -0.00209353 52.3021
-0.273031 -0.285238 -0.918746 148.02
0.629603 0.669106 -0.394838 434.307
0.727361 -0.686248 -0.00310017 52.3901
-0.272713 -0.286169 -0.91855 147.868
0.629597 0.66884 -0.395298 434.372
0.727485 -0.68612 -0.00223023 52.3335
-0.275055 -0.28578 -0.917973 147.739
0.628648 0.668951 -0.396619 434.4
0.727424 -0.686174 -0.00434374 52.4036
-0.274671 -0.287807 -0.917455 147.566
0.628061 0.668784 -0.397829 434.384
0.728077 -0.685489 -0.0029351 52.3306
-0.276101 -0.287019 -0.917272 147.496
0.627914 0.668679 -0.398237 434.519
0.727662 -0.685921 -0.00439998 52.2775
-0.274946 -0.285936 -0.917957 147.509
0.627757 0.669767 -0.396652 434.45
0.728234 -0.685312 -0.00465153 52.619
-0.274737 -0.285912 -0.918027 147.43
0.628047 0.669589 -0.396493 434.425
0.728063 -0.685496 -0.00439447 52.6247
-0.27398 -0.286693 -0.91801 147.302
0.627764 0.669826 -0.396542 434.476
0.728593 -0.684938 -0.0035437 52.7318
-0.273819 -0.286896 -0.917994 147.139
0.628573 0.669043 -0.396583 434.551
0.727956 -0.685618 -0.00286149 52.5815
-0.274468 -0.285846 -0.918128 147.014
0.628081 0.669696 -0.396261 434.519
0.728136 -0.68542 -0.0042759 52.9276
-0.271812 -0.285782 -0.918938 147.117
0.629463 0.669498 -0.394397 434.529
0.727938 -0.685639 -0.00208837 52.5037
-0.271589 -0.285286 -0.919158 147.02
0.629574 0.669696 -0.393883 434.539
0.727926 -0.685652 -0.00227317 52.7342
-0.270173 -0.283308 -0.920186 146.935
0.63052 0.670219 -0.391473 434.462
0.727634 -0.685961 -0.00244343 52.8246
-0.26968 -0.282147 -0.920688 146.823
0.630144 0.671264 -0.390287 434.477
0.728143 -0.685418 -0.00323321 52.8521
-0.26939 -0.282847 -0.920558 146.654
0.629769 0.671435 -0.390597 434.475
0.728574 -0.684962 -0.00274951 52.8765
-0.268207 -0.283428 -0.920725 146.563
0.63009 0.671359 -0.39021 434.424
0.728733 -0.684796 -0.00147826 52.9335
-0.26666 -0.281884 -0.921648 146.58
0.631356 0.671436 -0.388026 434.476
0.728205 -0.685358 -0.00107597 52.632
-0.267672 -0.282564 -0.921146 146.286
0.630117 0.671912 -0.389213 434.517
0.728906 -0.684611 -0.00180358 52.8408
-0.267766 -0.284363 -0.920565 146.122
0.628823 0.672326 -0.390588 434.519
0.729988 -0.683459 -0.00121228 53.0983
-0.266539 -0.279224 -0.922492 146.126
0.632545 0.671479 -0.38601 434.512
0.727217 -0.686404 -0.00235341 52.9978
-0.267318 -0.277857 -0.922679 146.095
0.631797 0.672448 -0.385546 434.582
0.72758 -0.68601 -0.00420852 53.0872
-0.267311 -0.280198 -0.921973 145.873
0.631147 0.672083 -0.387244 434.499
0.728147 -0.685415 -0.00280839 53.3148
-0.26489 -0.284323 -0.921409 145.888
0.630675 0.671747 -0.388592 434.496
0.72944 -0.684044 0.00137656 52.9059
-0.263847 -0.283759 -0.921882 145.733
0.631455 0.671665 -0.387467 434.427
0.729142 -0.684359 0.00196404 52.9896
-0.263408 -0.281915 -0.922573 145.625
0.632258 0.671857 -0.385822 434.472
0.728606 -0.684932 0.00127051 53.0442
-0.262966 -0.282648 -0.922474 145.622
0.631564 0.672375 -0.386055 434.53
0.729367 -0.684121 0.00169887 52.878
-0.262461 -0.282582 -0.922639 145.616
0.631831 0.672351 -0.38566 434.447
0.729317 -0.684173 0.0020784 53.0104
-0.261842 -0.283384 -0.922568 145.442
0.631529 0.672542 -0.385823 434.464
0.729801 -0.683653 0.00286503 53.1155
-0.260334 -0.282578 -0.923242 145.35
0.632359 0.672689 -0.384202 434.491
0.729622 -0.683842 0.00356739 53.1395
-0.26038 -0.281939 -0.923424 145.255
0.632544 0.672763 -0.383767 434.562
0.729445 -0.684032 0.00316452 53.0012
-0.258998 -0.282461 -0.923653 145.209
0.632136 0.673466 -0.383207 434.532
0.73029 -0.683124 0.0041272 53.1319
-0.258615 -0.284324 -0.923189 145.075
0.631146 0.673765 -0.384311 434.627
0.731282 -0.682056 0.00520445 53.0216
-0.258211 -0.282284 -0.923928 144.909
0.631594 0.674351 -0.382544 434.567
0.731038 -0.682324 0.00416437 53.1158
-0.257602 -0.281227 -0.92442 144.906
0.63138 0.675222 -0.381358 434.513
0.731438 -0.681899 0.00362272 53.1359
-0.258224 -0.282584 -0.923833 144.621
0.630134 0.675582 -0.382779 434.678
0.732292 -0.680981 0.00361385 53.1472
-0.25619 -0.281997 -0.924578 144.619
0.631204 0.675611 -0.380961 434.46
0.732085 -0.681196 0.00491234 53.3893
-0.256672 -0.282478 -0.924297 144.262
0.630527 0.675857 -0.381645 434.601
0.732499 -0.680752 0.00463632 53.4443
-0.255481 -0.28415 -0.924115 144.251
0.630767 0.675401 -0.382056 434.561
0.732709 -0.680509 0.00668076 53.2934
-0.254567 -0.284097 -0.924383 144.067
0.630759 0.675781 -0.381397 434.539
0.733034 -0.680154 0.00716513 53.4078
-0.254375 -0.283292 -0.924683 143.946
0.631194 0.675782 -0.380675 434.556
0.732726 -0.680489 0.00690982 53.2645
-0.254678 -0.283 -0.924689 143.918
0.630767 0.676182 -0.380671 434.583
0.732988 -0.680212 0.00629811 53.3397
-0.254944 -0.279358 -0.925723 143.868
0.631708 0.676701 -0.378182 434.565
0.732086 -0.681201 0.00395174 53.2529
-0.254561 -0.279321 -0.925839 143.786
0.631249 0.677288 -0.377897 434.574
0.732614 -0.680633 0.0039107 53.3567
-0.255023 -0.27972 -0.925592 143.513
0.630977 0.677202 -0.378504 434.615
0.732688 -0.680554 0.0037944 53.3673
-0.254027 -0.278646 -0.926189 143.442
0.631215 0.677796 -0.37704 434.547
0.732829 -0.680403 0.00370695 53.5377
-0.255176 -0.278066 -0.926048 143.381
0.630893 0.677897 -0.377399 434.543
0.732707 -0.68054 0.00244721 53.659
-0.254346 -0.278339 -0.926194 143.316
0.631249 0.67777 -0.377032 434.619
0.732689 -0.680555 0.00331339 53.3641
-0.255188 -0.27809 -0.926037 143.117
0.630528 0.678222 -0.377425 434.56
0.733017 -0.680207 0.00226898 53.5615
-0.254705 -0.280002 -0.925594 143.099
0.629978 0.678134 -0.3785 434.505
0.733658 -0.679509 0.0036704 53.6605
-0.253432 -0.281218 -0.925575 142.808
0.630505 0.677631 -0.378524 434.472
0.733645 -0.67951 0.00557657 53.6339
-0.253269 -0.280293 -0.9259 142.603
0.630972 0.677637 -0.377733 434.534
0.7333 -0.679885 0.00523261 53.6339
-0.25301 -0.279214 -0.926297 142.486
0.630583 0.678535 -0.376769 434.59
0.733724 -0.679433 0.00439124 53.6722
-0.252903 -0.280738 -0.925865 142.211
0.629998 0.678496 -0.377817 434.603
0.734263 -0.678844 0.00527089 53.602
-0.25232 -0.281756 -0.925715 142.138
0.629854 0.678433 -0.37817 434.567
0.734587 -0.678485 0.00628328 53.7111
-0.250627 -0.281993 -0.926103 141.977
0.630278 0.678583 -0.377194 434.5
0.734803 -0.678237 0.00766294 53.8414
-0.251063 -0.280225 -0.926521 141.928
0.630982 0.678487 -0.376187 434.447
0.734049 -0.679065 0.00647402 53.8357
-0.252036 -0.280027 -0.926317 141.692
0.630057 0.679057 -0.376709 434.509
0.734511 -0.678577 0.00528598 53.8999
-0.252178 -0.279943 -0.926303 141.658
0.630506 0.678623 -0.37674 434.547
0.734076 -0.679046 0.00537201 53.8246
-0.251721 -0.280405 -0.926288 141.613
0.630232 0.678861 -0.376771 434.545
0.734469 -0.678617 0.0058364 53.8932
-0.252732 -0.277824 -0.92679 141.455
0.630799 0.679004 -0.375561 434.478
0.733634 -0.679535 0.00364525 54.0474
-0.25247 -0.277389 -0.926992 141.42
0.631013 0.67908 -0.375064 434.57
0.733541 -0.679636 0.00358905 53.8325
-0.251143 -0.279207 -0.926807 141.25
0.630373 0.679433 -0.375501 434.471
0.734546 -0.678538 0.00536924 54.1201
-0.25116 -0.278657 -0.926967 141.311
0.630901 0.679161 -0.375106 434.493
0.734086 -0.679036 0.00522679 53.9323
-0.251997 -0.279645 -0.926443 141.203
0.630719 0.678615 -0.376397 434.469
0.733956 -0.679176 0.00536824 54.0349
-0.251524 -0.280065 -0.926444 141.158
0.631058 0.678308 -0.376382 434.463
0.733826 -0.679309 0.00612633 53.9838
-0.250351 -0.280477 -0.926637 141.161
0.631666 0.67802 -0.375883 434.478
0.733705 -0.679428 0.00742428 53.7768
-0.249045 -0.282774 -0.926291 140.929
0.6318 0.677453 -0.376677 434.535
0.734034 -0.67904 0.00994081 53.9687
-0.249235 -0.284224 -0.925796 140.901
0.631275 0.677277 -0.377873 434.547
0.734421 -0.678611 0.010622 53.9414
-0.249296 -0.284572 -0.925673 140.821
0.630968 0.677394 -0.378174 434.502
0.734664 -0.678347 0.0106844 54.0094
-0.248028 -0.283731 -0.926272 140.756
0.63154 0.677687 -0.376693 434.451
0.734601 -0.678408 0.0111023 53.9569
-0.247349 -0.285581 -0.925885 140.713
0.631463 0.67726 -0.377589 434.462
0.734897 -0.678058 0.0128145 53.8759
-0.247289 -0.28371 -0.926475 140.717
0.631891 0.677648 -0.376174 434.41
0.734549 -0.678455 0.0116989 53.9221
-0.248636 -0.280925 -0.926963 140.571
0.632263 0.677928 -0.375042 434.429
0.733774 -0.679334 0.0090607 53.9746
-0.248013 -0.280721 -0.927192 140.551
0.632059 0.678433 -0.374473 434.422
0.73416 -0.678915 0.00917225 53.9486
-0.247253 -0.280601 -0.927431 140.527
0.63232 0.678523 -0.373869 434.441
0.734192 -0.678874 0.00966272 53.8451
-0.24591 -0.279004 -0.92827 140.358
0.632735 0.67928 -0.371786 434.338
0.734285 -0.678775 0.00949422 54.0888
-0.2457 -0.277071 -0.928904 140.558
0.633296 0.679611 -0.370223 434.285
0.733872 -0.679235 0.00848737 53.996
-0.245425 -0.278721 -0.928484 140.241
0.632356 0.679923 -0.371255 434.316
0.734774 -0.678247 0.0093809 54.0901
-0.246075 -0.278734 -0.928307 140.145
0.631998 0.680008 -0.371709 434.312
0.734864 -0.678157 0.00882688 53.8374
-0.248228 -0.280558 -0.927184 139.885
0.629498 0.680779 -0.374529 434.308
0.736285 -0.676629 0.00762153 54.1829
-0.246518 -0.281685 -0.927298 139.712
0.630464 0.680071 -0.374191 434.238
0.736033 -0.676873 0.00994254 54.1475
-0.247079 -0.281141 -0.927314 139.544
0.630576 0.67998 -0.374169 434.275
0.735749 -0.677191 0.00927235 54.2056
-0.246936 -0.280611 -0.927513 139.329
0.630927 0.679922 -0.37368 434.241
0.735495 -0.677468 0.00914801 54.1313
-0.245469 -0.282772 -0.927246 139.117
0.630927 0.679596 -0.374274 434.263
0.735987 -0.676897 0.0115881 54.1114
-0.24343 -0.282894 -0.927746 139.068
0.632362 0.678982 -0.372964 434.155
0.735432 -0.677462 0.0136071 54.1729
-0.244003 -0.281829 -0.92792 139.063
0.632484 0.679085 -0.372569 434.158
0.735137 -0.677802 0.0125535 54.2268
-0.243953 -0.282475 -0.927736 138.773
0.632081 0.679215 -0.373015 434.133
0.7355 -0.677403 0.012851 54.4141
-0.245296 -0.282584 -0.927349 138.71
0.631314 0.67938 -0.374013 434.14
0.735713 -0.677192 0.0117503 54.3096
-0.245895 -0.283672 -0.926858 138.446
0.630159 0.679779 -0.375233 434.234
0.736502 -0.676336 0.0116041 54.3411
-0.245234 -0.28223 -0.927473 138.434
0.631412 0.679455 -0.37371 434.147
0.735649 -0.677264 0.0115776 54.1957
-0.240618 -0.282871 -0.928487 138.142
0.632964 0.679474 -0.37104 434.103
0.735839 -0.676977 0.0155536 54.2895
-0.238132 -0.283219 -0.929021 138.077
0.633543 0.679715 -0.36961 434.051
0.73615 -0.676591 0.0175691 54.1531
-0.237131 -0.285507 -0.928577 137.801
0.632915 0.679746 -0.370627 434.066
0.737013 -0.675597 0.0195123 54.3906
-0.236384 -0.285427 -0.928792 137.598
0.633949 0.679102 -0.370039 434.046
0.736364 -0.676278 0.020417 54.2961
-0.2367 -0.286842 -0.928275 137.573
0.633164 0.679142 -0.371308 434.084
0.736938 -0.675639 0.0208653 54.3582
-0.236172 -0.287845 -0.928099 137.414
0.63277 0.679295 -0.371699 434.165
0.737445 -0.675058 0.0217089 54.3843
-0.23642 -0.28607 -0.928585 137.094
0.632444 0.680212 -0.370576 434.101
0.737645 -0.67489 0.0201074 54.6397
-0.236252 -0.284525 -0.929102 136.923
0.632571 0.680773 -0.369327 434.043
0.73759 -0.674977 0.0191487 54.5182
-0.23437 -0.285697 -0.929219 136.633
0.632936 0.680656 -0.368915 434.067
0.737877 -0.674599 0.0213024 54.5304
-0.231388 -0.287755 -0.929331 136.499
0.633751 0.680176 -0.368401 433.966
0.738119 -0.674208 0.024981 54.5739
-0.231582 -0.289922 -0.928609 136.277
0.633295 0.679662 -0.370132 434.058
0.738449 -0.673799 0.0262089 54.6412
-0.231231 -0.289974 -0.92868 136.106
0.634001 0.679123 -0.369911 434.029
0.737953 -0.674319 0.0268097 54.4886
-0.228219 -0.292474 -0.928642 135.817
0.634434 0.678828 -0.369711 433.976
0.738519 -0.673536 0.0306342 54.7768
-0.224759 -0.294298 -0.928909 135.644
0.635909 0.678012 -0.368673 433.942
0.738311 -0.673564 0.0347577 54.642
-0.223882 -0.295355 -0.928785 135.488
0.635866 0.677949 -0.368863 433.835
0.738614 -0.673165 0.0360251 54.6855
-0.221791 -0.29581 -0.929142 135.209
0.636319 0.678111 -0.367782 433.774
0.738855 -0.672801 0.0378304 54.7447
-0.221729 -0.295409 -0.929285 135.151
0.636747 0.677902 -0.367426 433.755
0.738505 -0.673188 0.0377903 54.8068
-0.221971 -0.296403 -0.92891 134.776
0.637078 0.677119 -0.368295 433.765
0.738147 -0.673539 0.0385314 54.8908
-0.220639 -0.297884 -0.928754 134.809
0.637004 0.677081 -0.368494 433.804
0.73861 -0.672924 0.0403627 54.7561
-0.21955 -0.299817 -0.92839 134.5
0.637009 0.676702 -0.369179 433.866
0.73893 -0.672446 0.0424162 54.8098
-0.220126 -0.297413 -0.929026 134.435
0.63782 0.676709 -0.367765 433.798
0.738059 -0.673506 0.0407341 54.952
-0.219104 -0.301642 -0.927904 134.224
0.637581 0.675617 -0.37018 433.702
0.738569 -0.672721 0.0442906 54.8203
-0.219595 -0.305317 -0.926585 134.063
0.636674 0.67479 -0.373236 433.656
0.739206 -0.671893 0.046207 54.7766
-0.217865 -0.305888 -0.926805 133.936
0.636731 0.67514 -0.372504 433.617
0.739668 -0.671281 0.0476789 54.8485
-0.218162 -0.30441 -0.927222 133.768
0.63722 0.675181 -0.371593 433.618
0.739159 -0.671911 0.0466775 54.9275
-0.21575 -0.306305 -0.927162 133.567
0.638039 0.674555 -0.371323 433.617
0.73916 -0.671679 0.0498993 54.7443
-0.213049 -0.306897 -0.927591 133.459
0.639482 0.673989 -0.369868 433.56
0.738697 -0.671977 0.0526627 54.8229
-0.211633 -0.31036 -0.926762 133.151
0.638581 0.673936 -0.371516 433.61
0.739883 -0.670438 0.0555625 55.0721
-0.208598 -0.311389 -0.927105 132.86
0.640421 0.672957 -0.370122 433.547
0.739153 -0.670944 0.0590429 54.9372
-0.207686 -0.312885 -0.926806 132.626
0.640375 0.672731 -0.370611 433.543
0.73945 -0.670474 0.0606469 55.1858
-0.204379 -0.316864 -0.926189 132.352
0.640675 0.672065 -0.3713 433.535
0.740111 -0.669273 0.0656509 55.2192
-0.203848 -0.316622 -0.926389 132.231
0.641046 0.67202 -0.370742 433.537
0.739937 -0.669433 0.0659792 55.3549
-0.203389 -0.317251 -0.926275 132.062
0.641439 0.671578 -0.370862 433.521
0.739722 -0.669578 0.0669052 55.4008
-0.201184 -0.318811 -0.92622 131.864
0.641942 0.671297 -0.370501 433.533
0.739889 -0.669119 0.0696042 55.2831
-0.197649 -0.320582 -0.92637 131.703
0.643317 0.670623 -0.369335 433.434
0.739648 -0.668948 0.073688 55.3236
-0.198846 -0.320715 -0.926068 131.495
0.642778 0.670625 -0.370268 433.452
0.739795 -0.668883 0.0727975 55.5935
-0.196379 -0.322544 -0.925959 131.312
0.643637 0.670009 -0.369891 433.496
0.739707 -0.66862 0.0760253 55.3154
-0.194776 -0.325191 -0.925372 131.277
0.642843 0.670245 -0.370844 433.531
0.740821 -0.6671 0.0784994 55.4975
-0.192836 -0.324893 -0.925883 131.093
0.64414 0.669894 -0.369223 433.431
0.740202 -0.667597 0.0800967 55.5083
-0.191063 -0.327877 -0.925198 130.755
0.643911 0.669547 -0.370252 433.428
0.74086 -0.666487 0.0831976 55.7262
-0.190746 -0.328867 -0.924912 130.711
0.643932 0.669246 -0.370759 433.466
0.740924 -0.666301 0.0841115 55.6795
-0.187769 -0.327709 -0.925932 130.667
0.645282 0.669561 -0.36783 433.416
0.740509 -0.666555 0.0857417 55.6443
-0.18693 -0.328606 -0.925784 130.541
0.644875 0.669871 -0.36798 433.428
0.741076 -0.665801 0.0866909 55.6325
-0.187412 -0.329209 -0.925472 130.538
0.644513 0.669784 -0.368773 433.428
0.741269 -0.665591 0.086654 55.7191
-0.187769 -0.328717 -0.925574 130.423
0.644829 0.669568 -0.368611 433.399
0.740903 -0.666051 0.0862424 55.7408
-0.186578 -0.330473 -0.92519 130.31
0.644987 0.669153 -0.369088 433.364
0.741067 -0.665599 0.0883016 55.7308
-0.186574 -0.333271 -0.924186 130.055
0.643892 0.669016 -0.371242 433.387
0.74202 -0.66434 0.0897693 55.8792
-0.187383 -0.335743 -0.923128 130.09
0.643315 0.668244 -0.373626 433.407
0.742316 -0.663873 0.0907711 55.7564
-0.18771 -0.337072 -0.922576 129.922
0.643115 0.667765 -0.374824 433.449
0.742407 -0.663681 0.0914301 55.8074
-0.186935 -0.339445 -0.921863 129.608
0.642947 0.667231 -0.376062 433.372
0.742748 -0.663008 0.0935164 55.8416
-0.188419 -0.337237 -0.922372 129.623
0.642805 0.667717 -0.375441 433.352
0.742496 -0.663645 0.0909668 55.8371
-0.187889 -0.337847 -0.922256 129.458
0.6433 0.667219 -0.375478 433.354
0.742202 -0.663835 0.0919737 55.8528
-0.188122 -0.339473 -0.921612 129.219
0.642906 0.666823 -0.376854 433.428
0.742484 -0.663404 0.0928052 55.9259
-0.184776 -0.342631 -0.92112 128.976
0.643386 0.666324 -0.376916 433.406
0.742908 -0.662281 0.0973234 55.8233
-0.181537 -0.346273 -0.920402 128.91
0.644044 0.665428 -0.377376 433.412
0.743136 -0.661287 0.102215 55.8111
-0.181133 -0.345633 -0.920722 128.923
0.644616 0.665328 -0.376575 433.321
0.742739 -0.661722 0.102288 55.9874
-0.181448 -0.344607 -0.921044 128.705
0.645189 0.665122 -0.375957 433.317
0.742164 -0.662465 0.101652 56.1306
-0.181286 -0.346186 -0.920484 128.585
0.645675 0.664101 -0.376926 433.299
0.741781 -0.662664 0.103132 55.9633
-0.180945 -0.345291 -0.920887 128.285
0.646197 0.664125 -0.375989 433.203
0.74141 -0.663108 0.102956 56.1881
-0.17937 -0.345921 -0.920959 127.958
0.6467 0.663993 -0.375356 433.15
0.741354 -0.662912 0.104606 56.2919
-0.179305 -0.34863 -0.91995 127.818
0.645622 0.663872 -0.377421 433.239
0.742309 -0.661613 0.106047 56.3395
-0.178824 -0.345929 -0.921062 127.907
0.647711 0.663284 -0.374867 433.156
0.740603 -0.663617 0.105451 56.1892
-0.179323 -0.349375 -0.919663 127.402
0.646805 0.662503 -0.3778 433.122
0.741274 -0.662591 0.107175 56.4945
-0.17787 -0.351616 -0.919091 127.106
0.646879 0.662049 -0.378469 433.136
0.741559 -0.661859 0.109694 56.4583
-0.176874 -0.351676 -0.91926 127.176
0.647442 0.661888 -0.377788 433.118
0.741306 -0.661989 0.110619 56.3887
-0.174964 -0.354903 -0.918385 126.99
0.647283 0.661402 -0.378909 433.193
0.741898 -0.660751 0.114002 56.3652
-0.174091 -0.354869 -0.918564 126.901
0.648265 0.660861 -0.378174 433.154
0.741246 -0.661309 0.114999 56.1773
