-0.262796 -0.283357 -0.922305 151.456
0.639252 0.664865 -0.386409 433.598
0.7227 -0.691132 0.00641252 50.9447
-0.262796 -0.283357 -0.922305 151.456
0.639252 0.664865 -0.386409 433.598
0.7227 -0.691132 0.00641252 50.9447
-0.261989 -0.284446 -0.922199 151.401
0.639034 0.664939 -0.386641 433.643
0.723185 -0.690613 0.00756405 50.9367
-0.261986 -0.284392 -0.922217 151.256
0.639186 0.664819 -0.386598 433.655
0.723052 -0.690751 0.0076064 50.9244
-0.260918 -0.283341 -0.922843 151.438
0.64016 0.664754 -0.385094 433.591
0.722577 -0.691245 0.0079373 50.8239
-0.261384 -0.281667 -0.923224 151.414
0.639898 0.665516 -0.384212 433.616
0.72264 -0.691196 0.00628246 50.9165
-0.261587 -0.280766 -0.923441 151.357
0.639635 0.666062 -0.383704 433.553
0.7228 -0.691037 0.00535491 50.9608
-0.262255 -0.279745 -0.923561 151.384
0.638547 0.66726 -0.383434 433.62
0.723519 -0.690294 0.00363769 50.8207
-0.262446 -0.279112 -0.923698 151.342
0.639034 0.666982 -0.383106 433.603
0.72302 -0.690819 0.00331493 50.8705
-0.263267 -0.279948 -0.923212 151.143
0.638053 0.667246 -0.38428 433.656
0.723588 -0.690226 0.00295807 50.9757
-0.265459 -0.280468 -0.922426 151.003
0.636073 0.668044 -0.386173 433.748
0.72453 -0.689243 0.00105983 51.0689
-0.266145 -0.281974 -0.921769 150.75
0.635123 0.668041 -0.387738 433.756
0.725111 -0.688631 0.00129185 51.1487
-0.266964 -0.282565 -0.921351 150.66
0.634512 0.668044 -0.388731 433.791
0.725345 -0.688385 0.00094742 51.1394
-0.267514 -0.28201 -0.921361 150.704
0.634802 0.667782 -0.388708 433.698
0.724888 -0.688867 0.000379478 51.1867
-0.269416 -0.28482 -0.919941 150.323
0.632495 0.668013 -0.392056 433.811
0.726199 -0.687485 0.000173865 51.4879
-0.270599 -0.284857 -0.919583 150.188
0.632722 0.667305 -0.392896 433.831
0.725561 -0.688158 -0.000336494 51.2839
-0.270372 -0.285412 -0.919477 150.125
0.632153 0.667698 -0.393143 433.906
0.726141 -0.687546 -0.000102658 51.2488
-0.269999 -0.285627 -0.91952 150.09
0.632047 0.667858 -0.393042 433.933
0.726373 -0.687301 0.000208711 51.2479
-0.270172 -0.286439 -0.919217 149.967
0.631177 0.668263 -0.393751 433.932
0.727065 -0.686569 0.000247727 51.4604
-0.271065 -0.284734 -0.919484 149.953
0.632305 0.667563 -0.393127 433.868
0.72575 -0.687957 -0.000913986 51.4203
-0.271702 -0.284845 -0.919261 149.639
0.631163 0.66834 -0.393643 433.939
0.726507 -0.687157 -0.0018058 51.5444
-0.272183 -0.284942 -0.919089 149.638
0.631074 0.668187 -0.394045 433.968
0.726404 -0.687265 -0.0020498 51.597
-0.271517 -0.284834 -0.91932 149.6
0.631556 0.668048 -0.393509 433.945
0.726234 -0.687446 -0.00149759 51.6274
-0.271102 -0.286282 -0.918992 149.529
0.630745 0.668362 -0.394276 434.011
0.727094 -0.686538 -0.000623176 51.7119
-0.270314 -0.287516 -0.918839 149.478
0.631532 0.667408 -0.394631 434.05
0.726703 -0.686951 0.00116596 51.4327
-0.270106 -0.285484 -0.919533 149.359
0.631947 0.66797 -0.393012 433.976
0.726419 -0.687252 -1.21583e-05 51.7134
-0.271199 -0.28427 -0.919588 149.329
0.631274 0.668684 -0.39288 434.031
0.726598 -0.68706 -0.00189475 51.8121
-0.270743 -0.285011 -0.919493 149.344
0.631793 0.668061 -0.393106 434.049
0.726317 -0.687359 -0.000805032 51.5318
-0.274387 -0.283362 -0.918922 149.144
0.63068 0.668343 -0.394411 434.094
0.725916 -0.687767 -0.00467333 51.8611
-0.274258 -0.284719 -0.918541 148.801
0.629996 0.66846 -0.395305 434.184
0.726559 -0.687093 -0.00395867 51.8303
-0.27398 -0.284405 -0.918721 148.825
0.630568 0.668166 -0.39489 434.139
0.726167 -0.687508 -0.00372755 51.9171
-0.273596 -0.28532 -0.918552 148.789
0.630009 0.668458 -0.395288 434.17
0.726797 -0.686845 -0.00313348 51.9935
-0.272877 -0.286531 -0.918389 148.826
0.629611 0.668605 -0.395674 434.165
0.727412 -0.686198 -0.00204421 51.9831
-0.271709 -0.286359 -0.918789 148.776
0.631037 0.667807 -0.394749 434.171
0.726613 -0.687046 -0.000745567 51.8918
-0.27216 -0.284831 -0.91913 148.736
0.631551 0.667793 -0.39395 434.126
0.725998 -0.687695 -0.00186084 51.9732
-0.271788 -0.284935 -0.919208 148.481
0.630841 0.66857 -0.393768 434.158
0.726753 -0.686896 -0.00196048 52.1529
-0.272336 -0.284611 -0.919146 148.453
0.630819 0.668509 -0.393908 434.142
0.726568 -0.68709 -0.00252084 52.2248
-0.271053 -0.285485 -0.919254 148.39
0.63126 0.668237 -0.393663 434.144
0.726665 -0.686992 -0.000912235 52.1366
-0.272525 -0.285131 -0.918929 148.341
0.630167 0.668825 -0.394414 434.282
0.727063 -0.686566 -0.00259155 52.2301
-0.272661 -0.286614 -0.918427 148.217
0.629133 0.669107 -0.395584 434.324
0.727906 -0.685673 -0.00212117 52.2884
-0.272495 -0.285992 -0.91867 148.122
0.629937 0.668684 -0.39502 434.262
0.727273 -0.686345 -0.00205559 52.3065
-0.273009 -0.28528 -0.918739 148.042
0.629629 0.669073 -0.394853 434.306
0.727347 -0.686263 -0.00304244 52.3681
-0.272685 -0.286182 -0.918554 147.869
0.629605 0.668838 -0.395288 434.371
0.727489 -0.686116 -0.00220038 52.3326
-0.275072 -0.285674 -0.918001 147.748
0.62868 0.66896 -0.396553 434.399
0.727391 -0.686209 -0.00441427 52.4055
-0.274673 -0.287831 -0.917446 147.564
0.628051 0.668781 -0.397849 434.386
0.728084 -0.685482 -0.00292327 52.3331
-0.276026 -0.287038 -0.917289 147.501
0.627929 0.668687 -0.398199 434.51
0.727677 -0.685906 -0.00433551 52.2781
-0.274946 -0.285936 -0.917957 147.509
0.627757 0.669767 -0.396652 434.45
0.728234 -0.685312 -0.00465153 52.619
-0.274737 -0.285912 -0.918027 147.43
0.628047 0.669589 -0.396493 434.425
0.728063 -0.685496 -0.00439447 52.6247
-0.274118 -0.286567 -0.918008 147.312
0.627741 0.669846 -0.396544 434.471
0.728561 -0.684971 -0.00372652 52.7428
-0.273768 -0.286939 -0.917996 147.146
0.628523 0.669092 -0.396579 434.548
0.728018 -0.685552 -0.00282782 52.5876
-0.274468 -0.285846 -0.918128 147.014
0.628081 0.669696 -0.396261 434.519
0.728136 -0.68542 -0.0042759 52.9276
-0.271793 -0.285771 -0.918947 147.127
0.629503 0.669473 -0.394375 434.528
0.727911 -0.685669 -0.00206418 52.4863
-0.27162 -0.285325 -0.919137 147.017
0.629531 0.669707 -0.393932 434.54
0.727951 -0.685625 -0.00228461 52.7368
-0.27022 -0.283376 -0.920152 146.94
0.630498 0.670192 -0.391554 434.465
0.727636 -0.68596 -0.00243168 52.8197
-0.269657 -0.282127 -0.920701 146.828
0.630171 0.671256 -0.390257 434.474
0.728128 -0.685434 -0.00322028 52.8537
-0.269471 -0.282823 -0.920542 146.66
0.629745 0.671436 -0.390635 434.482
0.728565 -0.684971 -0.00282631 52.8705
-0.268293 -0.283325 -0.920731 146.57
0.630078 0.67138 -0.390194 434.413
0.728712 -0.684819 -0.00161021 52.9375
-0.26666 -0.281884 -0.921648 146.58
0.631356 0.671436 -0.388026 434.476
0.728205 -0.685358 -0.00107597 52.632
-0.267672 -0.282564 -0.921146 146.286
0.630117 0.671912 -0.389213 434.517
0.728906 -0.684611 -0.00180358 52.8408
-0.267883 -0.284279 -0.920556 146.121
0.628804 0.672333 -0.390607 434.519
0.729961 -0.683487 -0.00135109 53.1069
-0.266462 -0.279711 -0.922367 146.128
0.632306 0.671531 -0.38631 434.512
0.727452 -0.686155 -0.00207426 52.9929
-0.267318 -0.277857 -0.922679 146.095
0.631797 0.672448 -0.385546 434.582
0.72758 -0.68601 -0.00420852 53.0872
-0.267438 -0.280039 -0.921984 145.864
0.631121 0.672124 -0.387215 434.505
0.728123 -0.68544 -0.00301337 53.3366
-0.264911 -0.284239 -0.921428 145.895
0.630722 0.671731 -0.388546 434.491
0.729392 -0.684095 0.00132747 52.9092
-0.263909 -0.283859 -0.921833 145.74
0.631365 0.671683 -0.387582 434.436
0.729198 -0.6843 0.00195571 52.9811
-0.263416 -0.281952 -0.922559 145.627
0.632243 0.671852 -0.385854 434.471
0.728616 -0.684921 0.00128561 53.0433
-0.263004 -0.282585 -0.922483 145.622
0.631624 0.67233 -0.386034 434.525
0.729301 -0.684191 0.00166178 52.8924
-0.262461 -0.282582 -0.922639 145.616
0.631831 0.672351 -0.38566 434.447
0.729317 -0.684173 0.0020784 53.0104
-0.261842 -0.283384 -0.922568 145.442
0.631529 0.672542 -0.385823 434.464
0.729801 -0.683653 0.00286503 53.1155
-0.260385 -0.282632 -0.923211 145.344
0.632305 0.672697 -0.384277 434.487
0.729651 -0.683811 0.00354932 53.1603
-0.260367 -0.281957 -0.923423 145.26
0.632548 0.672758 -0.383771 434.559
0.729447 -0.68403 0.0031871 53.0032
-0.258998 -0.282461 -0.923653 145.209
0.632136 0.673466 -0.383207 434.532
0.73029 -0.683124 0.0041272 53.1319
-0.258609 -0.284342 -0.923185 145.077
0.631147 0.67376 -0.38432 434.625
0.731283 -0.682054 0.00522097 53.0253
-0.258243 -0.2824 -0.923884 144.918
0.631565 0.674318 -0.38265 434.573
0.731052 -0.682309 0.00421596 53.1062
-0.257618 -0.281246 -0.92441 144.904
0.631392 0.675197 -0.381383 434.514
0.731421 -0.681916 0.00363354 53.1367
-0.258227 -0.282571 -0.923836 144.636
0.630095 0.675623 -0.382772 434.676
0.732325 -0.680946 0.00358239 53.1614
-0.256198 -0.281999 -0.924575 144.619
0.6312 0.675611 -0.380968 434.461
0.732085 -0.681195 0.00490789 53.3883
-0.256672 -0.282478 -0.924297 144.262
0.630527 0.675857 -0.381645 434.601
0.732499 -0.680752 0.00463632 53.4443
-0.255468 -0.284152 -0.924118 144.254
0.630771 0.675401 -0.38205 434.562
0.73271 -0.680508 0.00669138 53.2866
-0.254624 -0.284098 -0.924367 144.076
0.630757 0.67576 -0.381438 434.54
0.733016 -0.680174 0.00713206 53.4058
-0.25437 -0.283339 -0.92467 143.951
0.631169 0.675788 -0.380705 434.554
0.732749 -0.680463 0.00693436 53.2735
-0.254684 -0.283096 -0.924658 143.921
0.630715 0.676189 -0.380745 434.582
0.733031 -0.680166 0.00633847 53.3538
-0.254908 -0.279525 -0.925682 143.867
0.631715 0.67664 -0.37828 434.568
0.732092 -0.681194 0.00409893 53.2351
-0.254589 -0.279267 -0.925848 143.79
0.631266 0.677283 -0.377876 434.572
0.73259 -0.68066 0.0038631 53.3582
-0.254993 -0.279599 -0.925637 143.504
0.631142 0.67711 -0.378394 434.592
0.732556 -0.680696 0.00380825 53.3594
-0.254218 -0.278876 -0.926068 143.458
0.631127 0.677712 -0.377339 434.566
0.732838 -0.680393 0.00371927 53.5086
-0.255176 -0.278066 -0.926048 143.381
0.630893 0.677897 -0.377399 434.543
0.732707 -0.68054 0.00244721 53.659
-0.254122 -0.278515 -0.926203 143.421
0.631488 0.67756 -0.377008 434.598
0.73256 -0.680692 0.00369607 53.3283
-0.255124 -0.278099 -0.926052 143.127
0.630578 0.678196 -0.377388 434.568
0.732996 -0.680229 0.00233859 53.5449
-0.254742 -0.279906 -0.925613 143.097
0.629994 0.678144 -0.378455 434.506
0.733631 -0.679539 0.00358718 53.6592
-0.253445 -0.281168 -0.925586 142.83
0.63049 0.67766 -0.378496 434.463
0.733654 -0.679501 0.00552366 53.6321
-0.253273 -0.28047 -0.925845 142.601
0.630932 0.6776 -0.377865 434.537
0.733333 -0.679849 0.00533991 53.6362
-0.253028 -0.279159 -0.926308 142.496
0.630647 0.678492 -0.376741 434.583
0.733663 -0.679499 0.00437315 53.6673
-0.252902 -0.280697 -0.925878 142.219
0.630003 0.678508 -0.377786 434.604
0.734259 -0.678849 0.00524352 53.6058
-0.252415 -0.281726 -0.925698 142.142
0.629832 0.67843 -0.378212 434.571
0.734573 -0.678501 0.00619429 53.7087
-0.250569 -0.282054 -0.9261 141.987
0.630287 0.678572 -0.377199 434.497
0.734816 -0.678223 0.00774623 53.8309
-0.251073 -0.280348 -0.926481 141.923
0.630902 0.678507 -0.376285 434.455
0.734115 -0.678994 0.00651706 53.8462
-0.252036 -0.280027 -0.926317 141.692
0.630057 0.679057 -0.376709 434.509
0.734511 -0.678577 0.00528598 53.8999
-0.252178 -0.279943 -0.926303 141.658
0.630506 0.678623 -0.37674 434.547
0.734076 -0.679046 0.00537201 53.8246
-0.251719 -0.28046 -0.926272 141.623
0.630255 0.678817 -0.37681 434.546
0.734449 -0.678638 0.00588989 53.873
-0.25268 -0.277935 -0.926771 141.459
0.630761 0.679014 -0.375608 434.481
0.733685 -0.679479 0.0037372 54.0475
-0.25247 -0.277389 -0.926992 141.42
0.631013 0.67908 -0.375064 434.57
0.733541 -0.679636 0.00358905 53.8325
-0.251126 -0.279229 -0.926805 141.248
0.630366 0.679437 -0.375505 434.47
0.734557 -0.678525 0.00539225 54.1269
-0.251177 -0.278667 -0.92696 141.309
0.630876 0.679174 -0.375125 434.492
0.734102 -0.67902 0.00521163 53.9364
-0.251971 -0.279617 -0.926458 141.206
0.630732 0.678625 -0.376359 434.47
0.733954 -0.679178 0.00536972 54.0311
-0.251598 -0.279999 -0.926444 141.165
0.631005 0.678356 -0.376384 434.464
0.733847 -0.679289 0.00600787 53.9918
-0.250425 -0.280474 -0.926618 141.156
0.631636 0.678021 -0.375931 434.476
0.733705 -0.679428 0.00736419 53.7927
-0.249023 -0.282704 -0.926319 140.93
0.631835 0.677458 -0.37661 434.532
0.734011 -0.679065 0.00991946 53.9703
-0.249271 -0.28422 -0.925788 140.903
0.631248 0.677289 -0.377896 434.553
0.734432 -0.6786 0.0105848 53.9407
-0.249252 -0.284551 -0.925691 140.824
0.63102 0.677372 -0.378128 434.499
0.734634 -0.678378 0.0107212 54.0054
-0.248028 -0.283731 -0.926272 140.756
0.63154 0.677687 -0.376693 434.451
0.734601 -0.678408 0.0111023 53.9569
-0.247362 -0.285598 -0.925876 140.714
0.631483 0.67723 -0.37761 434.463
0.734875 -0.678081 0.0128291 53.8685
-0.247274 -0.283907 -0.926419 140.714
0.631807 0.677652 -0.376308 434.414
0.734627 -0.678369 0.0118085 53.9289
-0.248576 -0.280951 -0.926972 140.58
0.632295 0.677911 -0.37502 434.426
0.733767 -0.67934 0.00913121 53.9678
-0.248106 -0.280643 -0.927191 140.549
0.632082 0.678408 -0.374479 434.419
0.734109 -0.678971 0.00907221 53.9698
-0.247264 -0.28069 -0.927402 140.531
0.632265 0.678534 -0.373942 434.441
0.734235 -0.678826 0.00969297 53.8387
-0.24591 -0.279004 -0.92827 140.358
0.632735 0.67928 -0.371786 434.338
0.734285 -0.678775 0.00949422 54.0888
-0.245677 -0.277019 -0.928926 140.567
0.633357 0.679584 -0.370168 434.282
0.733826 -0.679284 0.00849389 53.984
-0.245513 -0.278642 -0.928484 140.258
0.632326 0.679949 -0.371258 434.319
0.73477 -0.678253 0.00925636 54.1065
-0.245967 -0.278781 -0.928322 140.142
0.632046 0.679985 -0.37167 434.311
0.734859 -0.67816 0.00894858 53.8481
-0.248366 -0.280462 -0.927176 139.895
0.629436 0.680824 -0.374552 434.313
0.736291 -0.676624 0.00743948 54.1879
-0.246416 -0.281769 -0.9273 139.716
0.630472 0.680067 -0.374184 434.237
0.73606 -0.676842 0.0100682 54.1386
-0.247127 -0.281105 -0.927312 139.551
0.630562 0.679988 -0.374176 434.274
0.735744 -0.677197 0.00921076 54.2093
-0.246961 -0.280555 -0.927523 139.338
0.630937 0.679926 -0.373655 434.24
0.735478 -0.677487 0.00909723 54.1316
-0.245525 -0.282809 -0.92722 139.113
0.63086 0.679621 -0.37434 434.269
0.736025 -0.676856 0.0115487 54.1149
-0.24343 -0.282894 -0.927746 139.068
0.632362 0.678982 -0.372964 434.155
0.735432 -0.677462 0.0136071 54.1729
-0.244003 -0.281829 -0.92792 139.063
0.632484 0.679085 -0.372569 434.158
0.735137 -0.677802 0.0125535 54.2268
-0.24392 -0.282415 -0.927763 138.775
0.632113 0.679222 -0.372948 434.131
0.735483 -0.677421 0.0128423 54.4259
-0.245214 -0.282636 -0.927355 138.714
0.631347 0.679359 -0.373995 434.141
0.735712 -0.677191 0.0118534 54.3067
-0.245895 -0.283672 -0.926858 138.446
0.630159 0.679779 -0.375233 434.234
0.736502 -0.676336 0.0116041 54.3411
-0.245361 -0.282144 -0.927466 138.444
0.631387 0.679466 -0.373733 434.147
0.735628 -0.677289 0.0114271 54.1887
-0.24082 -0.282932 -0.928416 138.152
0.632874 0.679459 -0.371223 434.107
0.735851 -0.676968 0.0154334 54.2913
-0.238195 -0.283176 -0.929018 138.077
0.633544 0.679707 -0.369621 434.052
0.736128 -0.676616 0.0175016 54.1601
-0.237165 -0.28551 -0.928567 137.81
0.632868 0.679775 -0.370654 434.067
0.737042 -0.675567 0.0194715 54.3948
-0.236384 -0.285427 -0.928792 137.598
0.633949 0.679102 -0.370039 434.046
0.736364 -0.676278 0.020417 54.2961
-0.236729 -0.286817 -0.928275 137.568
0.633123 0.679179 -0.371311 434.082
0.736963 -0.675612 0.020809 54.3584
-0.236196 -0.287781 -0.928113 137.429
0.632823 0.679263 -0.371668 434.16
0.737392 -0.675117 0.0216754 54.3822
-0.23642 -0.286074 -0.928583 137.094
0.632444 0.68021 -0.370578 434.101
0.737645 -0.674889 0.0201108 54.64
-0.236326 -0.284498 -0.929092 136.934
0.632565 0.680762 -0.369357 434.043
0.737572 -0.674999 0.0190817 54.519
-0.234402 -0.285651 -0.929225 136.64
0.632919 0.680679 -0.368904 434.065
0.737881 -0.674596 0.0212415 54.5284
-0.231388 -0.287755 -0.929331 136.499
0.633751 0.680176 -0.368401 433.966
0.738119 -0.674208 0.024981 54.5739
-0.231605 -0.289915 -0.928605 136.287
0.633271 0.679677 -0.370144 434.061
0.738462 -0.673786 0.0261782 54.6451
-0.231228 -0.289979 -0.92868 136.108
0.633971 0.67915 -0.369913 434.028
0.73798 -0.674291 0.0267997 54.4969
-0.228325 -0.292384 -0.928644 135.826
0.634439 0.67882 -0.369716 433.978
0.738481 -0.673583 0.0305082 54.7611
-0.224759 -0.294298 -0.928909 135.644
0.635909 0.678012 -0.368673 433.942
0.738311 -0.673564 0.0347577 54.642
-0.223882 -0.295355 -0.928785 135.488
0.635866 0.677949 -0.368863 433.835
0.738614 -0.673165 0.0360251 54.6855
-0.221796 -0.295739 -0.929163 135.209
0.636359 0.678101 -0.367732 433.764
0.738819 -0.672843 0.0377958 54.7465
-0.221731 -0.295492 -0.929258 135.157
0.636681 0.677928 -0.367492 433.763
0.738561 -0.673125 0.0378166 54.7998
-0.221962 -0.296358 -0.928927 134.788
0.637077 0.677142 -0.368256 433.763
0.738151 -0.673536 0.0385028 54.889
-0.220648 -0.297738 -0.928799 134.821
0.637063 0.677082 -0.368389 433.798
0.738556 -0.672988 0.0402813 54.7586
-0.219648 -0.299802 -0.928371 134.517
0.636937 0.676738 -0.369238 433.867
0.738963 -0.672416 0.0423108 54.8015
-0.220061 -0.297527 -0.929005 134.431
0.637812 0.676695 -0.367805 433.801
0.738085 -0.67347 0.040852 54.9489
-0.219063 -0.301466 -0.927971 134.228
0.637616 0.67567 -0.370022 433.707
0.738551 -0.672747 0.0442049 54.8226
-0.219617 -0.305226 -0.92661 134.075
0.636712 0.674784 -0.373182 433.651
0.739166 -0.67194 0.0461474 54.7773
-0.217865 -0.305888 -0.926805 133.936
0.636731 0.67514 -0.372504 433.617
0.739668 -0.671281 0.0476789 54.8485
-0.218162 -0.30441 -0.927222 133.768
0.63722 0.675181 -0.371593 433.618
0.739159 -0.671911 0.0466775 54.9275
-0.215872 -0.306208 -0.927166 133.569
0.637982 0.674602 -0.371337 433.62
0.739174 -0.671677 0.0497274 54.7523
-0.213171 -0.306914 -0.927557 133.466
0.639411 0.674001 -0.369966 433.562
0.738723 -0.671957 0.0525666 54.8122
-0.211829 -0.3103 -0.926737 133.164
0.638468 0.673991 -0.371611 433.613
0.739924 -0.67041 0.0553459 55.0874
-0.208615 -0.311366 -0.927109 132.878
0.640397 0.672982 -0.370118 433.548
0.73917 -0.670929 0.0590041 54.9223
-0.207748 -0.31278 -0.926828 132.629
0.640402 0.672726 -0.370573 433.543
0.739409 -0.670528 0.0605472 55.1789
-0.204391 -0.316868 -0.926185 132.357
0.640667 0.672067 -0.371311 433.535
0.740115 -0.669269 0.0656424 55.214
-0.203877 -0.316642 -0.926376 132.226
0.641026 0.672019 -0.370778 433.54
0.739946 -0.669424 0.0659659 55.3571
-0.20339 -0.317194 -0.926294 132.077
0.641433 0.671606 -0.370822 433.519
0.739727 -0.669577 0.0668604 55.396
-0.201184 -0.318811 -0.92622 131.864
0.641942 0.671297 -0.370501 433.533
0.739889 -0.669119 0.0696042 55.2831
-0.197537 -0.320562 -0.926401 131.728
0.643384 0.670611 -0.36924 433.435
0.739619 -0.66897 0.0737734 55.2861
-0.198803 -0.320718 -0.926076 131.496
0.642781 0.670637 -0.370242 433.45
0.739804 -0.668869 0.0728269 55.596
-0.196379 -0.322544 -0.925959 131.312
0.643637 0.670009 -0.369891 433.496
0.739707 -0.66862 0.0760253 55.3154
-0.194836 -0.325214 -0.925351 131.285
0.64279 0.670262 -0.370905 433.534
0.740851 -0.667072 0.0784527 55.4988
-0.19291 -0.32487 -0.925875 131.096
0.644123 0.669892 -0.369257 433.436
0.740197 -0.66761 0.0800277 55.5035
-0.191063 -0.327873 -0.925199 130.755
0.643911 0.669547 -0.370249 433.428
0.74086 -0.666487 0.0831956 55.7264
-0.190858 -0.328895 -0.924879 130.713
0.64388 0.669241 -0.370859 433.468
0.74094 -0.666292 0.0840388 55.6795
-0.187747 -0.327753 -0.925921 130.666
0.645297 0.669539 -0.367845 433.414
0.740502 -0.666555 0.085794 55.6484
-0.18693 -0.328606 -0.925784 130.541
0.644875 0.669871 -0.36798 433.428
0.741076 -0.665801 0.0866909 55.6325
-0.187428 -0.329233 -0.92546 130.544
0.644487 0.669792 -0.368803 433.431
0.741288 -0.665571 0.0866484 55.7138
-0.187705 -0.328727 -0.925584 130.426
0.644841 0.669576 -0.368576 433.397
0.74091 -0.666038 0.0862939 55.7476
-0.186578 -0.330473 -0.92519 130.31
0.644987 0.669153 -0.369088 433.364
0.741067 -0.665599 0.0883016 55.7308
-0.186574 -0.333271 -0.924186 130.055
0.643892 0.669016 -0.371242 433.387
0.74202 -0.66434 0.0897693 55.8792
-0.187342 -0.335774 -0.923125 130.088
0.643323 0.668239 -0.373621 433.412
0.74232 -0.663862 0.0908217 55.7533
-0.187718 -0.337 -0.922601 129.931
0.643119 0.667787 -0.374777 433.445
0.742401 -0.663695 0.0913756 55.8069
-0.186935 -0.339445 -0.921863 129.608
0.642947 0.667231 -0.376062 433.372
0.742748 -0.663008 0.0935164 55.8416
-0.188419 -0.337255 -0.922365 129.632
0.642779 0.667734 -0.375456 433.35
0.742519 -0.66362 0.0909669 55.8408
-0.187927 -0.337789 -0.92227 129.462
0.643287 0.667241 -0.375462 433.356
0.742203 -0.663844 0.0919022 55.8485
-0.188017 -0.339416 -0.921654 129.237
0.642976 0.666822 -0.376736 433.416
0.74245 -0.663434 0.0928624 55.9268
-0.184776 -0.342631 -0.92112 128.976
0.643386 0.666324 -0.376916 433.406
0.742908 -0.662281 0.0973234 55.8233
-0.181583 -0.346299 -0.920383 128.911
0.644022 0.66542 -0.377428 433.42
0.743144 -0.661281 0.102195 55.7898
-0.181128 -0.345652 -0.920716 128.921
0.644598 0.665338 -0.376588 433.321
0.742756 -0.661702 0.102295 55.9903
-0.181438 -0.344634 -0.921036 128.718
0.645184 0.665118 -0.375972 433.317
0.742171 -0.662454 0.101675 56.1191
-0.181264 -0.346213 -0.920478 128.592
0.645677 0.664096 -0.376931 433.301
0.741784 -0.662656 0.103166 55.9573
-0.181077 -0.345329 -0.920847 128.302
0.646108 0.664141 -0.376113 433.211
0.741455 -0.663072 0.10286 56.1758
-0.179366 -0.345811 -0.921001 127.97
0.646759 0.663986 -0.375266 433.145
0.741303 -0.662976 0.10456 56.2966
-0.179321 -0.348718 -0.919913 127.815
0.645553 0.663891 -0.377505 433.241
0.742365 -0.661547 0.106067 56.3445
-0.178824 -0.345929 -0.921062 127.907
0.647711 0.663284 -0.374867 433.156
0.740603 -0.663617 0.105451 56.1892
-0.179291 -0.349154 -0.919754 127.435
0.646863 0.662554 -0.377612 433.124
0.74123 -0.662657 0.107065 56.4749
-0.17787 -0.351616 -0.919091 127.106
0.646879 0.662049 -0.378469 433.136
0.741559 -0.661859 0.109694 56.4583
-0.177023 -0.351492 -0.919302 127.176
0.647427 0.661921 -0.377754 433.115
0.741283 -0.662052 0.11039 56.3911
-0.174999 -0.35479 -0.918422 127.005
0.647307 0.661414 -0.378847 433.189
0.741868 -0.660799 0.113911 56.3651
-0.174091 -0.354869 -0.918564 126.901
0.648265 0.660861 -0.378174 433.154
0.741246 -0.661309 0.114999 56.1773
